27 0.33935546875 0.001953125 0.18505859375 0.0009765625 0.1884765625 0.056640625 0.33447265625 0.0341796875 0.33935546875 0.001953125
25 0.99951171875 0.7216796875 0.8818359375 0.6396484375 0.6552734375 0.51171875 0.6513671875 0.439453125 0.251953125 0.4384765625 0 0.53125 0.00048828125 0.9990234375 0.99951171875 0.9990234375 0.99951171875 0.7216796875
26 0 0.55859375 0.08984375 0.5263671875 0.19775390625 0.486328125 0.26123046875 0.46875 0.3154296875 0.4619140625 0.34033203125 0.4619140625 0.41943359375 0.4560546875 0.4794921875 0.453125 0.59130859375 0.4560546875 0.6474609375 0.4541015625 0.65234375 0.4443359375 0.451171875 0.43359375 0.22412109375 0.4375 0.0166015625 0.4736328125 0.00390625 0.4765625 0 0.4794921875 0 0.55859375
26 0.58447265625 0.5224609375 0.669921875 0.580078125 0.7783203125 0.6572265625 0.884765625 0.736328125 0.99951171875 0.8251953125 0.99951171875 0.5302734375 0.65771484375 0.466796875 0.6142578125 0.4736328125 0.578125 0.486328125 0.5576171875 0.4951171875 0.55859375 0.50390625 0.58447265625 0.5224609375
3 0.330078125 0 0.32958984375 0.00390625 0.3251953125 0.005859375 0.32373046875 0.00390625 0.32373046875 0.001953125 0.2724609375 0.0029296875 0.20458984375 0.0419921875 0.2060546875 0.1015625 0.20751953125 0.365234375 0.2578125 0.4560546875 0.357421875 0.4482421875 0.427734375 0.4462890625 0.52099609375 0.451171875 0.60888671875 0.453125 0.6455078125 0.451171875 0.64892578125 0.44921875 0.65478515625 0 0.330078125 0
3 0 0.5009765625 0.029296875 0.490234375 0.06884765625 0.48046875 0.12939453125 0.4677734375 0.1572265625 0.4619140625 0.22900390625 0.3212890625 0.2294921875 0.0966796875 0.234375 0.0966796875 0.234375 0.0830078125 0.22509765625 0.0595703125 0.212890625 0.046875 0.19775390625 0.03515625 0.1982421875 0.0009765625 0.00048828125 0.0009765625 0 0.5009765625
8 0.31396484375 0.396484375 0.31396484375 0.3916015625 0.2998046875 0.37890625 0.291015625 0.3837890625 0.28076171875 0.3779296875 0.26904296875 0.3857421875 0.271484375 0.39453125 0.30029296875 0.39453125 0.31396484375 0.396484375
37 0.279296875 0.4521484375 0.287109375 0.44921875 0.2880859375 0.3798828125 0.28955078125 0.3583984375 0.2939453125 0.34765625 0.29931640625 0.34765625 0.3125 0.34375 0.3203125 0.33203125 0.32373046875 0.3232421875 0.3271484375 0.318359375 0.3330078125 0.3212890625 0.3388671875 0.3212890625 0.3447265625 0.3251953125 0.3505859375 0.3173828125 0.35791015625 0.310546875 0.361328125 0.3017578125 0.36669921875 0.2958984375 0.37109375 0.2861328125 0.36767578125 0.279296875 0.3642578125 0.267578125 0.36181640625 0.2578125 0.35986328125 0.2529296875 0.3564453125 0.2470703125 0.353515625 0.244140625 0.349609375 0.234375 0.34619140625 0.224609375 0.3408203125 0.2138671875 0.3349609375 0.20703125 0.3291015625 0.208984375 0.322265625 0.20703125 0.318359375 0.205078125 0.31396484375 0.2001953125 0.31005859375 0.1962890625 0.3076171875 0.189453125 0.30419921875 0.177734375 0.30078125 0.171875 0.29541015625 0.1572265625 0.29345703125 0.1279296875 0.2861328125 0.1015625 0.27783203125 0.1015625 0.27001953125 0.1103515625 0.26513671875 0.1162109375 0.2587890625 0.1201171875 0.25244140625 0.1201171875 0.24560546875 0.1240234375 0.24365234375 0.1279296875 0.24365234375 0.1416015625 0.23974609375 0.1572265625 0.23974609375 0.1650390625 0.240234375 0.1806640625 0.25 0.193359375 0.2578125 0.1982421875 0.25537109375 0.20703125 0.25146484375 0.216796875 0.248046875 0.228515625 0.2421875 0.23828125 0.2421875 0.25 0.23974609375 0.263671875 0.23486328125 0.265625 0.22998046875 0.2685546875 0.2265625 0.2724609375 0.2265625 0.283203125 0.22412109375 0.29296875 0.22314453125 0.3037109375 0.22265625 0.3134765625 0.22509765625 0.3173828125 0.2353515625 0.326171875 0.25341796875 0.333984375 0.27294921875 0.341796875 0.275390625 0.3544921875 0.2783203125 0.361328125 0.27783203125 0.3720703125 0.27783203125 0.4150390625 0.279296875 0.4521484375
28 0.3349609375 0.0517578125 0.3330078125 0.0595703125 0.33447265625 0.06640625 0.33740234375 0.0693359375 0.3408203125 0.068359375 0.345703125 0.064453125 0.3466796875 0.0615234375 0.34521484375 0.056640625 0.3427734375 0.0517578125 0.34130859375 0.046875 0.34130859375 0.0390625 0.3388671875 0.0390625 0.3388671875 0.04296875 0.3349609375 0.0517578125
28 0.10546875 0.2705078125 0.09033203125 0.2685546875 0.08837890625 0.2666015625 0.08544921875 0.2646484375 0.0791015625 0.267578125 0.06201171875 0.2685546875 0.06201171875 0.291015625 0.10595703125 0.2890625 0.10546875 0.2705078125
8 0.02880859375 0.47265625 0.02978515625 0.4921875 0.03173828125 0.4970703125 0.03515625 0.5 0.03515625 0.4921875 0.03515625 0.470703125 0.05322265625 0.4638671875 0.05615234375 0.498046875 0.0576171875 0.5009765625 0.05810546875 0.4931640625 0.05712890625 0.45703125 0.05517578125 0.427734375 0.0322265625 0.4306640625 0.02978515625 0.4365234375 0.02880859375 0.47265625
17 0.0400390625 0.3701171875 0.0380859375 0.3759765625 0.037109375 0.384765625 0.03515625 0.3896484375 0.0302734375 0.40625 0.02734375 0.439453125 0.03076171875 0.4462890625 0.03466796875 0.4404296875 0.03662109375 0.4345703125 0.0380859375 0.44921875 0.0400390625 0.4638671875 0.04150390625 0.484375 0.04541015625 0.4990234375 0.05078125 0.501953125 0.05078125 0.4873046875 0.05322265625 0.4677734375 0.05322265625 0.4453125 0.05517578125 0.4404296875 0.0625 0.4384765625 0.06396484375 0.42578125 0.06396484375 0.4140625 0.060546875 0.4052734375 0.052734375 0.388671875 0.05029296875 0.380859375 0.04931640625 0.375 0.0478515625 0.37109375 0.044921875 0.3671875 0.04296875 0.3671875 0.0400390625 0.3701171875
17 0.16162109375 0.365234375 0.1572265625 0.3681640625 0.15625 0.376953125 0.1494140625 0.390625 0.1494140625 0.3994140625 0.15283203125 0.40625 0.1552734375 0.42578125 0.158203125 0.42578125 0.16552734375 0.37109375 0.1650390625 0.3662109375 0.16357421875 0.365234375 0.16162109375 0.365234375
28 0.35888671875 0.3681640625 0.359375 0.3525390625 0.34814453125 0.3525390625 0.34765625 0.3701171875 0.35888671875 0.3681640625
28 0.2841796875 0.451171875 0.29345703125 0.453125 0.30517578125 0.453125 0.3095703125 0.4462890625 0.30810546875 0.4267578125 0.302734375 0.4169921875 0.2998046875 0.4169921875 0.296875 0.4169921875 0.2958984375 0.4130859375 0.29248046875 0.4111328125 0.2880859375 0.41015625 0.2861328125 0.4140625 0.2841796875 0.41796875 0.28173828125 0.4140625 0.2783203125 0.4072265625 0.27001953125 0.4111328125 0.265625 0.4521484375 0.27294921875 0.455078125 0.2841796875 0.451171875
28 0.33056640625 0.4228515625 0.32275390625 0.423828125 0.32275390625 0.4501953125 0.328125 0.4482421875 0.33056640625 0.4228515625
17 0.32568359375 0.3984375 0.32470703125 0.412109375 0.3251953125 0.419921875 0.32568359375 0.4267578125 0.32763671875 0.4375 0.3232421875 0.447265625 0.32373046875 0.4541015625 0.32373046875 0.4560546875 0.3291015625 0.4599609375 0.333984375 0.4638671875 0.33935546875 0.3984375 0.3359375 0.3857421875 0.33203125 0.390625 0.3291015625 0.39453125 0.32763671875 0.3974609375 0.32568359375 0.3984375
18 0.3447265625 0.4150390625 0.34375 0.443359375 0.34814453125 0.451171875 0.35107421875 0.4541015625 0.3564453125 0.453125 0.3603515625 0.453125 0.3671875 0.4521484375 0.3681640625 0.44921875 0.36767578125 0.443359375 0.36669921875 0.4365234375 0.3681640625 0.4296875 0.36865234375 0.42578125 0.36865234375 0.4189453125 0.3681640625 0.4091796875 0.36572265625 0.4072265625 0.365234375 0.4033203125 0.36474609375 0.3974609375 0.36279296875 0.3935546875 0.35693359375 0.3935546875 0.353515625 0.3935546875 0.35009765625 0.3955078125 0.34619140625 0.3984375 0.345703125 0.4013671875 0.3447265625 0.4150390625
37 0.38916015625 0.38671875 0.3828125 0.384765625 0.37548828125 0.38671875 0.37548828125 0.3916015625 0.37548828125 0.3994140625 0.37646484375 0.4033203125 0.380859375 0.4111328125 0.3759765625 0.419921875 0.3759765625 0.4443359375 0.380859375 0.44921875 0.39111328125 0.44921875 0.40771484375 0.451171875 0.41357421875 0.44921875 0.416015625 0.4423828125 0.41552734375 0.42578125 0.4111328125 0.421875 0.40771484375 0.41796875 0.408203125 0.412109375 0.40966796875 0.400390625 0.40869140625 0.392578125 0.4052734375 0.38671875 0.40185546875 0.38671875 0.39794921875 0.38671875 0.39453125 0.38671875 0.39306640625 0.38671875 0.38916015625 0.38671875
17 0.3076171875 0.396484375 0.30615234375 0.400390625 0.3046875 0.408203125 0.3037109375 0.4189453125 0.3037109375 0.42578125 0.3056640625 0.431640625 0.3095703125 0.43359375 0.31298828125 0.439453125 0.314453125 0.3896484375 0.3115234375 0.3916015625 0.3076171875 0.39453125 0.3076171875 0.396484375
17 0.30859375 0.392578125 0.30859375 0.3994140625 0.30859375 0.404296875 0.30810546875 0.4150390625 0.3076171875 0.42578125 0.3076171875 0.431640625 0.31005859375 0.4443359375 0.3056640625 0.453125 0.30517578125 0.4609375 0.3056640625 0.470703125 0.30908203125 0.4755859375 0.3076171875 0.4775390625 0.3056640625 0.4814453125 0.3056640625 0.482421875 0.30810546875 0.4833984375 0.3125 0.484375 0.314453125 0.4775390625 0.3154296875 0.47265625 0.3154296875 0.4736328125 0.31640625 0.4814453125 0.31884765625 0.4814453125 0.32080078125 0.4775390625 0.32080078125 0.4716796875 0.32080078125 0.46875 0.31689453125 0.4638671875 0.3173828125 0.4560546875 0.31982421875 0.44140625 0.31982421875 0.423828125 0.31884765625 0.4052734375 0.31591796875 0.3984375 0.31591796875 0.38671875 0.3134765625 0.3857421875 0.31103515625 0.3876953125 0.30859375 0.392578125
17 0.33447265625 0.384765625 0.333984375 0.3896484375 0.33154296875 0.3955078125 0.3291015625 0.400390625 0.328125 0.40625 0.328125 0.4150390625 0.32861328125 0.4248046875 0.330078125 0.43359375 0.330078125 0.4541015625 0.33447265625 0.47265625 0.33544921875 0.4853515625 0.33740234375 0.4970703125 0.33935546875 0.5048828125 0.34228515625 0.5078125 0.345703125 0.5048828125 0.345703125 0.486328125 0.345703125 0.4716796875 0.3466796875 0.4677734375 0.34716796875 0.4599609375 0.34716796875 0.447265625 0.34716796875 0.4345703125 0.34814453125 0.423828125 0.34912109375 0.4091796875 0.34716796875 0.3984375 0.34375 0.396484375 0.341796875 0.388671875 0.34130859375 0.37890625 0.337890625 0.3779296875 0.33544921875 0.3779296875 0.33447265625 0.384765625
17 0.3681640625 0.4130859375 0.36865234375 0.42578125 0.37109375 0.447265625 0.373046875 0.4521484375 0.37841796875 0.451171875 0.37646484375 0.4453125 0.376953125 0.43359375 0.37744140625 0.42578125 0.37939453125 0.41015625 0.376953125 0.3994140625 0.37646484375 0.3955078125 0.375 0.3896484375 0.373046875 0.38671875 0.36962890625 0.3935546875 0.3681640625 0.40234375 0.3681640625 0.4130859375
17 0.3818359375 0.3955078125 0.3818359375 0.3994140625 0.3818359375 0.40234375 0.3779296875 0.4072265625 0.37646484375 0.4091796875 0.376953125 0.4140625 0.3798828125 0.4189453125 0.3798828125 0.423828125 0.3837890625 0.42578125 0.384765625 0.4384765625 0.38330078125 0.4501953125 0.38330078125 0.4560546875 0.3857421875 0.4560546875 0.38818359375 0.4560546875 0.390625 0.4345703125 0.39013671875 0.423828125 0.39306640625 0.4189453125 0.3935546875 0.4091796875 0.390625 0.4013671875 0.38720703125 0.3916015625 0.38623046875 0.3837890625 0.3837890625 0.384765625 0.3818359375 0.3857421875 0.3818359375 0.3955078125
19 0.40869140625 0.453125 0.40869140625 0.291015625 0.40625 0.291015625 0.4052734375 0.453125 0.40869140625 0.453125
31 0.41015625 0.30078125 0.39990234375 0.298828125 0.400390625 0.3115234375 0.41064453125 0.3125 0.41015625 0.30078125
30 0.4052734375 0.3427734375 0.40576171875 0.3720703125 0.412109375 0.3720703125 0.41259765625 0.365234375 0.41796875 0.3623046875 0.41796875 0.357421875 0.416015625 0.353515625 0.41748046875 0.3525390625 0.41796875 0.3447265625 0.4130859375 0.3447265625 0.41064453125 0.341796875 0.4052734375 0.3427734375
28 0.41650390625 0.390625 0.41650390625 0.3837890625 0.4072265625 0.3837890625 0.4072265625 0.390625 0.41650390625 0.390625
8 0.41748046875 0.3818359375 0.4169921875 0.388671875 0.4169921875 0.4033203125 0.41552734375 0.4189453125 0.41845703125 0.44140625 0.4228515625 0.4091796875 0.42578125 0.3779296875 0.42333984375 0.3779296875 0.4208984375 0.376953125 0.41748046875 0.3818359375
17 0.41259765625 0.42578125 0.41259765625 0.4384765625 0.41259765625 0.4521484375 0.416015625 0.453125 0.4189453125 0.453125 0.41845703125 0.4462890625 0.4208984375 0.400390625 0.419921875 0.3955078125 0.416015625 0.390625 0.41455078125 0.3916015625 0.4130859375 0.39453125 0.412109375 0.3984375 0.41015625 0.404296875 0.4111328125 0.416015625 0.41259765625 0.42578125
17 0.4189453125 0.39453125 0.41650390625 0.4013671875 0.41552734375 0.41796875 0.41650390625 0.4287109375 0.4169921875 0.4443359375 0.4189453125 0.4521484375 0.42333984375 0.4521484375 0.42578125 0.4521484375 0.42431640625 0.4404296875 0.42578125 0.4267578125 0.4267578125 0.421875 0.42529296875 0.40234375 0.42529296875 0.3916015625 0.42236328125 0.3857421875 0.419921875 0.3857421875 0.4189453125 0.39453125
18 0.61181640625 0.419921875 0.61181640625 0.43359375 0.61279296875 0.447265625 0.61669921875 0.44921875 0.62060546875 0.451171875 0.62255859375 0.4560546875 0.6259765625 0.4560546875 0.6298828125 0.4560546875 0.6298828125 0.4482421875 0.62890625 0.4384765625 0.62890625 0.421875 0.6298828125 0.41015625 0.62939453125 0.40234375 0.626953125 0.3955078125 0.62451171875 0.3974609375 0.62158203125 0.4013671875 0.619140625 0.400390625 0.61669921875 0.400390625 0.61474609375 0.4052734375 0.61376953125 0.4091796875 0.61181640625 0.419921875
8 0.64013671875 0.4453125 0.642578125 0.4453125 0.642578125 0.4541015625 0.6455078125 0.453125 0.64599609375 0.443359375 0.64501953125 0.408203125 0.64306640625 0.412109375 0.6376953125 0.4541015625 0.64013671875 0.4541015625 0.64013671875 0.4453125
28 0.6298828125 0 0.630859375 0.19921875 0.646484375 0.1943359375 0.650390625 0.0029296875 0.650390625 0 0.6298828125 0
3 0.64453125 0.4833984375 0.6640625 0.4912109375 0.74755859375 0.5087890625 0.84375 0.52734375 0.89990234375 0.5390625 0.99951171875 0.5625 0.99951171875 0.0009765625 0.6455078125 0 0.6455078125 0.0810546875 0.64453125 0.2548828125 0.6337890625 0.263671875 0.62939453125 0.2734375 0.63037109375 0.279296875 0.63623046875 0.2841796875 0.63623046875 0.3232421875 0.642578125 0.3232421875 0.6435546875 0.3359375 0.6435546875 0.376953125 0.64453125 0.4833984375
28 0.8515625 0.1494140625 0.7939453125 0.1416015625 0.79443359375 0.2109375 0.85205078125 0.2099609375 0.8515625 0.1494140625
28 0.89990234375 0.0869140625 0.837890625 0.0859375 0.8388671875 0.150390625 0.89990234375 0.1494140625 0.89990234375 0.0869140625
8 0.865234375 0.5400390625 0.87548828125 0.5458984375 0.90234375 0.5400390625 0.9033203125 0.5380859375 0.89794921875 0.51171875 0.90234375 0.509765625 0.90087890625 0.3994140625 0.86181640625 0.40625 0.86474609375 0.5126953125 0.87060546875 0.515625 0.865234375 0.5400390625
17 0.70166015625 0.376953125 0.69580078125 0.384765625 0.6923828125 0.408203125 0.6923828125 0.4345703125 0.6923828125 0.4521484375 0.68798828125 0.4638671875 0.681640625 0.482421875 0.68212890625 0.4873046875 0.68505859375 0.4970703125 0.68798828125 0.5009765625 0.69091796875 0.498046875 0.6904296875 0.494140625 0.68896484375 0.486328125 0.703125 0.447265625 0.7060546875 0.4541015625 0.703125 0.4931640625 0.7080078125 0.4921875 0.70703125 0.3720703125 0.70458984375 0.3720703125 0.7041015625 0.3720703125 0.70166015625 0.376953125
0 0.72412109375 0.4208984375 0.7216796875 0.439453125 0.71826171875 0.4541015625 0.71533203125 0.4794921875 0.71337890625 0.4970703125 0.71630859375 0.505859375 0.71826171875 0.505859375 0.72265625 0.4931640625 0.72509765625 0.4794921875 0.7255859375 0.4833984375 0.72900390625 0.486328125 0.73095703125 0.5009765625 0.7353515625 0.5078125 0.740234375 0.5078125 0.74365234375 0.501953125 0.7451171875 0.4873046875 0.7451171875 0.4677734375 0.74658203125 0.462890625 0.74658203125 0.453125 0.75 0.4462890625 0.751953125 0.431640625 0.74658203125 0.4296875 0.74462890625 0.42578125 0.740234375 0.4189453125 0.736328125 0.4150390625 0.73291015625 0.4150390625 0.7265625 0.4130859375 0.72265625 0.4130859375 0.7216796875 0.4072265625 0.7197265625 0.41015625 0.72021484375 0.4189453125 0.72412109375 0.4208984375
8 0.7568359375 0.5078125 0.7607421875 0.509765625 0.76513671875 0.509765625 0.77783203125 0.5126953125 0.7783203125 0.4658203125 0.77783203125 0.4580078125 0.7744140625 0.453125 0.7685546875 0.4501953125 0.76318359375 0.4501953125 0.75732421875 0.458984375 0.7568359375 0.4697265625 0.7568359375 0.5078125
19 0.6015625 0.4208984375 0.6015625 0.30078125 0.599609375 0.296875 0.59912109375 0.416015625 0.6015625 0.4208984375
31 0.61279296875 0.3115234375 0.6123046875 0.30078125 0.60009765625 0.3037109375 0.6005859375 0.3115234375 0.61279296875 0.3115234375
28 0.142578125 0.416015625 0.142578125 0.4658203125 0.15478515625 0.4638671875 0.1552734375 0.4150390625 0.142578125 0.416015625
31 0.60546875 0.31640625 0.5966796875 0.3173828125 0.59521484375 0.3330078125 0.60546875 0.3349609375 0.60546875 0.31640625
18 0.5244140625 0.4169921875 0.52392578125 0.4501953125 0.52783203125 0.455078125 0.537109375 0.453125 0.5439453125 0.455078125 0.55078125 0.4541015625 0.56005859375 0.4541015625 0.56982421875 0.455078125 0.57666015625 0.455078125 0.58447265625 0.453125 0.58740234375 0.4287109375 0.5859375 0.4111328125 0.58447265625 0.404296875 0.58203125 0.4013671875 0.5791015625 0.3984375 0.57470703125 0.3984375 0.5712890625 0.3984375 0.56787109375 0.3955078125 0.56298828125 0.3955078125 0.5576171875 0.3984375 0.55517578125 0.3974609375 0.55126953125 0.3974609375 0.5478515625 0.3984375 0.54345703125 0.3955078125 0.537109375 0.3935546875 0.53515625 0.39453125 0.53125 0.3916015625 0.52734375 0.3955078125 0.525390625 0.4033203125 0.5244140625 0.4169921875
19 0.47998046875 0.412109375 0.4794921875 0.3447265625 0.478515625 0.3427734375 0.478515625 0.4130859375 0.47998046875 0.412109375
30 0.474609375 0.3701171875 0.474609375 0.3779296875 0.48291015625 0.376953125 0.48388671875 0.373046875 0.48974609375 0.3701171875 0.48974609375 0.3603515625 0.486328125 0.361328125 0.48779296875 0.3583984375 0.48876953125 0.3525390625 0.48486328125 0.3525390625 0.482421875 0.3486328125 0.47216796875 0.349609375 0.470703125 0.35546875 0.470703125 0.3642578125 0.474609375 0.3701171875
17 0.44580078125 0.3994140625 0.443359375 0.4091796875 0.44287109375 0.4169921875 0.4423828125 0.435546875 0.44384765625 0.4501953125 0.44921875 0.453125 0.45166015625 0.416015625 0.44970703125 0.404296875 0.4482421875 0.396484375 0.44580078125 0.396484375 0.44580078125 0.3984375 0.44580078125 0.3994140625
17 0.45849609375 0.419921875 0.45947265625 0.4423828125 0.46142578125 0.4521484375 0.4638671875 0.4462890625 0.46484375 0.4306640625 0.46728515625 0.416015625 0.46630859375 0.40234375 0.46484375 0.3974609375 0.46337890625 0.3935546875 0.46044921875 0.3935546875 0.45947265625 0.3955078125 0.45849609375 0.419921875
17 0.46923828125 0.44140625 0.46923828125 0.4541015625 0.466796875 0.4609375 0.46728515625 0.4658203125 0.47119140625 0.474609375 0.47509765625 0.474609375 0.4765625 0.46484375 0.4794921875 0.40625 0.47900390625 0.3935546875 0.4765625 0.3876953125 0.474609375 0.3896484375 0.47265625 0.3916015625 0.4697265625 0.408203125 0.46826171875 0.4306640625 0.46923828125 0.44140625
17 0.49462890625 0.41015625 0.49267578125 0.4150390625 0.4912109375 0.4189453125 0.4921875 0.42578125 0.4931640625 0.4326171875 0.4931640625 0.447265625 0.4931640625 0.4541015625 0.49609375 0.4541015625 0.498046875 0.4541015625 0.4990234375 0.44140625 0.50048828125 0.42578125 0.50048828125 0.4140625 0.49853515625 0.4052734375 0.49853515625 0.3994140625 0.4951171875 0.3984375 0.49462890625 0.4033203125 0.49462890625 0.41015625
0 0.5 0.44140625 0.50244140625 0.4482421875 0.50390625 0.451171875 0.50830078125 0.44921875 0.51171875 0.4404296875 0.51513671875 0.447265625 0.5185546875 0.4521484375 0.5224609375 0.453125 0.52490234375 0.4482421875 0.525390625 0.443359375 0.525390625 0.439453125 0.52490234375 0.4306640625 0.5224609375 0.4287109375 0.5205078125 0.4248046875 0.513671875 0.4228515625 0.51123046875 0.41796875 0.5048828125 0.423828125 0.5009765625 0.4287109375 0.5 0.4345703125 0.5 0.44140625
17 0.50732421875 0.4091796875 0.50537109375 0.4130859375 0.50537109375 0.4208984375 0.5078125 0.42578125 0.50830078125 0.44140625 0.50537109375 0.4482421875 0.5068359375 0.451171875 0.51123046875 0.453125 0.5107421875 0.443359375 0.513671875 0.447265625 0.51416015625 0.453125 0.515625 0.4501953125 0.517578125 0.4443359375 0.51318359375 0.4345703125 0.51318359375 0.431640625 0.51318359375 0.42578125 0.513671875 0.412109375 0.51171875 0.4033203125 0.51025390625 0.40234375 0.5078125 0.404296875 0.50732421875 0.4091796875
17 0.47802734375 0.4072265625 0.4765625 0.416015625 0.47509765625 0.4443359375 0.4765625 0.4501953125 0.48193359375 0.4453125 0.48486328125 0.453125 0.48681640625 0.453125 0.48828125 0.4375 0.48876953125 0.404296875 0.486328125 0.3984375 0.48583984375 0.388671875 0.48291015625 0.3916015625 0.4814453125 0.3994140625 0.47802734375 0.4072265625
19 0.4853515625 0.453125 0.490234375 0.34765625 0.48876953125 0.3447265625 0.48388671875 0.453125 0.4853515625 0.453125
17 0.4716796875 0.4140625 0.470703125 0.4306640625 0.470703125 0.4404296875 0.47119140625 0.447265625 0.47119140625 0.4560546875 0.4755859375 0.4697265625 0.470703125 0.478515625 0.47216796875 0.4814453125 0.4765625 0.482421875 0.48095703125 0.4814453125 0.4833984375 0.4794921875 0.48291015625 0.466796875 0.4814453125 0.4580078125 0.4814453125 0.4501953125 0.48193359375 0.4404296875 0.48046875 0.4150390625 0.4765625 0.3984375 0.4736328125 0.39453125 0.470703125 0.3994140625 0.470703125 0.4033203125 0.4716796875 0.4140625
34 0.1708984375 0.337890625 0.16796875 0.3525390625 0.16162109375 0.3896484375 0.15771484375 0.408203125 0.15478515625 0.423828125 0.1533203125 0.4541015625 0.154296875 0.474609375 0.15673828125 0.4931640625 0.16015625 0.5 0.16357421875 0.501953125 0.1708984375 0.498046875 0.17236328125 0.4892578125 0.1748046875 0.4892578125 0.1806640625 0.48828125 0.18408203125 0.486328125 0.19580078125 0.4873046875 0.19921875 0.48828125 0.2041015625 0.48828125 0.212890625 0.4892578125 0.2177734375 0.5 0.22216796875 0.5048828125 0.22900390625 0.5048828125 0.232421875 0.498046875 0.23291015625 0.4853515625 0.2421875 0.4794921875 0.251953125 0.4775390625 0.25244140625 0.484375 0.25341796875 0.490234375 0.25927734375 0.4912109375 0.26171875 0.490234375 0.263671875 0.4814453125 0.26416015625 0.474609375 0.26953125 0.470703125 0.27294921875 0.466796875 0.2734375 0.4560546875 0.2744140625 0.32421875 0.24658203125 0.310546875 0.17138671875 0.306640625 0.171875 0.31640625 0.171875 0.322265625 0.1708984375 0.337890625
28 0.01513671875 0.2548828125 0.01708984375 0.228515625 0 0.2294921875 0.00146484375 0.2529296875 0.01513671875 0.2548828125
8 0.58447265625 0.5068359375 0.5859375 0.5078125 0.5859375 0.4970703125 0.587890625 0.498046875 0.58935546875 0.5078125 0.59130859375 0.5087890625 0.59130859375 0.498046875 0.5947265625 0.4970703125 0.6083984375 0.4951171875 0.609375 0.505859375 0.611328125 0.505859375 0.611328125 0.49609375 0.61376953125 0.4970703125 0.6142578125 0.505859375 0.61572265625 0.5048828125 0.611328125 0.41796875 0.60693359375 0.4091796875 0.60205078125 0.40234375 0.59521484375 0.4013671875 0.58984375 0.4091796875 0.58544921875 0.42578125 0.58447265625 0.4736328125 0.58447265625 0.4814453125 0.58447265625 0.4921875 0.58447265625 0.5068359375
28 0.63330078125 0.154296875 0.6708984375 0.1552734375 0.6708984375 0.1494140625 0.66796875 0.1494140625 0.66845703125 0.0927734375 0.671875 0.091796875 0.671875 0.0859375 0.66796875 0.0859375 0.66455078125 0.0849609375 0.634765625 0.0849609375 0.63330078125 0.154296875
17 0.45166015625 0.39453125 0.451171875 0.3994140625 0.451171875 0.4091796875 0.44873046875 0.4208984375 0.44775390625 0.431640625 0.44921875 0.4443359375 0.45166015625 0.46875 0.44921875 0.48046875 0.45166015625 0.4833984375 0.4560546875 0.4814453125 0.4560546875 0.46484375 0.4599609375 0.470703125 0.4609375 0.474609375 0.4609375 0.4814453125 0.462890625 0.4814453125 0.46484375 0.478515625 0.46484375 0.4677734375 0.462890625 0.4619140625 0.45654296875 0.4541015625 0.4599609375 0.4404296875 0.45947265625 0.427734375 0.458984375 0.408203125 0.45703125 0.3916015625 0.455078125 0.3916015625 0.45263671875 0.3916015625 0.45166015625 0.39453125
28 0.47509765625 0.1318359375 0.47216796875 0.130859375 0.47021484375 0.1357421875 0.4697265625 0.1435546875 0.4716796875 0.1455078125 0.474609375 0.1494140625 0.47607421875 0.14453125 0.478515625 0.142578125 0.47509765625 0.1318359375
13 0.17431640625 0.474609375 0.1953125 0.4765625 0.1953125 0.4658203125 0.17431640625 0.46484375 0.17431640625 0.474609375
9 0.8076171875 0.9541015625 0.671875 0.9345703125 0.56689453125 0.9228515625 0.58349609375 0.9091796875 0.59033203125 0.8759765625 0.587890625 0.8466796875 0.57373046875 0.82421875 0.55517578125 0.82421875 0.541015625 0.8408203125 0.53515625 0.875 0.54296875 0.91015625 0.5576171875 0.9248046875 0.5283203125 0.927734375 0.40087890625 0.943359375 0.26806640625 0.9697265625 0.18896484375 0.9853515625 0.13232421875 0.9990234375 0.990234375 0.9990234375 0.91943359375 0.978515625 0.8076171875 0.9541015625