25 0 0.9990234375 0.99951171875 0.9990234375 0.99951171875 0.390625 0.029296875 0.373046875 0 0.3720703125 0 0.9990234375
27 0.28125 0 0.28564453125 0.0439453125 0.326171875 0.2392578125 0.38134765625 0.3017578125 0.45849609375 0.3662109375 0.52734375 0.3798828125 0.6201171875 0.3291015625 0.6884765625 0.138671875 0.70849609375 0.0078125 0.70947265625 0 0.28125 0
26 0 0.609375 0.087890625 0.576171875 0.10498046875 0.5693359375 0.05615234375 0.5693359375 0 0.5712890625 0 0.609375
26 0.3046875 0.4716796875 0.34033203125 0.4697265625 0.36767578125 0.466796875 0.41357421875 0.451171875 0.46142578125 0.443359375 0.47412109375 0.44140625 0.4931640625 0.435546875 0.49755859375 0.4326171875 0.494140625 0.4296875 0.4921875 0.427734375 0.49853515625 0.42578125 0.501953125 0.423828125 0.5048828125 0.421875 0.50341796875 0.4189453125 0.484375 0.4208984375 0.46728515625 0.4267578125 0.42626953125 0.4296875 0.3701171875 0.43359375 0.294921875 0.4365234375 0.04345703125 0.439453125 0.005859375 0.44921875 0.009765625 0.482421875 0.05615234375 0.482421875 0.173828125 0.48046875 0.23876953125 0.4775390625 0.3046875 0.4716796875
3 0 0 0 0.46875 0.00439453125 0.46875 0.03076171875 0.470703125 0.138671875 0.46875 0.18017578125 0.466796875 0.29833984375 0.462890625 0.3125 0.4580078125 0.32470703125 0.455078125 0.3564453125 0.4521484375 0.361328125 0.4453125 0.39990234375 0.443359375 0.4169921875 0.439453125 0.43994140625 0.435546875 0.44580078125 0.435546875 0.4541015625 0.4345703125 0.46484375 0.431640625 0.4794921875 0.42578125 0.4951171875 0.4248046875 0.5107421875 0.4248046875 0.5322265625 0.4228515625 0.5361328125 0.4228515625 0.5693359375 0.4326171875 0.5966796875 0.443359375 0.71142578125 0.46484375 0.73095703125 0.4599609375 0.97705078125 0.4541015625 0.99951171875 0.458984375 0.99951171875 0 0.65625 0 0.65478515625 0.009765625 0.65625 0.0107421875 0.65478515625 0.0146484375 0.65478515625 0.03125 0.650390625 0.0302734375 0.64892578125 0.0390625 0.64990234375 0.046875 0.646484375 0.0458984375 0.64453125 0.0537109375 0.64501953125 0.0634765625 0.64208984375 0.0634765625 0.638671875 0.07421875 0.638671875 0.12109375 0.6357421875 0.12890625 0.63720703125 0.1357421875 0.6376953125 0.1611328125 0.63427734375 0.1630859375 0.63037109375 0.169921875 0.63232421875 0.17578125 0.62646484375 0.181640625 0.62255859375 0.1923828125 0.623046875 0.19921875 0.619140625 0.2001953125 0.61767578125 0.2080078125 0.619140625 0.2109375 0.61181640625 0.2216796875 0.61279296875 0.228515625 0.6123046875 0.2314453125 0.609375 0.23046875 0.60498046875 0.240234375 0.58447265625 0.240234375 0.5771484375 0.267578125 0.58349609375 0.267578125 0.58349609375 0.28515625 0.58544921875 0.3203125 0.55419921875 0.337890625 0.53662109375 0.3388671875 0.49951171875 0.3359375 0.48388671875 0.3330078125 0.48095703125 0.326171875 0.482421875 0.3154296875 0.48046875 0.3037109375 0.4755859375 0.2998046875 0.4423828125 0.302734375 0.44091796875 0.2548828125 0.41796875 0.21875 0.388671875 0.220703125 0.38623046875 0.2177734375 0.37548828125 0.2197265625 0.369140625 0.2099609375 0.3671875 0.2099609375 0.36083984375 0.2099609375 0.3486328125 0.201171875 0.34326171875 0.19921875 0.3408203125 0.0927734375 0.34326171875 0.0849609375 0.34619140625 0.0830078125 0.3427734375 0.0751953125 0.3427734375 0.0712890625 0.33447265625 0.056640625 0.3369140625 0.056640625 0.3369140625 0.02734375 0.33349609375 0.02734375 0.33349609375 0.0224609375 0.32275390625 0 0 0
26 0.12353515625 0.5478515625 0.111328125 0.54296875 0.0771484375 0.544921875 0.0302734375 0.5546875 0.0068359375 0.5615234375 0.0107421875 0.5732421875 0.10693359375 0.5703125 0.1181640625 0.564453125 0.1240234375 0.55859375 0.12353515625 0.5478515625
28 0.03271484375 0.3037109375 0.03076171875 0.259765625 0.01220703125 0.2587890625 0.0146484375 0.302734375 0.03271484375 0.3037109375
11 0.12353515625 0.5478515625 0.111328125 0.54296875 0.0771484375 0.544921875 0.0302734375 0.5546875 0.0068359375 0.5615234375 0.0107421875 0.5732421875 0.10693359375 0.5703125 0.1181640625 0.564453125 0.1240234375 0.55859375 0.12353515625 0.5478515625
30 0.02490234375 0.267578125 0.00634765625 0.265625 0.00634765625 0.3095703125 0.02490234375 0.310546875 0.02490234375 0.267578125
30 0.02197265625 0.2626953125 0.0234375 0.259765625 0.02880859375 0.2578125 0.0283203125 0.2509765625 0.0390625 0.244140625 0.0400390625 0.2373046875 0.03857421875 0.2275390625 0.037109375 0.2265625 0.0283203125 0.2265625 0.0283203125 0.2158203125 0.0390625 0.208984375 0.0390625 0.2021484375 0.0380859375 0.1923828125 0.0341796875 0.1923828125 0.0283203125 0.1923828125 0.02783203125 0.1884765625 0.02294921875 0.1884765625 0.02294921875 0.1826171875 0.01416015625 0.181640625 0.00439453125 0.181640625 0.00732421875 0.2646484375 0.02197265625 0.2626953125
30 0 0.3076171875 0.00341796875 0.30859375 0.009765625 0.3076171875 0.01318359375 0.3076171875 0.01416015625 0.1806640625 0 0.181640625 0 0.3076171875
19 0 0.5927734375 0.01318359375 0.5908203125 0.005859375 0.1865234375 0.0048828125 0.126953125 0.00927734375 0.1259765625 0.00732421875 0.1083984375 0 0.107421875 0 0.5927734375
28 0.0556640625 0.4765625 0.076171875 0.486328125 0.080078125 0.4833984375 0.08447265625 0.4677734375 0.08642578125 0.45703125 0.0849609375 0.443359375 0.0810546875 0.431640625 0.0712890625 0.423828125 0.0556640625 0.43359375 0.0517578125 0.443359375 0.05029296875 0.45703125 0.052734375 0.4697265625 0.0556640625 0.4765625
19 0.048828125 0 0.0546875 0.55859375 0.08251953125 0.5576171875 0.07080078125 0 0.048828125 0
19 0.16748046875 0.166015625 0.17138671875 0.474609375 0.18017578125 0.4755859375 0.1748046875 0.1650390625 0.16748046875 0.166015625
28 0.4169921875 0.1572265625 0.4150390625 0.150390625 0.40478515625 0.1513671875 0.40380859375 0.158203125 0.408203125 0.1630859375 0.416015625 0.162109375 0.4169921875 0.1572265625
30 0.30322265625 0.31640625 0.3046875 0.314453125 0.302734375 0.310546875 0.302734375 0.3037109375 0.3046875 0.2998046875 0.302734375 0.298828125 0.302734375 0.291015625 0.30419921875 0.287109375 0.302734375 0.2861328125 0.30224609375 0.28125 0.29736328125 0.2783203125 0.296875 0.3212890625 0.302734375 0.3203125 0.30322265625 0.31640625
28 0.3046875 0.3212890625 0.29052734375 0.3212890625 0.29833984375 0.3466796875 0.3046875 0.3212890625
19 0.294921875 0.2734375 0.296875 0.4658203125 0.2998046875 0.466796875 0.29833984375 0.2734375 0.294921875 0.2734375
30 0.30126953125 0.3642578125 0.306640625 0.357421875 0.2998046875 0.3505859375 0.2978515625 0.3515625 0.29833984375 0.3642578125 0.30126953125 0.3642578125
37 0.3818359375 0.4462890625 0.38037109375 0.41015625 0.3798828125 0.3935546875 0.38232421875 0.3876953125 0.38525390625 0.384765625 0.38525390625 0.37890625 0.3857421875 0.3740234375 0.38916015625 0.3701171875 0.38818359375 0.365234375 0.38525390625 0.359375 0.38037109375 0.361328125 0.37255859375 0.3603515625 0.3671875 0.361328125 0.36376953125 0.36328125 0.35986328125 0.3662109375 0.3583984375 0.3681640625 0.3564453125 0.3720703125 0.35693359375 0.451171875 0.3603515625 0.44921875 0.37060546875 0.44921875 0.3818359375 0.4462890625
28 0.369140625 0.416015625 0.35888671875 0.4150390625 0.359375 0.4501953125 0.36328125 0.451171875 0.3701171875 0.44921875 0.369140625 0.416015625
10 0.39599609375 0.404296875 0.38134765625 0.4013671875 0.38232421875 0.4462890625 0.39794921875 0.4443359375 0.39599609375 0.404296875
19 0.3828125 0.4482421875 0.37939453125 0.2880859375 0.37451171875 0.287109375 0.3779296875 0.4482421875 0.3828125 0.4482421875
28 0.44482421875 0.24609375 0.4443359375 0.251953125 0.44091796875 0.248046875 0.43994140625 0.25 0.4404296875 0.2841796875 0.4443359375 0.279296875 0.44482421875 0.283203125 0.447265625 0.2802734375 0.4482421875 0.2841796875 0.4521484375 0.2783203125 0.45166015625 0.25 0.44775390625 0.2470703125 0.447265625 0.25 0.44482421875 0.24609375
28 0.42919921875 0.283203125 0.43115234375 0.28515625 0.43603515625 0.28515625 0.43603515625 0.251953125 0.43212890625 0.25 0.4296875 0.2529296875 0.42919921875 0.283203125
28 0.44189453125 0.25 0.44384765625 0.244140625 0.4453125 0.2470703125 0.4482421875 0.2451171875 0.44873046875 0.2470703125 0.45263671875 0.2431640625 0.45166015625 0.2373046875 0.44970703125 0.234375 0.44775390625 0.236328125 0.4453125 0.234375 0.4443359375 0.2373046875 0.44091796875 0.2353515625 0.43994140625 0.240234375 0.43994140625 0.248046875 0.44189453125 0.25
28 0.44287109375 0.2041015625 0.44287109375 0.2236328125 0.4501953125 0.2236328125 0.45068359375 0.203125 0.44287109375 0.2041015625
28 0.44091796875 0.234375 0.443359375 0.228515625 0.44287109375 0.2236328125 0.43359375 0.2236328125 0.43310546875 0.2294921875 0.43603515625 0.2353515625 0.44091796875 0.234375
19 0.39306640625 0.21484375 0.39697265625 0.4453125 0.39990234375 0.4443359375 0.3955078125 0.2158203125 0.39306640625 0.21484375
19 0.33984375 0.271484375 0.451171875 0.265625 0.45068359375 0.2607421875 0.33349609375 0.2666015625 0.3330078125 0.1650390625 0.3291015625 0.1650390625 0.33154296875 0.45703125 0.3349609375 0.45703125 0.33349609375 0.283203125 0.33984375 0.271484375
28 0.4677734375 0.2724609375 0.46630859375 0.2705078125 0.46044921875 0.2705078125 0.46044921875 0.2744140625 0.46142578125 0.279296875 0.46630859375 0.279296875 0.4677734375 0.2724609375
26 0.927734375 0.4453125 0.748046875 0.4521484375 0.72509765625 0.4619140625 0.73193359375 0.46875 0.76025390625 0.46875 0.7939453125 0.4716796875 0.861328125 0.474609375 0.97705078125 0.4736328125 0.99951171875 0.474609375 0.99951171875 0.4423828125 0.927734375 0.4453125
26 0.9208984375 0.611328125 0.94580078125 0.6259765625 0.99658203125 0.650390625 0.99951171875 0.654296875 0.99951171875 0.548828125 0.99072265625 0.548828125 0.94384765625 0.5595703125 0.91259765625 0.5712890625 0.90283203125 0.578125 0.900390625 0.5908203125 0.9072265625 0.6015625 0.9208984375 0.611328125
37 0.5009765625 0.390625 0.49853515625 0.3984375 0.50048828125 0.4052734375 0.50439453125 0.408203125 0.5087890625 0.4091796875 0.51220703125 0.4052734375 0.5146484375 0.4013671875 0.515625 0.396484375 0.51513671875 0.388671875 0.51220703125 0.3828125 0.50927734375 0.3837890625 0.50634765625 0.384765625 0.5009765625 0.390625
37 0.5048828125 0.33203125 0.50146484375 0.3310546875 0.49951171875 0.3310546875 0.49462890625 0.333984375 0.4921875 0.3271484375 0.48828125 0.328125 0.48583984375 0.3330078125 0.4853515625 0.3349609375 0.486328125 0.34375 0.48681640625 0.3369140625 0.4912109375 0.3388671875 0.49462890625 0.3447265625 0.5 0.3369140625 0.5087890625 0.337890625 0.50830078125 0.3310546875 0.5048828125 0.33203125
19 0.45458984375 0.298828125 0.455078125 0.310546875 0.45654296875 0.4365234375 0.458984375 0.4365234375 0.4560546875 0.298828125 0.45458984375 0.298828125
37 0.45751953125 0.328125 0.455078125 0.330078125 0.45458984375 0.3349609375 0.45263671875 0.3359375 0.45068359375 0.3369140625 0.451171875 0.337890625 0.45166015625 0.341796875 0.44921875 0.34375 0.44873046875 0.349609375 0.4482421875 0.353515625 0.447265625 0.357421875 0.447265625 0.361328125 0.44677734375 0.3642578125 0.447265625 0.3681640625 0.44873046875 0.373046875 0.45068359375 0.37890625 0.45263671875 0.380859375 0.45361328125 0.3818359375 0.455078125 0.3896484375 0.455078125 0.3935546875 0.45703125 0.392578125 0.45849609375 0.4169921875 0.45947265625 0.412109375 0.46142578125 0.4072265625 0.46240234375 0.4013671875 0.4638671875 0.3984375 0.46533203125 0.3974609375 0.4658203125 0.43359375 0.46923828125 0.4296875 0.46923828125 0.4208984375 0.47021484375 0.3974609375 0.470703125 0.3955078125 0.47119140625 0.39453125 0.474609375 0.3955078125 0.47509765625 0.3974609375 0.4765625 0.4140625 0.4765625 0.4208984375 0.47802734375 0.4208984375 0.4775390625 0.4072265625 0.4775390625 0.3984375 0.47998046875 0.3955078125 0.48046875 0.396484375 0.4814453125 0.400390625 0.482421875 0.404296875 0.4833984375 0.4189453125 0.48486328125 0.4189453125 0.484375 0.412109375 0.4853515625 0.4052734375 0.48681640625 0.4052734375 0.4873046875 0.4111328125 0.490234375 0.408203125 0.49462890625 0.4052734375 0.49853515625 0.3994140625 0.50146484375 0.396484375 0.50439453125 0.3896484375 0.5048828125 0.380859375 0.5 0.3671875 0.4970703125 0.3701171875 0.49609375 0.361328125 0.49462890625 0.3564453125 0.49267578125 0.3583984375 0.490234375 0.3525390625 0.490234375 0.34765625 0.48876953125 0.3427734375 0.48583984375 0.3349609375 0.4833984375 0.328125 0.482421875 0.3232421875 0.482421875 0.3154296875 0.4814453125 0.3125 0.47705078125 0.3056640625 0.47607421875 0.30859375 0.474609375 0.3173828125 0.47265625 0.3115234375 0.4716796875 0.3017578125 0.46826171875 0.298828125 0.4658203125 0.3056640625 0.46435546875 0.3095703125 0.46142578125 0.3134765625 0.46142578125 0.318359375 0.4619140625 0.3212890625 0.4609375 0.3232421875 0.45751953125 0.328125
7 0.46826171875 0.4228515625 0.4658203125 0.431640625 0.4677734375 0.4375 0.47265625 0.4384765625 0.47705078125 0.4384765625 0.47998046875 0.4384765625 0.4833984375 0.4384765625 0.48828125 0.4375 0.4921875 0.435546875 0.4931640625 0.431640625 0.494140625 0.4267578125 0.494140625 0.4228515625 0.49267578125 0.4189453125 0.490234375 0.4169921875 0.478515625 0.4169921875 0.4755859375 0.41796875 0.46923828125 0.4189453125 0.46826171875 0.4228515625
37 0.57275390625 0.2900390625 0.57275390625 0.2939453125 0.5693359375 0.29296875 0.56884765625 0.296875 0.5703125 0.30078125 0.56884765625 0.3037109375 0.568359375 0.3056640625 0.568359375 0.310546875 0.56689453125 0.310546875 0.56640625 0.310546875 0.56591796875 0.3154296875 0.564453125 0.318359375 0.56591796875 0.3203125 0.56689453125 0.322265625 0.56396484375 0.326171875 0.5625 0.3291015625 0.5615234375 0.3310546875 0.56005859375 0.328125 0.55908203125 0.328125 0.5556640625 0.330078125 0.55322265625 0.33203125 0.5498046875 0.3310546875 0.544921875 0.333984375 0.541015625 0.3359375 0.5380859375 0.333984375 0.5361328125 0.333984375 0.5341796875 0.3349609375 0.53369140625 0.337890625 0.53564453125 0.341796875 0.53759765625 0.341796875 0.5390625 0.3388671875 0.54833984375 0.3388671875 0.556640625 0.3388671875 0.5546875 0.3408203125 0.5537109375 0.34765625 0.556640625 0.3505859375 0.56005859375 0.349609375 0.55859375 0.357421875 0.55322265625 0.359375 0.5498046875 0.3623046875 0.54541015625 0.3759765625 0.54443359375 0.3837890625 0.54443359375 0.39453125 0.5458984375 0.40234375 0.548828125 0.4052734375 0.55224609375 0.4052734375 0.55419921875 0.4033203125 0.55517578125 0.3994140625 0.55908203125 0.3994140625 0.560546875 0.4013671875 0.5625 0.4052734375 0.5654296875 0.4013671875 0.56787109375 0.400390625 0.5712890625 0.396484375 0.57421875 0.390625 0.5771484375 0.3876953125 0.57958984375 0.3857421875 0.58349609375 0.384765625 0.58544921875 0.384765625 0.58642578125 0.419921875 0.5888671875 0.419921875 0.58935546875 0.38671875 0.59130859375 0.3857421875 0.5947265625 0.3837890625 0.595703125 0.3896484375 0.59765625 0.3857421875 0.5986328125 0.3779296875 0.60302734375 0.3720703125 0.60498046875 0.3701171875 0.61083984375 0.3681640625 0.611328125 0.3564453125 0.61083984375 0.34375 0.6083984375 0.3349609375 0.60546875 0.3310546875 0.60595703125 0.3232421875 0.6015625 0.3193359375 0.60009765625 0.3095703125 0.60009765625 0.2998046875 0.5966796875 0.2890625 0.59326171875 0.29296875 0.5927734375 0.2900390625 0.5927734375 0.2841796875 0.59033203125 0.27734375 0.58935546875 0.2724609375 0.583984375 0.2724609375 0.57958984375 0.2685546875 0.57763671875 0.267578125 0.5771484375 0.271484375 0.5751953125 0.2744140625 0.57568359375 0.279296875 0.576171875 0.287109375 0.572265625 0.283203125 0.57275390625 0.2900390625
28 0.57080078125 0.2275390625 0.57080078125 0.2236328125 0.56201171875 0.2236328125 0.56103515625 0.228515625 0.5625 0.2333984375 0.5693359375 0.232421875 0.57080078125 0.2275390625
28 0.5615234375 0.2724609375 0.56103515625 0.2685546875 0.55517578125 0.2685546875 0.55419921875 0.271484375 0.5556640625 0.2763671875 0.56005859375 0.2763671875 0.5615234375 0.2724609375
5 0.50390625 0.42578125 0.5068359375 0.4267578125 0.5087890625 0.4267578125 0.51025390625 0.4248046875 0.5107421875 0.4228515625 0.5107421875 0.4189453125 0.5107421875 0.416015625 0.51025390625 0.412109375 0.50537109375 0.412109375 0.50390625 0.41796875 0.50390625 0.423828125 0.50390625 0.42578125
5 0.52880859375 0.4267578125 0.529296875 0.431640625 0.529296875 0.4423828125 0.52978515625 0.447265625 0.5302734375 0.44921875 0.53125 0.44921875 0.53271484375 0.447265625 0.5341796875 0.4462890625 0.5458984375 0.447265625 0.548828125 0.4443359375 0.55029296875 0.4365234375 0.55059183125 0.421580346875 0.54638671875 0.4150390625 0.5341796875 0.4150390625 0.53125 0.4228515625 0.529296875 0.4228515625 0.52783203125 0.423828125 0.52880859375 0.4267578125
5 0.55029296875 0.41015625 0.546875 0.4228515625 0.544921875 0.4326171875 0.54443359375 0.447265625 0.54541015625 0.458984375 0.54638671875 0.4609375 0.54833984375 0.462890625 0.55029296875 0.4638671875 0.55126953125 0.4638671875 0.5537109375 0.4638671875 0.5546875 0.4619140625 0.5546875 0.4580078125 0.572265625 0.4560546875 0.5732421875 0.4599609375 0.57470703125 0.462890625 0.57861328125 0.4619140625 0.58447265625 0.447265625 0.5849609375 0.4365234375 0.5830078125 0.421875 0.57958984375 0.408203125 0.5771484375 0.4033203125 0.56787109375 0.4033203125 0.55908203125 0.40234375 0.55224609375 0.404296875 0.55029296875 0.41015625
31 0.6005859375 0.375 0.60107421875 0.3974609375 0.607421875 0.3984375 0.60693359375 0.3740234375 0.6005859375 0.375
5 0.583984375 0.4228515625 0.58251953125 0.423828125 0.580078125 0.423828125 0.5771484375 0.427734375 0.578125 0.4326171875 0.5810546875 0.435546875 0.578125 0.44140625 0.57666015625 0.453125 0.576171875 0.46484375 0.57763671875 0.4736328125 0.57958984375 0.4775390625 0.58203125 0.478515625 0.583984375 0.478515625 0.5869140625 0.4814453125 0.59033203125 0.482421875 0.599609375 0.462890625 0.61083984375 0.4091796875 0.6015625 0.408203125 0.58984375 0.41015625 0.5869140625 0.4150390625 0.583984375 0.4228515625
28 0.69482421875 0.3759765625 0.69482421875 0.3583984375 0.68310546875 0.359375 0.68310546875 0.3759765625 0.69482421875 0.3759765625
28 0.67919921875 0.3212890625 0.67724609375 0.3291015625 0.67626953125 0.3388671875 0.677734375 0.3447265625 0.68115234375 0.3486328125 0.67724609375 0.349609375 0.677734375 0.3564453125 0.68994140625 0.357421875 0.68994140625 0.3505859375 0.6884765625 0.3505859375 0.6875 0.34765625 0.68994140625 0.3447265625 0.69140625 0.3369140625 0.6904296875 0.3310546875 0.68896484375 0.3251953125 0.685546875 0.3212890625 0.6826171875 0.3193359375 0.67919921875 0.3212890625
28 0.70458984375 0.267578125 0.705078125 0.2978515625 0.71826171875 0.2978515625 0.7177734375 0.2685546875 0.70458984375 0.267578125
28 0.62646484375 0.3720703125 0.62646484375 0.3857421875 0.63525390625 0.3857421875 0.6357421875 0.373046875 0.62646484375 0.3720703125
28 0.5810546875 0.140625 0.58056640625 0.134765625 0.56982421875 0.1357421875 0.56884765625 0.1416015625 0.57080078125 0.146484375 0.5791015625 0.1474609375 0.5810546875 0.140625
28 0.58154296875 0.2646484375 0.5859375 0.2646484375 0.5869140625 0.2587890625 0.5849609375 0.2548828125 0.57958984375 0.2578125 0.5791015625 0.26171875 0.58154296875 0.2646484375
5 0.62109375 0.3857421875 0.61083984375 0.3974609375 0.6005859375 0.42578125 0.5908203125 0.4560546875 0.587890625 0.4755859375 0.587890625 0.486328125 0.58740234375 0.5029296875 0.5869140625 0.5185546875 0.58740234375 0.5341796875 0.5908203125 0.548828125 0.59375 0.5576171875 0.59521484375 0.5703125 0.59814453125 0.5830078125 0.60205078125 0.5869140625 0.609375 0.587890625 0.6142578125 0.5830078125 0.61767578125 0.56640625 0.64697265625 0.56640625 0.6806640625 0.56640625 0.70361328125 0.5654296875 0.70458984375 0.580078125 0.70849609375 0.5927734375 0.71435546875 0.591796875 0.720703125 0.5859375 0.7216796875 0.564453125 0.7216796875 0.556640625 0.7255859375 0.5517578125 0.728515625 0.560546875 0.73193359375 0.564453125 0.73974609375 0.56640625 0.74267578125 0.5625 0.74609375 0.5380859375 0.74609375 0.521484375 0.74462890625 0.5009765625 0.74365234375 0.4892578125 0.7431640625 0.482421875 0.7373046875 0.4677734375 0.732421875 0.4599609375 0.73486328125 0.4560546875 0.73388671875 0.4482421875 0.73291015625 0.4443359375 0.72705078125 0.4453125 0.712890625 0.4033203125 0.70556640625 0.3896484375 0.70068359375 0.3837890625 0.69482421875 0.3828125 0.69140625 0.3828125 0.68798828125 0.3837890625 0.64208984375 0.38671875 0.63525390625 0.3876953125 0.6328125 0.3837890625 0.62109375 0.3857421875
13 0.62353515625 0.4814453125 0.6240234375 0.4990234375 0.6611328125 0.498046875 0.66064453125 0.482421875 0.62353515625 0.4814453125
30 0.72265625 0.3330078125 0.7255859375 0.333984375 0.7255859375 0.3388671875 0.72216796875 0.3388671875 0.72216796875 0.345703125 0.7255859375 0.345703125 0.7255859375 0.3505859375 0.73193359375 0.3505859375 0.73193359375 0.3232421875 0.7255859375 0.322265625 0.72607421875 0.328125 0.72216796875 0.328125 0.72265625 0.3330078125
19 0.7314453125 0.3173828125 0.73095703125 0.431640625 0.7314453125 0.45703125 0.734375 0.45703125 0.73388671875 0.3173828125 0.7314453125 0.3173828125
17 0.78076171875 0.3984375 0.7802734375 0.4150390625 0.77978515625 0.42578125 0.7802734375 0.431640625 0.783203125 0.4375 0.78515625 0.455078125 0.78662109375 0.4658203125 0.78662109375 0.4716796875 0.78759765625 0.47265625 0.78955078125 0.4736328125 0.7919921875 0.47265625 0.7939453125 0.46875 0.79345703125 0.455078125 0.7939453125 0.4365234375 0.796875 0.427734375 0.794921875 0.4033203125 0.79248046875 0.3935546875 0.78955078125 0.384765625 0.787109375 0.3828125 0.78515625 0.3837890625 0.7841796875 0.390625 0.78369140625 0.39453125 0.78076171875 0.3984375
19 0.8203125 0 0.8212890625 0.30078125 0.8212890625 0.39453125 0.82177734375 0.4638671875 0.8291015625 0.462890625 0.82958984375 0.17578125 0.8505859375 0.15234375 0.85595703125 0.1513671875 0.85546875 0.14453125 0.8505859375 0.1435546875 0.830078125 0.1689453125 0.82763671875 0 0.8203125 0
28 0.78515625 0.0654296875 0.7880859375 0.0654296875 0.791015625 0.0556640625 0.7890625 0.046875 0.78271484375 0.0458984375 0.78125 0.0556640625 0.78515625 0.0654296875
31 0.8310546875 0.2880859375 0.8291015625 0.298828125 0.83154296875 0.3115234375 0.83349609375 0.30078125 0.8310546875 0.2880859375
30 0.85791015625 0.1796875 0.8603515625 0.1767578125 0.8603515625 0.1748046875 0.8681640625 0.1689453125 0.86767578125 0.16015625 0.861328125 0.16015625 0.86083984375 0.15625 0.869140625 0.150390625 0.869140625 0.142578125 0.86181640625 0.142578125 0.8623046875 0.1357421875 0.869140625 0.130859375 0.869140625 0.125 0.8603515625 0.1181640625 0.8525390625 0.1171875 0.8515625 0.1796875 0.85791015625 0.1796875
30 0.8330078125 0.365234375 0.83544921875 0.3603515625 0.84033203125 0.3564453125 0.84033203125 0.3525390625 0.83642578125 0.3515625 0.8359375 0.34765625 0.84033203125 0.345703125 0.83984375 0.3408203125 0.83642578125 0.3408203125 0.83642578125 0.3369140625 0.841796875 0.330078125 0.84228515625 0.32421875 0.8349609375 0.3212890625 0.82861328125 0.3203125 0.8291015625 0.365234375 0.8330078125 0.365234375
30 0.8232421875 0.3486328125 0.8232421875 0.3212890625 0.81591796875 0.3193359375 0.81689453125 0.3486328125 0.8232421875 0.3486328125
0 0.8203125 0.4296875 0.8115234375 0.42578125 0.80078125 0.42578125 0.80029296875 0.4306640625 0.8046875 0.431640625 0.80419921875 0.4384765625 0.80126953125 0.4716796875 0.80029296875 0.4814453125 0.8017578125 0.4951171875 0.80224609375 0.5048828125 0.80419921875 0.5048828125 0.8056640625 0.5048828125 0.8076171875 0.498046875 0.80908203125 0.49609375 0.81103515625 0.49609375 0.81201171875 0.5068359375 0.8125 0.509765625 0.81396484375 0.51171875 0.81640625 0.509765625 0.818359375 0.5029296875 0.81884765625 0.4912109375 0.81982421875 0.4833984375 0.8203125 0.4755859375 0.81982421875 0.462890625 0.82080078125 0.4501953125 0.8203125 0.4296875
23 0.79736328125 0.4345703125 0.80078125 0.447265625 0.802734375 0.4638671875 0.8017578125 0.4697265625 0.8017578125 0.47265625 0.80419921875 0.4755859375 0.80712890625 0.4765625 0.80908203125 0.4736328125 0.80712890625 0.4501953125 0.80908203125 0.443359375 0.81201171875 0.4404296875 0.814453125 0.4384765625 0.81640625 0.439453125 0.81591796875 0.447265625 0.8212890625 0.451171875 0.822265625 0.4306640625 0.82373046875 0.4208984375 0.82373046875 0.40234375 0.82080078125 0.392578125 0.81640625 0.3857421875 0.81640625 0.37890625 0.814453125 0.373046875 0.81103515625 0.37109375 0.80810546875 0.373046875 0.80712890625 0.37890625 0.8076171875 0.3876953125 0.8017578125 0.396484375 0.79931640625 0.4130859375 0.7978515625 0.42578125 0.79736328125 0.4345703125
28 0.87548828125 0.458984375 0.87744140625 0.458984375 0.87744140625 0.416015625 0.8740234375 0.4150390625 0.87255859375 0.4208984375 0.8720703125 0.4365234375 0.873046875 0.4501953125 0.87548828125 0.458984375
19 0.876953125 0.4150390625 0.87646484375 0.4892578125 0.8779296875 0.4892578125 0.87841796875 0.4150390625 0.876953125 0.4150390625
26 0.99951171875 0.48828125 0.8916015625 0.4873046875 0.875 0.484375 0.86962890625 0.4873046875 0.8681640625 0.4931640625 0.927734375 0.498046875 0.99951171875 0.4951171875 0.99951171875 0.48828125
17 0.97705078125 0.3955078125 0.9755859375 0.41796875 0.97314453125 0.439453125 0.9716796875 0.46484375 0.97119140625 0.4736328125 0.9677734375 0.4873046875 0.96728515625 0.5068359375 0.97021484375 0.51953125 0.97412109375 0.5224609375 0.97802734375 0.5205078125 0.9794921875 0.5244140625 0.98046875 0.53125 0.982421875 0.5341796875 0.984375 0.5341796875 0.986328125 0.5322265625 0.98486328125 0.5078125 0.9853515625 0.4970703125 0.986328125 0.4736328125 0.98779296875 0.47265625 0.98974609375 0.4970703125 0.9892578125 0.521484375 0.98974609375 0.5341796875 0.99267578125 0.5361328125 0.99560546875 0.537109375 0.998046875 0.53515625 0.9990234375 0.53125 0.99658203125 0.5263671875 0.99560546875 0.5107421875 0.99560546875 0.4873046875 0.99658203125 0.46484375 0.998046875 0.4658203125 0.99951171875 0.470703125 0.99951171875 0.40625 0.998046875 0.4072265625 0.99560546875 0.400390625 0.99609375 0.3935546875 0.99658203125 0.3828125 0.99462890625 0.376953125 0.990234375 0.3740234375 0.98583984375 0.37890625 0.9814453125 0.3857421875 0.97705078125 0.3955078125
29 0.8876953125 0.48046875 0.88525390625 0.48046875 0.88232421875 0.48046875 0.87890625 0.4794921875 0.876953125 0.478515625 0.87548828125 0.478515625 0.8740234375 0.48046875 0.87255859375 0.4833984375 0.8701171875 0.4833984375 0.8681640625 0.4873046875 0.865234375 0.4921875 0.86767578125 0.49609375 0.87841796875 0.49609375 0.88818359375 0.49609375 0.89111328125 0.49609375 0.892578125 0.4951171875 0.89208984375 0.4912109375 0.89013671875 0.4892578125 0.89111328125 0.484375 0.890625 0.478515625 0.88916015625 0.478515625 0.8876953125 0.48046875
30 0 0.2958984375 0.00927734375 0.2978515625 0.009765625 0.2685546875 0.00927734375 0.236328125 0.01318359375 0.2353515625 0.01171875 0.185546875 0 0.18359375 0 0.1884765625 0 0.2958984375
9 0.8076171875 0.9541015625 0.671875 0.9345703125 0.56689453125 0.9228515625 0.58349609375 0.9091796875 0.59033203125 0.8759765625 0.587890625 0.8466796875 0.57373046875 0.82421875 0.55517578125 0.82421875 0.541015625 0.8408203125 0.53515625 0.875 0.54296875 0.91015625 0.5576171875 0.9248046875 0.5283203125 0.927734375 0.40087890625 0.943359375 0.26806640625 0.9697265625 0.18896484375 0.9853515625 0.13232421875 0.9990234375 0.990234375 0.9990234375 0.91943359375 0.978515625 0.8076171875 0.9541015625