27 0.99951171875 0 0.39990234375 0.0009765625 0.49755859375 0.396484375 0.99951171875 0.3935546875 0.99951171875 0
25 0.99951171875 0.4716796875 0.8515625 0.4619140625 0.6650390625 0.4443359375 0.4990234375 0.4404296875 0.3095703125 0.4814453125 0.0009765625 0.5361328125 0.00048828125 0.9990234375 0.99951171875 0.9990234375 0.99951171875 0.4716796875
3 0.6669921875 0.443359375 0.99951171875 0.462890625 0.99951171875 0.291015625 0.740234375 0.2744140625 0.693359375 0.271484375 0.65185546875 0.328125 0.6669921875 0.443359375
3 0.51953125 0.3623046875 0.52197265625 0.3291015625 0.51611328125 0.3212890625 0.49462890625 0.3203125 0.4951171875 0.333984375 0.5048828125 0.384765625 0.51953125 0.3623046875
26 0.79541015625 0.537109375 0.89453125 0.537109375 0.99951171875 0.53515625 0.99951171875 0.4833984375 0.9931640625 0.4833984375 0.96923828125 0.4833984375 0.91943359375 0.478515625 0.8251953125 0.4697265625 0.708984375 0.4560546875 0.71044921875 0.533203125 0.736328125 0.53515625 0.79541015625 0.537109375
28 0.70751953125 0.248046875 0.70849609375 0.263671875 0.712890625 0.2666015625 0.72216796875 0.26953125 0.73046875 0.2626953125 0.7314453125 0.24609375 0.72900390625 0.232421875 0.72607421875 0.2236328125 0.7197265625 0.2197265625 0.712890625 0.2255859375 0.70947265625 0.232421875 0.70751953125 0.248046875
19 0.701171875 0.40234375 0.701171875 0.3466796875 0.69921875 0.3544921875 0.69970703125 0.4052734375 0.701171875 0.40234375
10 0.783203125 0.4833984375 0.81787109375 0.490234375 0.8466796875 0.4951171875 0.8818359375 0.5009765625 0.93212890625 0.5068359375 0.9990234375 0.5126953125 0.9990234375 0.3603515625 0.9375 0.3623046875 0.88671875 0.3720703125 0.8544921875 0.3759765625 0.8271484375 0.3828125 0.7734375 0.3896484375 0.74609375 0.3935546875 0.734375 0.3984375 0.716796875 0.3984375 0.69970703125 0.4150390625 0.71923828125 0.4736328125 0.7578125 0.478515625 0.783203125 0.4833984375
19 0.72265625 0.5009765625 0.72314453125 0.228515625 0.7177734375 0.2265625 0.71826171875 0.50390625 0.72265625 0.5009765625
30 0.72412109375 0.3564453125 0.72265625 0.2900390625 0.70947265625 0.2919921875 0.70556640625 0.296875 0.70654296875 0.3447265625 0.7177734375 0.3564453125 0.72412109375 0.3564453125
31 0.72021484375 0.3203125 0.720703125 0.3271484375 0.72412109375 0.3349609375 0.728515625 0.3369140625 0.734375 0.3359375 0.7373046875 0.3232421875 0.7373046875 0.3125 0.7333984375 0.3037109375 0.72900390625 0.3017578125 0.724609375 0.3056640625 0.7216796875 0.3134765625 0.72021484375 0.3203125
19 0.66943359375 0.3955078125 0.66845703125 0.310546875 0.666015625 0.3095703125 0.66748046875 0.3955078125 0.66943359375 0.3955078125
19 0.67529296875 0.384765625 0.6767578125 0.287109375 0.67236328125 0.291015625 0.66943359375 0.384765625 0.67529296875 0.384765625
31 0.68603515625 0.37109375 0.6865234375 0.3076171875 0.66650390625 0.310546875 0.6669921875 0.3701171875 0.68603515625 0.37109375
19 0.7861328125 0.525390625 0.783203125 0.0009765625 0.77197265625 0 0.77197265625 0.5263671875 0.7861328125 0.525390625
30 0.927734375 0 0.93017578125 0.041015625 0.9365234375 0.04296875 0.93798828125 0.048828125 0.94775390625 0.0419921875 0.94873046875 0.0263671875 0.95361328125 0.021484375 0.95361328125 0.01171875 0.94677734375 0.01171875 0.94677734375 0.0009765625 0.927734375 0
30 0.89892578125 0.314453125 0.90869140625 0.310546875 0.9091796875 0.2705078125 0.8984375 0.2685546875 0.86962890625 0.267578125 0.86962890625 0.3447265625 0.8984375 0.3447265625 0.89892578125 0.314453125
19 0.90234375 0.017578125 0.8876953125 0.05859375 0.8837890625 0.0869140625 0.88330078125 0.119140625 0.88134765625 0.5302734375 0.888671875 0.5302734375 0.888671875 0.2578125 0.888671875 0.0771484375 0.8955078125 0.052734375 0.912109375 0.0068359375 0.9150390625 0.001953125 0.91064453125 0 0.90234375 0.017578125
28 0.6796875 0.4091796875 0.68017578125 0.37890625 0.6669921875 0.3798828125 0.66845703125 0.4091796875 0.6796875 0.4091796875
5 0.69384765625 0.5439453125 0.69921875 0.5390625 0.701171875 0.5322265625 0.70703125 0.5341796875 0.7080078125 0.5390625 0.70947265625 0.546875 0.71484375 0.5478515625 0.72021484375 0.546875 0.72265625 0.5341796875 0.72265625 0.51953125 0.72265625 0.48828125 0.7177734375 0.4384765625 0.7080078125 0.4033203125 0.7001953125 0.396484375 0.685546875 0.3935546875 0.66796875 0.396484375 0.65185546875 0.4072265625 0.65869140625 0.44140625 0.67431640625 0.5166015625 0.69384765625 0.5439453125
26 0 0.548828125 0.01708984375 0.552734375 0.08349609375 0.546875 0.1474609375 0.541015625 0.23291015625 0.5390625 0.2685546875 0.529296875 0.28955078125 0.51953125 0.361328125 0.49609375 0.380859375 0.4892578125 0.41748046875 0.4736328125 0.4453125 0.466796875 0.4716796875 0.458984375 0.4931640625 0.453125 0.494140625 0.4453125 0.27392578125 0.4794921875 0.1640625 0.48828125 0.0419921875 0.501953125 0 0.5146484375 0 0.548828125
3 0.03857421875 0.51953125 0.10009765625 0.5078125 0.173828125 0.494140625 0.2470703125 0.4912109375 0.4208984375 0.4599609375 0.4970703125 0.44921875 0.5048828125 0.4111328125 0.48876953125 0.3984375 0.18701171875 0.0009765625 0.0009765625 0.001953125 0.00146484375 0.5224609375 0.01220703125 0.5234375 0.03857421875 0.51953125
37 0.46240234375 0.345703125 0.4638671875 0.3662109375 0.466796875 0.404296875 0.4658203125 0.4267578125 0.46630859375 0.4482421875 0.46826171875 0.4541015625 0.47265625 0.455078125 0.4931640625 0.4638671875 0.51025390625 0.3828125 0.50634765625 0.3701171875 0.5068359375 0.365234375 0.50830078125 0.35546875 0.5068359375 0.3515625 0.50439453125 0.3486328125 0.50341796875 0.341796875 0.5029296875 0.33203125 0.501953125 0.3271484375 0.50048828125 0.322265625 0.4990234375 0.318359375 0.498046875 0.3076171875 0.5009765625 0.3056640625 0.50146484375 0.30078125 0.50146484375 0.294921875 0.5029296875 0.2939453125 0.50341796875 0.291015625 0.4990234375 0.291015625 0.49658203125 0.2880859375 0.48779296875 0.28515625 0.48095703125 0.2841796875 0.46484375 0.283203125 0.46240234375 0.291015625 0.46142578125 0.31640625 0.46240234375 0.345703125
26 0.91552734375 0.6171875 0.91552734375 0.630859375 0.91748046875 0.64453125 0.94189453125 0.662109375 0.99951171875 0.6943359375 0.99951171875 0.591796875 0.95947265625 0.595703125 0.931640625 0.6015625 0.92578125 0.60546875 0.92236328125 0.6103515625 0.91552734375 0.6171875
37 0.44873046875 0.435546875 0.44921875 0.453125 0.4521484375 0.4609375 0.4541015625 0.4619140625 0.45654296875 0.4580078125 0.46240234375 0.4580078125 0.462890625 0.453125 0.462890625 0.4384765625 0.46337890625 0.4091796875 0.4638671875 0.400390625 0.46630859375 0.39453125 0.46826171875 0.38671875 0.4736328125 0.3798828125 0.48876953125 0.3603515625 0.49462890625 0.3544921875 0.5 0.345703125 0.5 0.3408203125 0.49658203125 0.3271484375 0.49560546875 0.31640625 0.49658203125 0.2978515625 0.49853515625 0.2900390625 0.501953125 0.2783203125 0.50341796875 0.2705078125 0.50244140625 0.2685546875 0.49609375 0.271484375 0.49462890625 0.26953125 0.498046875 0.263671875 0.501953125 0.2548828125 0.50048828125 0.2509765625 0.50048828125 0.248046875 0.5 0.2373046875 0.49853515625 0.2353515625 0.49658203125 0.2333984375 0.48681640625 0.232421875 0.4736328125 0.2275390625 0.4560546875 0.2421875 0.4365234375 0.287109375 0.4326171875 0.34765625 0.443359375 0.38671875 0.4482421875 0.39453125 0.44921875 0.400390625 0.44921875 0.4140625 0.44873046875 0.435546875
37 0.4267578125 0.439453125 0.4306640625 0.4375 0.4326171875 0.3896484375 0.4345703125 0.4052734375 0.43408203125 0.4267578125 0.43359375 0.439453125 0.44140625 0.443359375 0.44140625 0.3994140625 0.44384765625 0.3876953125 0.45458984375 0.3818359375 0.46435546875 0.373046875 0.47509765625 0.361328125 0.4775390625 0.353515625 0.47705078125 0.33984375 0.4765625 0.3310546875 0.4775390625 0.3212890625 0.48681640625 0.2919921875 0.49072265625 0.279296875 0.490234375 0.26953125 0.4892578125 0.2548828125 0.4892578125 0.2421875 0.4951171875 0.232421875 0.49560546875 0.2265625 0.49560546875 0.21875 0.49365234375 0.2158203125 0.4921875 0.2041015625 0.490234375 0.1943359375 0.48974609375 0.1865234375 0.48876953125 0.1826171875 0.4765625 0.1962890625 0.43408203125 0.2421875 0.42333984375 0.3544921875 0.42529296875 0.373046875 0.4287109375 0.380859375 0.4287109375 0.388671875 0.42822265625 0.4091796875 0.4267578125 0.439453125
37 0.39208984375 0.2216796875 0.3955078125 0.2724609375 0.3955078125 0.3037109375 0.396484375 0.318359375 0.3974609375 0.333984375 0.3974609375 0.3505859375 0.39697265625 0.3837890625 0.400390625 0.392578125 0.40283203125 0.3955078125 0.40625 0.3974609375 0.4072265625 0.4443359375 0.4111328125 0.453125 0.41064453125 0.3837890625 0.41162109375 0.3720703125 0.416015625 0.3701171875 0.41845703125 0.3720703125 0.41650390625 0.4306640625 0.4169921875 0.455078125 0.42236328125 0.4482421875 0.421875 0.40625 0.4248046875 0.37109375 0.4248046875 0.3515625 0.427734375 0.328125 0.4365234375 0.31640625 0.44287109375 0.3076171875 0.4560546875 0.296875 0.46142578125 0.2861328125 0.458984375 0.2763671875 0.45849609375 0.267578125 0.4599609375 0.2607421875 0.45849609375 0.24609375 0.4619140625 0.2353515625 0.48046875 0.212890625 0.484375 0.197265625 0.48681640625 0.1806640625 0.484375 0.177734375 0.484375 0.1689453125 0.48583984375 0.158203125 0.482421875 0.158203125 0.4814453125 0.1513671875 0.47998046875 0.1435546875 0.4755859375 0.13671875 0.4765625 0.12890625 0.4775390625 0.1220703125 0.4736328125 0.1171875 0.47216796875 0.1083984375 0.4697265625 0.1025390625 0.46826171875 0.1015625 0.46533203125 0.1015625 0.46337890625 0.1015625 0.462890625 0.095703125 0.46142578125 0.0888671875 0.45947265625 0.087890625 0.45703125 0.083984375 0.45751953125 0.072265625 0.455078125 0.064453125 0.4541015625 0.060546875 0.45263671875 0.0556640625 0.451171875 0.0458984375 0.4482421875 0.0400390625 0.44482421875 0.0341796875 0.443359375 0.0302734375 0.44140625 0.0244140625 0.4375 0.0234375 0.43408203125 0.0244140625 0.4130859375 0.0537109375 0.41162109375 0.07421875 0.40185546875 0.1025390625 0.39599609375 0.125 0.3935546875 0.1943359375 0.39208984375 0.2216796875
5 0.38134765625 0.4365234375 0.37646484375 0.4443359375 0.37744140625 0.4619140625 0.40234375 0.4716796875 0.4111328125 0.4677734375 0.41162109375 0.4580078125 0.41064453125 0.4462890625 0.40869140625 0.44140625 0.404296875 0.4365234375 0.39892578125 0.435546875 0.392578125 0.4375 0.38134765625 0.4365234375
28 0.39208984375 0.474609375 0.3974609375 0.474609375 0.40380859375 0.4716796875 0.40380859375 0.462890625 0.40185546875 0.458984375 0.40185546875 0.4521484375 0.3994140625 0.44921875 0.39453125 0.4482421875 0.38720703125 0.453125 0.38818359375 0.4658203125 0.3896484375 0.47265625 0.39208984375 0.474609375
37 0.392578125 0.453125 0.3916015625 0.4638671875 0.3896484375 0.4755859375 0.390625 0.4794921875 0.39794921875 0.478515625 0.40234375 0.478515625 0.3994140625 0.4619140625 0.39599609375 0.4140625 0.3994140625 0.3564453125 0.40869140625 0.341796875 0.41748046875 0.3330078125 0.423828125 0.322265625 0.42529296875 0.3115234375 0.427734375 0.2958984375 0.43505859375 0.27734375 0.44775390625 0.2470703125 0.44873046875 0.22265625 0.45068359375 0.1826171875 0.45458984375 0.1552734375 0.451171875 0.109375 0.447265625 0.091796875 0.4423828125 0.068359375 0.43994140625 0.046875 0.4375 0.033203125 0.43603515625 0.0205078125 0.43603515625 0.0068359375 0.43603515625 0.0009765625 0.39990234375 0 0.38330078125 0.3232421875 0.38427734375 0.3984375 0.38671875 0.4052734375 0.38916015625 0.4072265625 0.39306640625 0.41015625 0.392578125 0.4169921875 0.392578125 0.43359375 0.392578125 0.453125
5 0.373046875 0.4716796875 0.38330078125 0.4755859375 0.388671875 0.4755859375 0.3916015625 0.4677734375 0.38818359375 0.4482421875 0.3857421875 0.443359375 0.3798828125 0.4404296875 0.36669921875 0.4375 0.36181640625 0.439453125 0.36669921875 0.453125 0.373046875 0.4716796875
37 0.37548828125 0.4677734375 0.380859375 0.46875 0.3818359375 0.447265625 0.3818359375 0.375 0.388671875 0.345703125 0.39794921875 0.322265625 0.4111328125 0.3017578125 0.4384765625 0.2548828125 0.44970703125 0.2373046875 0.44970703125 0.2158203125 0.447265625 0.201171875 0.4423828125 0.1845703125 0.43701171875 0.158203125 0.4345703125 0.142578125 0.4345703125 0.12109375 0.431640625 0.07421875 0.43603515625 0.0302734375 0.43603515625 0.0009765625 0.3740234375 0 0.3671875 0.31640625 0.369140625 0.349609375 0.37451171875 0.3720703125 0.375 0.38671875 0.375 0.4130859375 0.37548828125 0.4677734375
7 0.375 0.484375 0.37841796875 0.4775390625 0.37841796875 0.470703125 0.3759765625 0.4541015625 0.369140625 0.4404296875 0.3544921875 0.4375 0.359375 0.48828125 0.3681640625 0.486328125 0.375 0.484375
28 0.3486328125 0.375 0.3359375 0.375 0.33837890625 0.3896484375 0.3486328125 0.388671875 0.3486328125 0.375
28 0.392578125 0.40625 0.3837890625 0.40625 0.3837890625 0.4189453125 0.39306640625 0.4208984375 0.392578125 0.40625
28 0.25146484375 0.3701171875 0.25146484375 0.3408203125 0.2373046875 0.3427734375 0.236328125 0.3701171875 0.25146484375 0.3701171875
28 0.1474609375 0.3115234375 0.15283203125 0.31640625 0.1630859375 0.31640625 0.17041015625 0.3076171875 0.17529296875 0.3076171875 0.17529296875 0.287109375 0.17138671875 0.2861328125 0.16650390625 0.2822265625 0.162109375 0.27734375 0.15625 0.27734375 0.1474609375 0.2822265625 0.14404296875 0.287109375 0.13671875 0.2890625 0.13671875 0.306640625 0.1455078125 0.3076171875 0.1474609375 0.3115234375
18 0.26416015625 0.4296875 0.26220703125 0.423828125 0.26025390625 0.4208984375 0.25927734375 0.421875 0.25439453125 0.421875 0.25146484375 0.423828125 0.24755859375 0.42578125 0.24609375 0.427734375 0.24609375 0.4365234375 0.24658203125 0.4462890625 0.2646484375 0.4423828125 0.26416015625 0.4296875
37 0.30859375 0 0.31201171875 0.236328125 0.32080078125 0.2890625 0.32421875 0.294921875 0.3291015625 0.2998046875 0.33154296875 0.302734375 0.33154296875 0.3046875 0.32958984375 0.3115234375 0.326171875 0.3154296875 0.32373046875 0.318359375 0.32373046875 0.3232421875 0.3251953125 0.32421875 0.326171875 0.3271484375 0.33203125 0.3271484375 0.33837890625 0.3251953125 0.3447265625 0.32421875 0.35107421875 0.3173828125 0.35107421875 0.326171875 0.35107421875 0.3369140625 0.353515625 0.3681640625 0.3525390625 0.412109375 0.3515625 0.4404296875 0.361328125 0.462890625 0.36376953125 0.4453125 0.36474609375 0.3916015625 0.36376953125 0.37109375 0.3623046875 0.3515625 0.37109375 0.330078125 0.3759765625 0.31640625 0.384765625 0.3037109375 0.38818359375 0.30078125 0.39794921875 0.2763671875 0.4052734375 0.259765625 0.42138671875 0.2275390625 0.42724609375 0.20703125 0.4296875 0.189453125 0.42919921875 0.1650390625 0.42822265625 0.1513671875 0.427734375 0.13671875 0.42626953125 0.119140625 0.419921875 0.10546875 0.41796875 0.09765625 0.41552734375 0.0732421875 0.408203125 0.04296875 0.40673828125 0.03125 0.4013671875 0.021484375 0.3974609375 0.017578125 0.39599609375 0.01171875 0.390625 0 0.30859375 0
5 0.251953125 0.4443359375 0.2451171875 0.478515625 0.291015625 0.494140625 0.31982421875 0.4306640625 0.3125 0.4228515625 0.3056640625 0.4208984375 0.2880859375 0.4208984375 0.26708984375 0.421875 0.26318359375 0.4267578125 0.25927734375 0.4306640625 0.251953125 0.4443359375
17 0.18896484375 0.423828125 0.189453125 0.4306640625 0.1875 0.43359375 0.18603515625 0.4423828125 0.18603515625 0.4501953125 0.18896484375 0.4638671875 0.19091796875 0.4833984375 0.2001953125 0.482421875 0.2080078125 0.4296875 0.19970703125 0.419921875 0.193359375 0.4150390625 0.18505859375 0.4150390625 0.18310546875 0.416015625 0.18310546875 0.419921875 0.18896484375 0.423828125
17 0.16845703125 0.4296875 0.16796875 0.4501953125 0.16943359375 0.466796875 0.1708984375 0.470703125 0.1728515625 0.48046875 0.1748046875 0.498046875 0.1767578125 0.5029296875 0.181640625 0.4775390625 0.18310546875 0.4638671875 0.18310546875 0.4521484375 0.18115234375 0.4345703125 0.1806640625 0.423828125 0.17822265625 0.41796875 0.17626953125 0.41015625 0.17236328125 0.41015625 0.1708984375 0.4169921875 0.16845703125 0.4296875
28 0.19482421875 0.4423828125 0.19482421875 0.4658203125 0.208984375 0.458984375 0.22314453125 0.4453125 0.2236328125 0.4267578125 0.2099609375 0.4287109375 0.19482421875 0.4296875 0.19482421875 0.4423828125
5 0.21435546875 0.453125 0.20703125 0.4580078125 0.19775390625 0.4609375 0.1875 0.4658203125 0.1806640625 0.4765625 0.17919921875 0.48828125 0.1796875 0.494140625 0.1826171875 0.50390625 0.18798828125 0.505859375 0.19677734375 0.5087890625 0.21240234375 0.5087890625 0.287109375 0.5029296875 0.3046875 0.45703125 0.29345703125 0.443359375 0.2861328125 0.435546875 0.2705078125 0.4326171875 0.24462890625 0.4306640625 0.2392578125 0.4326171875 0.2353515625 0.4345703125 0.2294921875 0.4365234375 0.22314453125 0.4423828125 0.21435546875 0.453125
37 0.26220703125 0.2939453125 0.2646484375 0.298828125 0.26513671875 0.326171875 0.2646484375 0.375 0.2626953125 0.44921875 0.26171875 0.5068359375 0.26953125 0.5068359375 0.27099609375 0.447265625 0.27294921875 0.3759765625 0.27197265625 0.3134765625 0.2734375 0.2734375 0.2802734375 0.28515625 0.2841796875 0.291015625 0.28662109375 0.296875 0.2890625 0.2978515625 0.28759765625 0.291015625 0.2939453125 0.287109375 0.2998046875 0.2783203125 0.3037109375 0.2802734375 0.3037109375 0.287109375 0.3076171875 0.287109375 0.31396484375 0.2890625 0.31787109375 0.2890625 0.326171875 0.2861328125 0.33740234375 0.2822265625 0.34619140625 0.2705078125 0.35693359375 0.2587890625 0.36669921875 0.251953125 0.3671875 0.244140625 0.3583984375 0.236328125 0.3544921875 0.2353515625 0.3583984375 0.2216796875 0.3642578125 0.2041015625 0.37109375 0.19140625 0.3798828125 0.1806640625 0.388671875 0.1689453125 0.388671875 0.158203125 0.38916015625 0.150390625 0.388671875 0.1376953125 0.388671875 0.1328125 0.38818359375 0.123046875 0.38525390625 0.1123046875 0.388671875 0.0966796875 0.38916015625 0.076171875 0.3896484375 0.0625 0.388671875 0.048828125 0.38330078125 0.0537109375 0.3798828125 0.0537109375 0.37548828125 0.05078125 0.37109375 0.0498046875 0.36669921875 0.0498046875 0.36083984375 0.044921875 0.3544921875 0.037109375 0.35205078125 0.03125 0.35009765625 0.025390625 0.35009765625 0.013671875 0.35107421875 0.0009765625 0.1572265625 0 0.1572265625 0.001953125 0.15869140625 0.0078125 0.15869140625 0.015625 0.15380859375 0.0087890625 0.1513671875 0.013671875 0.15234375 0.0205078125 0.1572265625 0.0322265625 0.15185546875 0.0439453125 0.15185546875 0.0517578125 0.1533203125 0.0595703125 0.1572265625 0.068359375 0.15869140625 0.0791015625 0.1572265625 0.0888671875 0.15771484375 0.0966796875 0.162109375 0.1015625 0.16552734375 0.107421875 0.15625 0.1083984375 0.1533203125 0.1162109375 0.15625 0.1240234375 0.1611328125 0.1337890625 0.1611328125 0.142578125 0.16552734375 0.154296875 0.1669921875 0.166015625 0.169921875 0.1689453125 0.17578125 0.1787109375 0.17724609375 0.1865234375 0.18212890625 0.189453125 0.185546875 0.19140625 0.1884765625 0.193359375 0.185546875 0.203125 0.18505859375 0.2099609375 0.18603515625 0.2109375 0.19482421875 0.212890625 0.20068359375 0.21875 0.17822265625 0.234375 0.17236328125 0.2421875 0.17431640625 0.248046875 0.1767578125 0.2509765625 0.1787109375 0.25390625 0.1787109375 0.2666015625 0.1796875 0.2763671875 0.1767578125 0.279296875 0.173828125 0.28515625 0.17529296875 0.291015625 0.17822265625 0.291015625 0.17919921875 0.291015625 0.18603515625 0.287109375 0.19091796875 0.28125 0.1982421875 0.27734375 0.19921875 0.2822265625 0.1962890625 0.291015625 0.1982421875 0.294921875 0.20068359375 0.294921875 0.205078125 0.2958984375 0.20849609375 0.2978515625 0.21435546875 0.3037109375 0.21728515625 0.310546875 0.2197265625 0.3125 0.2265625 0.306640625 0.23974609375 0.2958984375 0.2451171875 0.291015625 0.2451171875 0.275390625 0.24951171875 0.2666015625 0.25341796875 0.2666015625 0.25634765625 0.2685546875 0.25732421875 0.271484375 0.26513671875 0.2646484375 0.2646484375 0.271484375 0.263671875 0.2861328125 0.26220703125 0.2939453125
28 0.2900390625 0.392578125 0.2890625 0.33203125 0.27490234375 0.3330078125 0.2744140625 0.392578125 0.2900390625 0.392578125
0 0.1884765625 0.4794921875 0.18212890625 0.48046875 0.1787109375 0.486328125 0.17626953125 0.4912109375 0.17578125 0.4970703125 0.17822265625 0.51171875 0.18359375 0.517578125 0.19189453125 0.5166015625 0.1982421875 0.5087890625 0.2021484375 0.5087890625 0.205078125 0.5087890625 0.208984375 0.509765625 0.21337890625 0.5166015625 0.2236328125 0.5146484375 0.2275390625 0.5029296875 0.2265625 0.49609375 0.2265625 0.486328125 0.224609375 0.4833984375 0.22119140625 0.478515625 0.21728515625 0.4755859375 0.21240234375 0.4755859375 0.21240234375 0.47265625 0.21142578125 0.462890625 0.2060546875 0.4619140625 0.20166015625 0.4638671875 0.205078125 0.4736328125 0.1962890625 0.4775390625 0.1904296875 0.46875 0.19287109375 0.4619140625 0.19580078125 0.453125 0.1923828125 0.453125 0.18896484375 0.4541015625 0.1845703125 0.4619140625 0.18896484375 0.46484375 0.189453125 0.46875 0.1884765625 0.4794921875
0 0.24853515625 0.4775390625 0.24658203125 0.486328125 0.2470703125 0.4951171875 0.2490234375 0.505859375 0.25634765625 0.515625 0.26416015625 0.5107421875 0.26806640625 0.5126953125 0.2763671875 0.517578125 0.28173828125 0.5068359375 0.2802734375 0.4853515625 0.275390625 0.4794921875 0.27685546875 0.4716796875 0.2783203125 0.4638671875 0.27294921875 0.4658203125 0.26953125 0.474609375 0.2666015625 0.478515625 0.2626953125 0.474609375 0.25732421875 0.470703125 0.251953125 0.4638671875 0.24853515625 0.4677734375 0.24853515625 0.4775390625
19 0.27587890625 0.505859375 0.27490234375 0.3291015625 0.2734375 0.330078125 0.27392578125 0.5068359375 0.27587890625 0.505859375
0 0.28759765625 0.45703125 0.2822265625 0.462890625 0.28125 0.4658203125 0.2802734375 0.4697265625 0.2783203125 0.4736328125 0.27783203125 0.4814453125 0.27490234375 0.4931640625 0.2724609375 0.5029296875 0.271484375 0.513671875 0.27587890625 0.517578125 0.2802734375 0.513671875 0.28515625 0.5068359375 0.29345703125 0.474609375 0.2978515625 0.4609375 0.2822265625 0.447265625 0.28125 0.4521484375 0.28369140625 0.4541015625 0.28759765625 0.45703125
19 0.2314453125 0.474609375 0.23681640625 0.4658203125 0.23828125 0.466796875 0.24072265625 0.4677734375 0.2421875 0.4765625 0.24755859375 0.5078125 0.2490234375 0.5068359375 0.24365234375 0.4677734375 0.23974609375 0.4619140625 0.23388671875 0.4609375 0.2294921875 0.46484375 0.2294921875 0.4716796875 0.22900390625 0.490234375 0.2314453125 0.474609375
28 0.2177734375 0.2626953125 0.2177734375 0.2705078125 0.21826171875 0.2802734375 0.22021484375 0.287109375 0.22607421875 0.291015625 0.23193359375 0.2900390625 0.234375 0.287109375 0.2373046875 0.2734375 0.2373046875 0.2646484375 0.236328125 0.255859375 0.23291015625 0.248046875 0.22705078125 0.2470703125 0.2216796875 0.25 0.21875 0.25390625 0.2177734375 0.2626953125
31 0.232421875 0.2353515625 0.2333984375 0.2353515625 0.23388671875 0.21484375 0.2255859375 0.208984375 0.2265625 0.23828125 0.23193359375 0.240234375 0.232421875 0.2353515625
31 0.20166015625 0.26171875 0.2158203125 0.2607421875 0.2158203125 0.251953125 0.22412109375 0.2470703125 0.2255859375 0.2314453125 0.1923828125 0.2314453125 0.19140625 0.2509765625 0.20166015625 0.2529296875 0.20166015625 0.26171875
30 0.341796875 0.1484375 0.3583984375 0.1484375 0.35888671875 0.140625 0.35693359375 0.0732421875 0.3544921875 0.0703125 0.34130859375 0.0703125 0.3388671875 0.076171875 0.3408203125 0.1416015625 0.341796875 0.1484375
19 0.24658203125 0.1123046875 0.23486328125 0.123046875 0.2275390625 0.140625 0.2236328125 0.1630859375 0.22314453125 0.2041015625 0.22802734375 0.455078125 0.22607421875 0.4609375 0.2265625 0.52734375 0.2333984375 0.5283203125 0.2333984375 0.462890625 0.23193359375 0.4560546875 0.22705078125 0.19140625 0.22802734375 0.162109375 0.2333984375 0.13671875 0.24658203125 0.12109375 0.27880859375 0.1064453125 0.318359375 0.087890625 0.34619140625 0.0859375 0.34716796875 0.080078125 0.3349609375 0.0791015625 0.3173828125 0.0810546875 0.29296875 0.091796875 0.24658203125 0.1123046875
30 0.19677734375 0.349609375 0.2177734375 0.349609375 0.21875 0.34765625 0.21875 0.3037109375 0.216796875 0.3017578125 0.1943359375 0.30078125 0.1943359375 0.3095703125 0.1953125 0.3466796875 0.19677734375 0.349609375
30 0.22998046875 0.3515625 0.23681640625 0.34765625 0.23681640625 0.296875 0.220703125 0.29296875 0.22119140625 0.3603515625 0.22900390625 0.361328125 0.22998046875 0.3515625
19 0.00732421875 0.46875 0.00830078125 0.5400390625 0.01025390625 0.541015625 0.01416015625 0.541015625 0.01611328125 0.5400390625 0.015625 0.4677734375 0.0146484375 0.458984375 0.0126953125 0.2568359375 0.00732421875 0.2578125 0.0087890625 0.4580078125 0.00732421875 0.46875
30 0.01171875 0.27734375 0.0126953125 0.3505859375 0.02734375 0.3486328125 0.02490234375 0.2783203125 0.02099609375 0.2783203125 0.0166015625 0.2783203125 0.01171875 0.27734375
5 0.41748046875 0.443359375 0.41552734375 0.4443359375 0.41552734375 0.4482421875 0.41650390625 0.4501953125 0.41552734375 0.462890625 0.41552734375 0.474609375 0.416015625 0.4794921875 0.41796875 0.4853515625 0.42041015625 0.4853515625 0.423828125 0.48046875 0.42333984375 0.4765625 0.43408203125 0.4765625 0.43994140625 0.4755859375 0.44091796875 0.4814453125 0.44482421875 0.48046875 0.447265625 0.4794921875 0.44775390625 0.4697265625 0.44677734375 0.447265625 0.44677734375 0.4423828125 0.44384765625 0.439453125 0.4423828125 0.4326171875 0.43994140625 0.427734375 0.43603515625 0.427734375 0.42529296875 0.427734375 0.42138671875 0.4306640625 0.41796875 0.439453125 0.41748046875 0.443359375
5 0.29736328125 0.44921875 0.29345703125 0.4599609375 0.28759765625 0.4736328125 0.28662109375 0.4873046875 0.2861328125 0.5146484375 0.2880859375 0.5302734375 0.291015625 0.5341796875 0.2958984375 0.5341796875 0.29736328125 0.5302734375 0.2978515625 0.5234375 0.30615234375 0.5244140625 0.30810546875 0.5302734375 0.314453125 0.53125 0.31494140625 0.5234375 0.33203125 0.5205078125 0.34521484375 0.5205078125 0.345703125 0.529296875 0.3486328125 0.529296875 0.35400390625 0.5263671875 0.3544921875 0.521484375 0.3544921875 0.5166015625 0.35791015625 0.515625 0.3583984375 0.521484375 0.36474609375 0.521484375 0.3662109375 0.509765625 0.365234375 0.490234375 0.36279296875 0.4609375 0.35888671875 0.447265625 0.349609375 0.42578125 0.33984375 0.4208984375 0.3203125 0.421875 0.31298828125 0.42578125 0.3046875 0.4306640625 0.29736328125 0.44921875
5 0.5029296875 0.390625 0.49609375 0.42578125 0.49072265625 0.44921875 0.48779296875 0.44921875 0.48193359375 0.44921875 0.470703125 0.4541015625 0.4677734375 0.4609375 0.4638671875 0.47265625 0.46484375 0.4794921875 0.4697265625 0.4833984375 0.48388671875 0.4873046875 0.48388671875 0.494140625 0.48291015625 0.5068359375 0.48046875 0.53125 0.47900390625 0.5791015625 0.47705078125 0.5849609375 0.47314453125 0.59765625 0.4697265625 0.615234375 0.47021484375 0.6376953125 0.4716796875 0.6787109375 0.470703125 0.71484375 0.47021484375 0.771484375 0.47119140625 0.7890625 0.47705078125 0.794921875 0.4892578125 0.7958984375 0.49609375 0.79296875 0.4990234375 0.7841796875 0.49951171875 0.75 0.50732421875 0.75390625 0.51904296875 0.75390625 0.5322265625 0.7548828125 0.55908203125 0.755859375 0.587890625 0.755859375 0.63916015625 0.7529296875 0.6591796875 0.75390625 0.66748046875 0.75390625 0.67236328125 0.7509765625 0.6728515625 0.75390625 0.673828125 0.779296875 0.6767578125 0.7900390625 0.6826171875 0.794921875 0.7001953125 0.796875 0.70556640625 0.791015625 0.7080078125 0.7646484375 0.7099609375 0.72265625 0.70849609375 0.697265625 0.70947265625 0.6455078125 0.70556640625 0.6005859375 0.69677734375 0.58203125 0.69873046875 0.572265625 0.69921875 0.552734375 0.69677734375 0.5419921875 0.6962890625 0.5283203125 0.6962890625 0.515625 0.69287109375 0.50390625 0.69091796875 0.490234375 0.6767578125 0.4091796875 0.666015625 0.3720703125 0.65576171875 0.3515625 0.64404296875 0.3505859375 0.63232421875 0.34765625 0.60498046875 0.34375 0.57275390625 0.33984375 0.52490234375 0.3486328125 0.5185546875 0.34765625 0.50830078125 0.3681640625 0.5029296875 0.390625
13 0.6337890625 0.537109375 0.55322265625 0.5361328125 0.55419921875 0.5693359375 0.63427734375 0.572265625 0.6337890625 0.537109375
28 0.50537109375 0.1650390625 0.50537109375 0.1572265625 0.494140625 0.1572265625 0.494140625 0.1650390625 0.50537109375 0.1650390625
28 0.51171875 0.271484375 0.51220703125 0.263671875 0.50390625 0.265625 0.50390625 0.271484375 0.51171875 0.271484375
9 0.8076171875 0.9541015625 0.671875 0.9345703125 0.56689453125 0.9228515625 0.58349609375 0.9091796875 0.59033203125 0.8759765625 0.587890625 0.8466796875 0.57373046875 0.82421875 0.55517578125 0.82421875 0.541015625 0.8408203125 0.53515625 0.875 0.54296875 0.91015625 0.5576171875 0.9248046875 0.5283203125 0.927734375 0.40087890625 0.943359375 0.26806640625 0.9697265625 0.18896484375 0.9853515625 0.13232421875 0.9990234375 0.990234375 0.9990234375 0.91943359375 0.978515625 0.8076171875 0.9541015625