25 0 0.9990234375 0.99951171875 0.9990234375 0.99951171875 0.4677734375 0.783203125 0.4921875 0 0.5810546875 0 0.9990234375
26 0 0.611328125 0.0615234375 0.6044921875 0.12158203125 0.59765625 0.23876953125 0.5859375 0.36474609375 0.5732421875 0.44677734375 0.56640625 0.537109375 0.5556640625 0.6748046875 0.54296875 0.83154296875 0.5224609375 0.93408203125 0.5068359375 0.97998046875 0.501953125 0.99951171875 0.5 0.99951171875 0.4033203125 0.95703125 0.390625 0.8544921875 0.4140625 0.76904296875 0.423828125 0.720703125 0.431640625 0.662109375 0.43359375 0.47412109375 0.4619140625 0.35498046875 0.4677734375 0.24560546875 0.4599609375 0.11083984375 0.4619140625 0 0.474609375 0 0.611328125
3 0 0 0 0.4990234375 0.20166015625 0.4755859375 0.208984375 0 0 0
3 0.18505859375 0 0.18505859375 0.0205078125 0.18701171875 0.2255859375 0.189453125 0.2275390625 0.189453125 0.2314453125 0.1484375 0.2314453125 0.1455078125 0.2333984375 0.14697265625 0.3173828125 0.1494140625 0.4384765625 0.150390625 0.4794921875 0.1533203125 0.4814453125 0.20361328125 0.4755859375 0.24755859375 0.4833984375 0.275390625 0.490234375 0.31787109375 0.4990234375 0.35205078125 0.5068359375 0.36181640625 0.5068359375 0.43115234375 0.49609375 0.49267578125 0.4853515625 0.50048828125 0.486328125 0.521484375 0.4892578125 0.53515625 0.4892578125 0.54833984375 0.4892578125 0.5888671875 0.4853515625 0.6025390625 0.484375 0.61083984375 0.48046875 0.61572265625 0.4697265625 0.63330078125 0.46484375 0.64453125 0.46484375 0.6982421875 0.458984375 0.70458984375 0.458984375 0.720703125 0.455078125 0.720703125 0.4541015625 0.72119140625 0.4501953125 0.75537109375 0.4482421875 0.75537109375 0.466796875 0.7734375 0.4716796875 0.7939453125 0.466796875 0.7939453125 0.443359375 0.80908203125 0.44140625 0.81201171875 0.4384765625 0.8466796875 0.4326171875 0.8818359375 0.4267578125 0.89306640625 0.42578125 0.90087890625 0.423828125 0.92529296875 0.4189453125 0.9560546875 0.4169921875 0.9658203125 0.41796875 0.98828125 0.419921875 0.98828125 0.4267578125 0.99658203125 0.4267578125 0.99951171875 0.42578125 0.99951171875 0 0.18505859375 0
28 0 0 0 0.01953125 0.029296875 0.021484375 0.03076171875 0.0244140625 0.0400390625 0.5234375 0.04248046875 0.5234375 0.05126953125 0.5224609375 0.04345703125 0.1162109375 0.0419921875 0.0087890625 0.041015625 0.00390625 0.025390625 0.001953125 0.02587890625 0 0 0
28 0 0.3056640625 0.02734375 0.3046875 0.0361328125 0.326171875 0.03662109375 0.3203125 0.02978515625 0.302734375 0.0244140625 0.046875 0.0263671875 0.046875 0.02880859375 0.0234375 0.02734375 0.0234375 0.02490234375 0.04296875 0 0.0380859375 0 0.3056640625
28 0.94482421875 0.3603515625 0.9443359375 0.349609375 0.9423828125 0.34765625 0.9384765625 0.34765625 0.93603515625 0.3486328125 0.935546875 0.3544921875 0.93505859375 0.3603515625 0.93701171875 0.4326171875 0.935546875 0.43359375 0.935546875 0.4560546875 0.93701171875 0.458984375 0.9443359375 0.458984375 0.9462890625 0.455078125 0.9482421875 0.4541015625 0.94873046875 0.4384765625 0.9462890625 0.43359375 0.94482421875 0.3603515625
37 0.68994140625 0.388671875 0.68701171875 0.3837890625 0.68408203125 0.380859375 0.6787109375 0.37890625 0.6748046875 0.37890625 0.6708984375 0.37890625 0.6669921875 0.3779296875 0.6650390625 0.3798828125 0.6611328125 0.3837890625 0.65869140625 0.388671875 0.65625 0.3955078125 0.65478515625 0.41015625 0.65673828125 0.419921875 0.65869140625 0.4248046875 0.66455078125 0.4306640625 0.6904296875 0.4365234375 0.69677734375 0.4296875 0.69775390625 0.419921875 0.69580078125 0.4033203125 0.69384765625 0.396484375 0.69189453125 0.392578125 0.68994140625 0.388671875
28 0.65576171875 0.4208984375 0.646484375 0.4248046875 0.6455078125 0.46875 0.6748046875 0.4736328125 0.69287109375 0.46875 0.69775390625 0.4677734375 0.69580078125 0.419921875 0.69482421875 0.419921875 0.65576171875 0.4208984375
28 0.63427734375 0.4052734375 0.61328125 0.427734375 0.6142578125 0.443359375 0.615234375 0.4677734375 0.61962890625 0.4697265625 0.63330078125 0.4697265625 0.634765625 0.4658203125 0.63525390625 0.45703125 0.63427734375 0.4052734375
37 0.486328125 0.423828125 0.48583984375 0.4169921875 0.48291015625 0.41015625 0.47802734375 0.40625 0.4736328125 0.40234375 0.4677734375 0.400390625 0.4609375 0.3974609375 0.45849609375 0.3994140625 0.4560546875 0.4013671875 0.45166015625 0.4052734375 0.44482421875 0.4150390625 0.44189453125 0.4189453125 0.43994140625 0.42578125 0.4384765625 0.435546875 0.43701171875 0.443359375 0.43701171875 0.4501953125 0.447265625 0.4599609375 0.47412109375 0.458984375 0.48974609375 0.453125 0.4892578125 0.4482421875 0.48974609375 0.4404296875 0.4892578125 0.435546875 0.48779296875 0.4287109375 0.486328125 0.423828125
20 0.9228515625 0.3779296875 0.92236328125 0.4765625 0.92724609375 0.4765625 0.927734375 0.3779296875 0.9228515625 0.3779296875
28 0.43310546875 0.4482421875 0.4326171875 0.4501953125 0.43310546875 0.501953125 0.46044921875 0.5087890625 0.49365234375 0.501953125 0.49462890625 0.4990234375 0.49462890625 0.4501953125 0.48974609375 0.443359375 0.43701171875 0.4453125 0.43310546875 0.4482421875
17 0.61962890625 0.5048828125 0.61962890625 0.501953125 0.619140625 0.4990234375 0.619140625 0.498046875 0.6201171875 0.49609375 0.62158203125 0.4921875 0.62158203125 0.4892578125 0.62060546875 0.4853515625 0.62060546875 0.4833984375 0.62109375 0.4755859375 0.62109375 0.4638671875 0.62060546875 0.458984375 0.62060546875 0.455078125 0.6240234375 0.4404296875 0.62451171875 0.4443359375 0.62548828125 0.451171875 0.62646484375 0.4560546875 0.6298828125 0.458984375 0.6318359375 0.4560546875 0.63330078125 0.451171875 0.63427734375 0.4482421875 0.634765625 0.439453125 0.63427734375 0.4326171875 0.63330078125 0.4248046875 0.630859375 0.4140625 0.625 0.3623046875 0.626953125 0.353515625 0.6259765625 0.349609375 0.62353515625 0.349609375 0.62109375 0.349609375 0.61962890625 0.3486328125 0.61865234375 0.3466796875 0.6171875 0.345703125 0.61474609375 0.3427734375 0.61474609375 0.33984375 0.6142578125 0.333984375 0.61328125 0.330078125 0.61181640625 0.3251953125 0.61083984375 0.32421875 0.60888671875 0.32421875 0.607421875 0.32421875 0.60546875 0.326171875 0.603515625 0.3291015625 0.60205078125 0.33203125 0.6015625 0.3359375 0.6015625 0.33984375 0.60205078125 0.341796875 0.6025390625 0.3447265625 0.603515625 0.3466796875 0.6044921875 0.3486328125 0.60498046875 0.3505859375 0.6044921875 0.353515625 0.60302734375 0.35546875 0.6025390625 0.35546875 0.6025390625 0.353515625 0.6005859375 0.353515625 0.599609375 0.3544921875 0.59912109375 0.3564453125 0.59716796875 0.357421875 0.595703125 0.359375 0.59619140625 0.361328125 0.59765625 0.3623046875 0.59912109375 0.3623046875 0.59912109375 0.3662109375 0.59912109375 0.3681640625 0.60009765625 0.369140625 0.6005859375 0.3701171875 0.60009765625 0.3720703125 0.59912109375 0.373046875 0.5986328125 0.3759765625 0.5986328125 0.37890625 0.59912109375 0.3818359375 0.599609375 0.384765625 0.6005859375 0.3857421875 0.60107421875 0.388671875 0.60107421875 0.396484375 0.5986328125 0.4306640625 0.60009765625 0.4365234375 0.60205078125 0.439453125 0.6015625 0.4443359375 0.6015625 0.4482421875 0.6025390625 0.453125 0.607421875 0.46875 0.60986328125 0.4755859375 0.6123046875 0.48046875 0.61328125 0.4833984375 0.61279296875 0.4892578125 0.6123046875 0.4912109375 0.60986328125 0.4931640625 0.60888671875 0.4970703125 0.60791015625 0.498046875 0.607421875 0.4990234375 0.60693359375 0.5009765625 0.60693359375 0.5068359375 0.60693359375 0.5078125 0.60791015625 0.5087890625 0.61083984375 0.5087890625 0.61572265625 0.5087890625 0.6181640625 0.5087890625 0.61962890625 0.5078125 0.61962890625 0.5048828125
17 0.58447265625 0.33203125 0.58447265625 0.330078125 0.58447265625 0.326171875 0.58447265625 0.3232421875 0.583984375 0.322265625 0.58349609375 0.318359375 0.58251953125 0.314453125 0.580078125 0.3115234375 0.57861328125 0.310546875 0.5771484375 0.310546875 0.5751953125 0.3115234375 0.57373046875 0.3134765625 0.57275390625 0.3173828125 0.572265625 0.3203125 0.572265625 0.3232421875 0.57177734375 0.32421875 0.5712890625 0.3251953125 0.5712890625 0.328125 0.57177734375 0.33203125 0.57275390625 0.3359375 0.5751953125 0.341796875 0.57470703125 0.34375 0.57373046875 0.345703125 0.57275390625 0.34765625 0.57275390625 0.3525390625 0.57275390625 0.353515625 0.56884765625 0.353515625 0.5673828125 0.35546875 0.5673828125 0.3583984375 0.56884765625 0.361328125 0.56982421875 0.3642578125 0.56982421875 0.3662109375 0.5693359375 0.3681640625 0.56884765625 0.37109375 0.5693359375 0.3740234375 0.56982421875 0.3759765625 0.5693359375 0.3798828125 0.5673828125 0.3837890625 0.5673828125 0.3857421875 0.5673828125 0.390625 0.56787109375 0.39453125 0.5693359375 0.3974609375 0.56884765625 0.40234375 0.56787109375 0.4130859375 0.56689453125 0.416015625 0.56640625 0.423828125 0.56591796875 0.431640625 0.56591796875 0.4365234375 0.56689453125 0.4375 0.56884765625 0.4375 0.5693359375 0.439453125 0.5693359375 0.44921875 0.56689453125 0.466796875 0.56591796875 0.47265625 0.56591796875 0.474609375 0.56591796875 0.478515625 0.5654296875 0.4814453125 0.56494140625 0.48828125 0.56396484375 0.4921875 0.56298828125 0.4931640625 0.5615234375 0.498046875 0.56103515625 0.501953125 0.56005859375 0.5068359375 0.55859375 0.5078125 0.55712890625 0.5048828125 0.55517578125 0.5029296875 0.55322265625 0.50390625 0.552734375 0.5068359375 0.552734375 0.5107421875 0.55517578125 0.515625 0.55810546875 0.5185546875 0.56103515625 0.51953125 0.5634765625 0.5224609375 0.56591796875 0.5234375 0.56787109375 0.5234375 0.56884765625 0.5224609375 0.56884765625 0.51953125 0.5693359375 0.515625 0.56982421875 0.5126953125 0.56982421875 0.5087890625 0.57080078125 0.50390625 0.57373046875 0.4892578125 0.578125 0.466796875 0.58447265625 0.4541015625 0.58740234375 0.4599609375 0.58740234375 0.462890625 0.58740234375 0.466796875 0.58837890625 0.4697265625 0.5888671875 0.47265625 0.5888671875 0.48046875 0.58935546875 0.4853515625 0.58984375 0.4951171875 0.59033203125 0.498046875 0.59130859375 0.5 0.5927734375 0.501953125 0.591796875 0.5048828125 0.59130859375 0.5087890625 0.58984375 0.51171875 0.58740234375 0.5146484375 0.5859375 0.515625 0.5859375 0.5185546875 0.5859375 0.5205078125 0.5869140625 0.521484375 0.5947265625 0.521484375 0.599609375 0.5205078125 0.6005859375 0.5185546875 0.6005859375 0.5146484375 0.60009765625 0.5126953125 0.599609375 0.5126953125 0.60009765625 0.5078125 0.599609375 0.5 0.599609375 0.484375 0.599609375 0.4765625 0.5986328125 0.4697265625 0.5986328125 0.44140625 0.59912109375 0.43359375 0.6015625 0.4267578125 0.60107421875 0.4140625 0.6015625 0.408203125 0.60009765625 0.396484375 0.59912109375 0.3896484375 0.5986328125 0.3837890625 0.59765625 0.3818359375 0.59765625 0.373046875 0.59765625 0.3681640625 0.59912109375 0.3671875 0.5986328125 0.365234375 0.59716796875 0.359375 0.5966796875 0.357421875 0.595703125 0.3525390625 0.59423828125 0.345703125 0.591796875 0.341796875 0.58984375 0.33984375 0.5869140625 0.3369140625 0.5859375 0.3359375 0.5849609375 0.3330078125 0.58447265625 0.33203125
17 0.52783203125 0.3720703125 0.5283203125 0.3759765625 0.529296875 0.376953125 0.52978515625 0.3779296875 0.52978515625 0.3798828125 0.53076171875 0.380859375 0.53125 0.3828125 0.5302734375 0.384765625 0.52978515625 0.3837890625 0.5283203125 0.380859375 0.52734375 0.3818359375 0.525390625 0.3837890625 0.52490234375 0.3857421875 0.5244140625 0.3876953125 0.52392578125 0.390625 0.52294921875 0.3935546875 0.52197265625 0.3916015625 0.5205078125 0.390625 0.51953125 0.390625 0.51806640625 0.392578125 0.51708984375 0.3974609375 0.51708984375 0.4033203125 0.517578125 0.40625 0.5205078125 0.4091796875 0.52001953125 0.421875 0.51953125 0.4404296875 0.52001953125 0.4423828125 0.52197265625 0.4423828125 0.52294921875 0.44140625 0.52294921875 0.4384765625 0.5234375 0.431640625 0.5234375 0.4248046875 0.52392578125 0.4296875 0.52587890625 0.43359375 0.5263671875 0.4375 0.5263671875 0.4404296875 0.5263671875 0.447265625 0.5263671875 0.4560546875 0.52734375 0.4658203125 0.52783203125 0.4697265625 0.52978515625 0.4775390625 0.53076171875 0.484375 0.53125 0.4892578125 0.53173828125 0.49609375 0.53125 0.5 0.53076171875 0.501953125 0.529296875 0.5029296875 0.52734375 0.5068359375 0.52490234375 0.5087890625 0.5244140625 0.509765625 0.5244140625 0.5107421875 0.5244140625 0.51171875 0.52490234375 0.5126953125 0.5361328125 0.5126953125 0.537109375 0.51171875 0.53759765625 0.509765625 0.53759765625 0.5048828125 0.537109375 0.5009765625 0.53662109375 0.49609375 0.537109375 0.4814453125 0.54150390625 0.48828125 0.54248046875 0.4912109375 0.54248046875 0.4951171875 0.54150390625 0.49609375 0.5419921875 0.4970703125 0.54296875 0.49609375 0.54345703125 0.4970703125 0.54345703125 0.5009765625 0.54345703125 0.5048828125 0.544921875 0.5078125 0.54638671875 0.5078125 0.54736328125 0.5048828125 0.54833984375 0.5029296875 0.54833984375 0.5009765625 0.54833984375 0.49609375 0.54833984375 0.4912109375 0.548828125 0.4892578125 0.54931640625 0.4873046875 0.548828125 0.4833984375 0.5478515625 0.4794921875 0.5458984375 0.4794921875 0.54345703125 0.4794921875 0.54150390625 0.4765625 0.5361328125 0.466796875 0.54638671875 0.458984375 0.54736328125 0.45703125 0.54736328125 0.455078125 0.546875 0.4501953125 0.54638671875 0.4482421875 0.54638671875 0.4453125 0.5458984375 0.4404296875 0.544921875 0.431640625 0.54345703125 0.4169921875 0.54248046875 0.4140625 0.5439453125 0.404296875 0.544921875 0.3974609375 0.544921875 0.3876953125 0.54345703125 0.3818359375 0.54150390625 0.3779296875 0.5400390625 0.3759765625 0.53955078125 0.3720703125 0.53955078125 0.369140625 0.53955078125 0.3642578125 0.5390625 0.3583984375 0.53759765625 0.35546875 0.5361328125 0.353515625 0.5341796875 0.353515625 0.53173828125 0.353515625 0.5302734375 0.3544921875 0.52880859375 0.357421875 0.52783203125 0.3603515625 0.52734375 0.365234375 0.52734375 0.3701171875 0.52783203125 0.3720703125
28 0.62451171875 0.3544921875 0.62451171875 0.41796875 0.62548828125 0.41796875 0.62744140625 0.41796875 0.630859375 0.419921875 0.63232421875 0.421875 0.63330078125 0.421875 0.63330078125 0.419921875 0.634765625 0.419921875 0.654296875 0.419921875 0.65478515625 0.4189453125 0.65576171875 0.41796875 0.65673828125 0.4169921875 0.65673828125 0.4150390625 0.65625 0.4140625 0.65576171875 0.33984375 0.65576171875 0.3359375 0.65478515625 0.33203125 0.65380859375 0.330078125 0.65283203125 0.3291015625 0.6357421875 0.3291015625 0.634765625 0.330078125 0.62890625 0.33984375 0.626953125 0.345703125 0.62548828125 0.345703125 0.62451171875 0.3505859375 0.62451171875 0.353515625 0.62451171875 0.3544921875
19 0.853515625 0.380859375 0.853515625 0.4736328125 0.857421875 0.4736328125 0.85791015625 0.380859375 0.853515625 0.380859375
19 0.62548828125 0.1806640625 0.62548828125 0.19921875 0.6259765625 0.2900390625 0.626953125 0.435546875 0.62744140625 0.52734375 0.63134765625 0.52734375 0.6318359375 0.52734375 0.63037109375 0.1787109375 0.62548828125 0.1806640625
31 0.61669921875 0.1201171875 0.61279296875 0.1357421875 0.61279296875 0.15234375 0.6142578125 0.166015625 0.61865234375 0.177734375 0.62255859375 0.185546875 0.62646484375 0.1884765625 0.630859375 0.189453125 0.634765625 0.1884765625 0.63720703125 0.185546875 0.6416015625 0.1787109375 0.64404296875 0.169921875 0.6455078125 0.16015625 0.646484375 0.1513671875 0.646484375 0.140625 0.64404296875 0.1298828125 0.640625 0.119140625 0.63671875 0.111328125 0.6318359375 0.107421875 0.62890625 0.1064453125 0.6240234375 0.1083984375 0.61962890625 0.1123046875 0.61669921875 0.1201171875
10 0 0.4990234375 0.02880859375 0.4990234375 0.12451171875 0.4921875 0.203125 0.48828125 0.375 0.4765625 0.65283203125 0.4599609375 0.89990234375 0.4384765625 0.96337890625 0.4326171875 0.9638671875 0.427734375 0.6748046875 0.4521484375 0.30517578125 0.4736328125 0 0.4931640625 0 0.4990234375
10 0.13232421875 0.427734375 0.1259765625 0.427734375 0.12939453125 0.58203125 0.134765625 0.58203125 0.13232421875 0.427734375
10 0.3046875 0.4189453125 0.29833984375 0.419921875 0.298828125 0.4267578125 0.2998046875 0.564453125 0.30517578125 0.564453125 0.3046875 0.4189453125
10 0.45361328125 0.4921875 0.45361328125 0.4130859375 0.4482421875 0.4140625 0.44873046875 0.501953125 0.44873046875 0.55078125 0.4541015625 0.55078125 0.45361328125 0.4921875
10 0.58349609375 0.537109375 0.583984375 0.408203125 0.57958984375 0.408203125 0.5791015625 0.5390625 0.58349609375 0.5390625 0.58349609375 0.537109375
10 0.6953125 0.404296875 0.69482421875 0.525390625 0.69873046875 0.525390625 0.7001953125 0.4033203125 0.6953125 0.404296875
10 0.7958984375 0.3994140625 0.79541015625 0.513671875 0.79931640625 0.513671875 0.80029296875 0.3955078125 0.7958984375 0.3994140625
10 0.88330078125 0.39453125 0.88232421875 0.501953125 0.88623046875 0.501953125 0.88818359375 0.3916015625 0.88330078125 0.39453125
19 0.81298828125 0.0986328125 0.81005859375 0.0986328125 0.81005859375 0.1318359375 0.81298828125 0.1298828125 0.81201171875 0.1220703125 0.81298828125 0.0986328125
19 0.8447265625 0.1064453125 0.8447265625 0.1337890625 0.84619140625 0.1328125 0.8466796875 0.10546875 0.8447265625 0.1064453125
19 0.89892578125 0.142578125 0.8994140625 0.1171875 0.8974609375 0.1181640625 0.8974609375 0.150390625 0.89892578125 0.142578125
19 0.92626953125 0.1259765625 0.923828125 0.1259765625 0.923828125 0.146484375 0.92529296875 0.146484375 0.92626953125 0.1435546875 0.92626953125 0.1259765625
31 0.80419921875 0.1767578125 0.85107421875 0.181640625 0.8515625 0.1796875 0.8515625 0.130859375 0.8505859375 0.1298828125 0.80517578125 0.12109375 0.80419921875 0.123046875 0.8037109375 0.1748046875 0.80419921875 0.1767578125
31 0.89208984375 0.1865234375 0.892578125 0.189453125 0.92919921875 0.193359375 0.9296875 0.19140625 0.93017578125 0.1474609375 0.9296875 0.1455078125 0.89501953125 0.1396484375 0.89306640625 0.1396484375 0.892578125 0.1416015625 0.89208984375 0.1865234375
10 0 0.4365234375 0.0166015625 0.435546875 0.30517578125 0.421875 0.60546875 0.4091796875 0.955078125 0.390625 0.9580078125 0.390625 0.9599609375 0.3916015625 0.9609375 0.392578125 0.9619140625 0.3935546875 0.9619140625 0.396484375 0.9619140625 0.4130859375 0.96044921875 0.4912109375 0.9609375 0.4921875 0.96337890625 0.4921875 0.96435546875 0.4912109375 0.96533203125 0.39453125 0.96533203125 0.388671875 0.96484375 0.3857421875 0.9638671875 0.3837890625 0.9619140625 0.3828125 0.96044921875 0.3828125 0.76318359375 0.3935546875 0.52734375 0.404296875 0.142578125 0.41796875 0.0322265625 0.423828125 0 0.4248046875 0 0.4365234375
28 0.97021484375 0.2431640625 0.98193359375 0.2392578125 0.98828125 0.228515625 0.990234375 0.2158203125 0.98828125 0.2041015625 0.982421875 0.1982421875 0.97607421875 0.1982421875 0.96875 0.197265625 0.96044921875 0.19921875 0.9599609375 0.240234375 0.97021484375 0.2431640625
9 0.91845703125 0.9208984375 0.79150390625 0.900390625 0.6669921875 0.8837890625 0.59619140625 0.8759765625 0.59619140625 0.87109375 0.60498046875 0.8671875 0.615234375 0.8466796875 0.61767578125 0.818359375 0.611328125 0.7900390625 0.59716796875 0.77734375 0.58349609375 0.779296875 0.572265625 0.7919921875 0.568359375 0.8037109375 0.5654296875 0.818359375 0.564453125 0.8359375 0.56689453125 0.8525390625 0.57568359375 0.87109375 0.58740234375 0.875 0.58740234375 0.87890625 0.51904296875 0.88671875 0.4013671875 0.90234375 0.27197265625 0.9267578125 0.1884765625 0.947265625 0.01220703125 0.9912109375 0.01171875 0.9990234375 0.99951171875 0.9990234375 0.99951171875 0.935546875 0.91845703125 0.9208984375
22 0.203125 0 0.99951171875 0.02734375 0.99951171875 0 0.203125 0
22 0.99951171875 0.4970703125 0.99462890625 0.9990234375 0.99951171875 0.9990234375 0.99951171875 0.4970703125
22 0 0 0 0.462890625 0.00830078125 0 0 0
22 0 0.9990234375 0.94580078125 0.9990234375 0.5302734375 0.9599609375 0 0.9541015625 0 0.9990234375