25 0 0.9990234375 0.99951171875 0.9990234375 0.99951171875 0.5771484375 0.7783203125 0.3662109375 0.54150390625 0.3828125 0 0.6083984375 0 0.9990234375
26 0 0.681640625 0.408203125 0.5234375 0.4091796875 0.5185546875 0.42919921875 0.5107421875 0.43505859375 0.4951171875 0.52294921875 0.4755859375 0.56884765625 0.4580078125 0.5693359375 0.45703125 0.56787109375 0.455078125 0.56640625 0.455078125 0.5302734375 0.4501953125 0.5185546875 0.435546875 0 0.5341796875 0 0.681640625
3 0 0 0 0.5498046875 0 0.560546875 0.0361328125 0.56640625 0.44140625 0.4765625 0.53466796875 0.4443359375 0.61181640625 0.4501953125 0.70703125 0.4443359375 0.79150390625 0.443359375 0.83935546875 0.447265625 0.91796875 0.435546875 0.92578125 0.4462890625 0.99951171875 0.4521484375 0.99951171875 0 0 0
28 0.51318359375 0.28125 0.51220703125 0.2822265625 0.51318359375 0.2919921875 0.5263671875 0.2900390625 0.5263671875 0.279296875 0.513671875 0.279296875 0.51318359375 0.28125
28 0.517578125 0.310546875 0.51708984375 0.3056640625 0.525390625 0.3056640625 0.525390625 0.30078125 0.5146484375 0.302734375 0.51171875 0.302734375 0.50830078125 0.3056640625 0.50634765625 0.3115234375 0.5078125 0.322265625 0.5078125 0.3291015625 0.5068359375 0.3359375 0.515625 0.3359375 0.515625 0.3271484375 0.51708984375 0.322265625 0.517578125 0.3212890625 0.517578125 0.310546875
28 0.53173828125 0.3291015625 0.5322265625 0.32421875 0.533203125 0.3212890625 0.53173828125 0.314453125 0.5302734375 0.310546875 0.52685546875 0.30859375 0.52294921875 0.310546875 0.52001953125 0.318359375 0.52001953125 0.3251953125 0.52294921875 0.3349609375 0.521484375 0.3359375 0.521484375 0.345703125 0.53076171875 0.345703125 0.5302734375 0.3359375 0.5302734375 0.3330078125 0.53173828125 0.3291015625
19 0.52685546875 0.28125 0.525390625 0.279296875 0.52392578125 0.396484375 0.529296875 0.40234375 0.52685546875 0.3798828125 0.52685546875 0.28125
26 0.77490234375 0.462890625 0.78466796875 0.4677734375 0.81689453125 0.4951171875 0.84814453125 0.5166015625 0.99951171875 0.6220703125 0.99951171875 0.4462890625 0.861328125 0.4462890625 0.77490234375 0.462890625
19 0.54638671875 0.4013671875 0.5439453125 0.3984375 0.53466796875 0.4443359375 0.5322265625 0.4541015625 0.537109375 0.455078125 0.54638671875 0.4013671875
17 0.55859375 0.427734375 0.55859375 0.419921875 0.55810546875 0.4169921875 0.55712890625 0.4150390625 0.55615234375 0.41015625 0.5556640625 0.404296875 0.55419921875 0.4013671875 0.55322265625 0.3984375 0.55419921875 0.3935546875 0.55419921875 0.390625 0.55224609375 0.388671875 0.55078125 0.388671875 0.54931640625 0.3935546875 0.54931640625 0.3994140625 0.546875 0.4013671875 0.54541015625 0.4072265625 0.544921875 0.41015625 0.54541015625 0.4140625 0.544921875 0.419921875 0.54541015625 0.4208984375 0.546875 0.4208984375 0.5478515625 0.431640625 0.5478515625 0.43359375 0.546875 0.4541015625 0.548828125 0.4541015625 0.55029296875 0.4365234375 0.55078125 0.4384765625 0.55029296875 0.4541015625 0.55029296875 0.45703125 0.55224609375 0.45703125 0.55419921875 0.435546875 0.5556640625 0.42578125 0.55712890625 0.4287109375 0.55859375 0.427734375
5 0.6435546875 0.427734375 0.6396484375 0.4248046875 0.6396484375 0.4208984375 0.64453125 0.419921875 0.64599609375 0.41796875 0.646484375 0.4150390625 0.64111328125 0.4140625 0.640625 0.4169921875 0.6396484375 0.41796875 0.63427734375 0.396484375 0.6328125 0.3955078125 0.63134765625 0.3935546875 0.6259765625 0.3916015625 0.61669921875 0.390625 0.60888671875 0.390625 0.60205078125 0.390625 0.5986328125 0.3916015625 0.5966796875 0.396484375 0.5927734375 0.4140625 0.58935546875 0.412109375 0.58544921875 0.4140625 0.58740234375 0.41796875 0.59033203125 0.4208984375 0.5888671875 0.4287109375 0.58740234375 0.4384765625 0.58642578125 0.443359375 0.5888671875 0.447265625 0.5888671875 0.44921875 0.5888671875 0.4736328125 0.59033203125 0.4755859375 0.595703125 0.4755859375 0.595703125 0.4677734375 0.63037109375 0.4658203125 0.63134765625 0.4658203125 0.6318359375 0.4677734375 0.6318359375 0.47265625 0.6357421875 0.47265625 0.6357421875 0.4765625 0.6435546875 0.4755859375 0.64453125 0.4443359375 0.64599609375 0.4384765625 0.64599609375 0.435546875 0.6435546875 0.427734375
13 0.609375 0.4462890625 0.6103515625 0.4541015625 0.6259765625 0.4541015625 0.6259765625 0.4462890625 0.6103515625 0.4462890625 0.609375 0.4462890625
5 0.66259765625 0.435546875 0.662109375 0.439453125 0.662109375 0.4501953125 0.66650390625 0.4521484375 0.66748046875 0.4521484375 0.66796875 0.4521484375 0.66796875 0.45703125 0.67138671875 0.455078125 0.671875 0.4521484375 0.673828125 0.4521484375 0.67578125 0.4541015625 0.67724609375 0.45703125 0.67822265625 0.4541015625 0.6875 0.4501953125 0.69580078125 0.4365234375 0.69384765625 0.404296875 0.6806640625 0.404296875 0.671875 0.419921875 0.66748046875 0.42578125 0.6650390625 0.4287109375 0.66259765625 0.435546875
5 0.75390625 0.44140625 0.75830078125 0.4365234375 0.75830078125 0.427734375 0.75634765625 0.419921875 0.75390625 0.41796875 0.75 0.4169921875 0.7431640625 0.412109375 0.72900390625 0.41796875 0.7275390625 0.443359375 0.73779296875 0.455078125 0.73828125 0.455078125 0.7392578125 0.4580078125 0.74365234375 0.455078125 0.74609375 0.4501953125 0.7470703125 0.44140625 0.75390625 0.44140625
34 0.673828125 0.44921875 0.6806640625 0.4501953125 0.68115234375 0.4541015625 0.68115234375 0.462890625 0.68212890625 0.462890625 0.68505859375 0.462890625 0.68603515625 0.4609375 0.68896484375 0.46484375 0.69287109375 0.46484375 0.69384765625 0.4599609375 0.6982421875 0.4580078125 0.6982421875 0.455078125 0.69970703125 0.4541015625 0.701171875 0.4521484375 0.716796875 0.4521484375 0.7216796875 0.455078125 0.7236328125 0.455078125 0.72314453125 0.4609375 0.7236328125 0.46484375 0.72607421875 0.46484375 0.7353515625 0.46484375 0.7353515625 0.4580078125 0.736328125 0.45703125 0.73828125 0.4580078125 0.73828125 0.4609375 0.73974609375 0.4609375 0.7431640625 0.4599609375 0.74365234375 0.455078125 0.74365234375 0.435546875 0.74462890625 0.4306640625 0.74609375 0.427734375 0.7470703125 0.4208984375 0.74853515625 0.41796875 0.74853515625 0.390625 0.7490234375 0.390625 0.75146484375 0.390625 0.75390625 0.390625 0.75439453125 0.388671875 0.75439453125 0.3642578125 0.7529296875 0.3623046875 0.75146484375 0.361328125 0.7509765625 0.359375 0.7490234375 0.359375 0.7509765625 0.310546875 0.73974609375 0.2958984375 0.7392578125 0.294921875 0.6728515625 0.294921875 0.671875 0.2978515625 0.669921875 0.4150390625 0.67431640625 0.4169921875 0.67529296875 0.41796875 0.673828125 0.44921875
13 0.673828125 0.439453125 0.68310546875 0.439453125 0.68310546875 0.4306640625 0.673828125 0.4306640625 0.673828125 0.439453125
17 0.81103515625 0.427734375 0.81103515625 0.42578125 0.81103515625 0.4072265625 0.81005859375 0.404296875 0.8095703125 0.3994140625 0.80810546875 0.396484375 0.8056640625 0.3955078125 0.80322265625 0.3984375 0.8046875 0.4072265625 0.80419921875 0.412109375 0.8017578125 0.412109375 0.80224609375 0.4150390625 0.80224609375 0.41796875 0.8017578125 0.4248046875 0.80322265625 0.427734375 0.80322265625 0.4287109375 0.8017578125 0.4365234375 0.8017578125 0.439453125 0.8017578125 0.443359375 0.80322265625 0.4501953125 0.80419921875 0.44921875 0.8046875 0.447265625 0.8056640625 0.4443359375 0.80615234375 0.4462890625 0.80615234375 0.455078125 0.80810546875 0.455078125 0.80859375 0.4580078125 0.80859375 0.44921875 0.80712890625 0.435546875 0.80810546875 0.43359375 0.81103515625 0.427734375
19 0.81689453125 0.314453125 0.81396484375 0.4521484375 0.81640625 0.45703125 0.8193359375 0.314453125 0.81689453125 0.314453125
31 0.81884765625 0.3115234375 0.81884765625 0.3212890625 0.828125 0.3212890625 0.82861328125 0.3212890625 0.82861328125 0.3115234375 0.81884765625 0.3115234375
31 0.8349609375 0.3544921875 0.83642578125 0.3515625 0.837890625 0.34765625 0.837890625 0.3427734375 0.83740234375 0.3349609375 0.83349609375 0.33203125 0.8271484375 0.3349609375 0.82568359375 0.3408203125 0.82470703125 0.3486328125 0.826171875 0.353515625 0.82958984375 0.3564453125 0.8349609375 0.3544921875
31 0.82275390625 0.337890625 0.8203125 0.3349609375 0.81884765625 0.3330078125 0.81689453125 0.3330078125 0.8134765625 0.3359375 0.8115234375 0.3427734375 0.8115234375 0.34765625 0.8115234375 0.3515625 0.8134765625 0.3544921875 0.8154296875 0.3583984375 0.81640625 0.359375 0.8203125 0.359375 0.8232421875 0.3544921875 0.82470703125 0.3486328125 0.82470703125 0.3427734375 0.82275390625 0.337890625
31 0.8134765625 0.3662109375 0.82177734375 0.3662109375 0.82177734375 0.3564453125 0.8134765625 0.3564453125 0.8134765625 0.3662109375
31 0.8271484375 0.3662109375 0.83544921875 0.3662109375 0.83544921875 0.3544921875 0.8271484375 0.3544921875 0.8271484375 0.3662109375
37 0.84326171875 0 0.8427734375 0.0185546875 0.84033203125 0.015625 0.83544921875 0.0185546875 0.833984375 0.0234375 0.828125 0.0234375 0.8232421875 0.02734375 0.82080078125 0.02734375 0.8154296875 0.029296875 0.8203125 0.03515625 0.82275390625 0.0390625 0.82080078125 0.0400390625 0.8203125 0.0458984375 0.81787109375 0.0478515625 0.81640625 0.052734375 0.81396484375 0.05078125 0.8134765625 0.052734375 0.81396484375 0.060546875 0.81494140625 0.0634765625 0.81494140625 0.064453125 0.81494140625 0.072265625 0.8134765625 0.0751953125 0.80712890625 0.0849609375 0.80419921875 0.08984375 0.7978515625 0.09765625 0.79931640625 0.1015625 0.8017578125 0.1064453125 0.80224609375 0.109375 0.80419921875 0.1142578125 0.8095703125 0.1064453125 0.81396484375 0.111328125 0.8115234375 0.1142578125 0.81005859375 0.1171875 0.80859375 0.123046875 0.80712890625 0.1298828125 0.80712890625 0.1357421875 0.81005859375 0.1455078125 0.81396484375 0.146484375 0.8154296875 0.15234375 0.81494140625 0.1591796875 0.81103515625 0.1640625 0.80810546875 0.1640625 0.80712890625 0.1708984375 0.80419921875 0.1728515625 0.80224609375 0.16015625 0.8017578125 0.15625 0.80029296875 0.1416015625 0.7978515625 0.1376953125 0.79248046875 0.1337890625 0.78955078125 0.1376953125 0.78857421875 0.1435546875 0.7861328125 0.1494140625 0.7841796875 0.1591796875 0.779296875 0.1650390625 0.775390625 0.16015625 0.77490234375 0.1591796875 0.77294921875 0.1640625 0.7724609375 0.16796875 0.77099609375 0.177734375 0.77783203125 0.1787109375 0.78173828125 0.185546875 0.78466796875 0.1884765625 0.779296875 0.193359375 0.779296875 0.1962890625 0.7802734375 0.2041015625 0.7861328125 0.21484375 0.78857421875 0.20703125 0.791015625 0.2080078125 0.79296875 0.212890625 0.79296875 0.21484375 0.79296875 0.22265625 0.796875 0.2294921875 0.80078125 0.2294921875 0.80810546875 0.2333984375 0.80859375 0.236328125 0.80859375 0.244140625 0.80419921875 0.2470703125 0.80615234375 0.255859375 0.8115234375 0.2587890625 0.81640625 0.2607421875 0.8134765625 0.2705078125 0.8115234375 0.2734375 0.8095703125 0.28515625 0.80859375 0.294921875 0.80322265625 0.294921875 0.80322265625 0.30078125 0.8115234375 0.30859375 0.81396484375 0.310546875 0.8154296875 0.302734375 0.81884765625 0.3037109375 0.81884765625 0.2958984375 0.82421875 0.29296875 0.82470703125 0.2822265625 0.8271484375 0.2822265625 0.828125 0.279296875 0.83544921875 0.27734375 0.841796875 0.2841796875 0.84326171875 0.3037109375 0.83740234375 0.31640625 0.83349609375 0.33203125 0.8349609375 0.3408203125 0.8388671875 0.3359375 0.84326171875 0.3134765625 0.8466796875 0.3115234375 0.84716796875 0.322265625 0.8486328125 0.330078125 0.85498046875 0.33203125 0.85498046875 0.3271484375 0.8603515625 0.30859375 0.86669921875 0.3115234375 0.86865234375 0.3193359375 0.86962890625 0.3271484375 0.87255859375 0.3291015625 0.87744140625 0.3251953125 0.88037109375 0.3251953125 0.88037109375 0.322265625 0.8779296875 0.3115234375 0.8818359375 0.3115234375 0.88720703125 0.3134765625 0.89208984375 0.310546875 0.892578125 0.3056640625 0.8974609375 0.306640625 0.89599609375 0.431640625 0.8974609375 0.44140625 0.9072265625 0.44140625 0.9267578125 0.2734375 0.94189453125 0.302734375 0.94140625 0.29296875 0.94384765625 0.294921875 0.94384765625 0.28515625 0.94140625 0.2822265625 0.94677734375 0.27734375 0.9482421875 0.2705078125 0.955078125 0.2685546875 0.95751953125 0.2744140625 0.95849609375 0.28125 0.958984375 0.2900390625 0.96044921875 0.3056640625 0.9658203125 0.3251953125 0.9697265625 0.322265625 0.97509765625 0.314453125 0.97509765625 0.3115234375 0.978515625 0.29296875 0.98291015625 0.2958984375 0.98681640625 0.2998046875 0.9931640625 0.29296875 0.9921875 0.28515625 0.99560546875 0.2763671875 0.9921875 0.271484375 0.9921875 0.2587890625 0.99951171875 0.2607421875 0.99951171875 0.1298828125 0.9931640625 0.1220703125 0.98974609375 0.123046875 0.9853515625 0.1201171875 0.98291015625 0.1162109375 0.9853515625 0.111328125 0.98779296875 0.1083984375 0.99072265625 0.1044921875 0.99560546875 0.1015625 0.99560546875 0.0986328125 0.99560546875 0.095703125 0.9970703125 0.0908203125 0.99951171875 0.087890625 0.99951171875 0.072265625 0.99462890625 0.072265625 0.99169921875 0.0712890625 0.98828125 0.068359375 0.984375 0.06640625 0.97998046875 0.07421875 0.9775390625 0.06640625 0.9775390625 0.0615234375 0.97998046875 0.0537109375 0.98291015625 0.0537109375 0.984375 0.0498046875 0.98779296875 0.04296875 0.98681640625 0.0400390625 0.9892578125 0.0341796875 0.9892578125 0.03125 0.9931640625 0.021484375 0.99072265625 0.015625 0.9892578125 0.0078125 0.9892578125 0.0029296875 0.98779296875 0 0.9716796875 0 0.84326171875 0
17 0.892578125 0.3916015625 0.89208984375 0.3935546875 0.89208984375 0.396484375 0.89208984375 0.3994140625 0.89111328125 0.4013671875 0.8896484375 0.40234375 0.88818359375 0.40625 0.88818359375 0.4091796875 0.888671875 0.412109375 0.88720703125 0.4150390625 0.88671875 0.427734375 0.89111328125 0.4306640625 0.89501953125 0.4248046875 0.89599609375 0.41796875 0.896484375 0.3955078125 0.896484375 0.390625 0.89453125 0.388671875 0.892578125 0.3916015625
26 0.99951171875 0.486328125 0.99853515625 0.4873046875 0.93994140625 0.486328125 0.921875 0.4873046875 0.92138671875 0.4921875 0.92431640625 0.4970703125 0.9365234375 0.501953125 0.96142578125 0.5048828125 0.99951171875 0.501953125 0.99951171875 0.486328125
1 0.8388671875 0.4599609375 0.84326171875 0.4599609375 0.845703125 0.4580078125 0.8466796875 0.4580078125 0.84716796875 0.4599609375 0.849609375 0.4609375 0.85400390625 0.4599609375 0.85888671875 0.45703125 0.86181640625 0.455078125 0.8642578125 0.455078125 0.8671875 0.455078125 0.8681640625 0.4580078125 0.87109375 0.4599609375 0.8759765625 0.4599609375 0.88037109375 0.4599609375 0.88330078125 0.4599609375 0.88818359375 0.4609375 0.89208984375 0.4580078125 0.892578125 0.455078125 0.89453125 0.4501953125 0.89794921875 0.44921875 0.89990234375 0.447265625 0.9033203125 0.43359375 0.9033203125 0.42578125 0.8974609375 0.4228515625 0.89453125 0.4228515625 0.89208984375 0.419921875 0.88818359375 0.4150390625 0.88818359375 0.412109375 0.88818359375 0.41015625 0.88427734375 0.4091796875 0.8818359375 0.4150390625 0.8759765625 0.41015625 0.8720703125 0.4091796875 0.87060546875 0.4091796875 0.86962890625 0.4072265625 0.8681640625 0.4072265625 0.8642578125 0.41015625 0.859375 0.41015625 0.85888671875 0.40625 0.85546875 0.40625 0.85498046875 0.4072265625 0.853515625 0.412109375 0.85107421875 0.4150390625 0.849609375 0.4169921875 0.84716796875 0.4150390625 0.8447265625 0.4140625 0.8427734375 0.4140625 0.841796875 0.4169921875 0.84033203125 0.4248046875 0.83740234375 0.435546875 0.8349609375 0.443359375 0.83251953125 0.455078125 0.833984375 0.4599609375 0.83740234375 0.4599609375 0.8388671875 0.4599609375
19 0.84326171875 0 0.83740234375 0.4736328125 0.84326171875 0.4736328125 0.8408203125 0.4609375 0.845703125 0.0166015625 0.845703125 0 0.84326171875 0
31 0.85205078125 0.306640625 0.8525390625 0.310546875 0.853515625 0.3115234375 0.85791015625 0.314453125 0.86474609375 0.30859375 0.86669921875 0.3037109375 0.86962890625 0.294921875 0.86962890625 0.287109375 0.86669921875 0.2763671875 0.8642578125 0.2734375 0.857421875 0.2705078125 0.85400390625 0.2734375 0.8486328125 0.2822265625 0.84326171875 0.2978515625 0.845703125 0.302734375 0.8486328125 0.3056640625 0.85205078125 0.306640625
31 0.85205078125 0.3212890625 0.86669921875 0.322265625 0.86572265625 0.306640625 0.85107421875 0.306640625 0.85205078125 0.3212890625
31 0.85009765625 0.2841796875 0.84716796875 0.279296875 0.84326171875 0.2744140625 0.837890625 0.2763671875 0.83349609375 0.2841796875 0.8310546875 0.2900390625 0.83251953125 0.3037109375 0.8349609375 0.30859375 0.83740234375 0.318359375 0.8466796875 0.3134765625 0.85009765625 0.30078125 0.85107421875 0.294921875 0.85009765625 0.2841796875
31 0.83349609375 0.3251953125 0.84814453125 0.32421875 0.84716796875 0.30859375 0.833984375 0.310546875 0.83349609375 0.3251953125
19 0.87939453125 0.265625 0.88134765625 0.2685546875 0.8818359375 0.431640625 0.88330078125 0.4365234375 0.8857421875 0.2666015625 0.87939453125 0.265625
31 0.85205078125 0.322265625 0.86572265625 0.3212890625 0.86572265625 0.306640625 0.85107421875 0.30859375 0.85205078125 0.322265625
19 0.87939453125 0.265625 0.88134765625 0.2685546875 0.8818359375 0.431640625 0.88330078125 0.4365234375 0.8857421875 0.2666015625 0.87939453125 0.265625
5 0.97216796875 0.4462890625 0.97216796875 0.4208984375 0.96923828125 0.3955078125 0.9677734375 0.3955078125 0.96533203125 0.3935546875 0.9365234375 0.396484375 0.91748046875 0.40625 0.92041015625 0.4150390625 0.93310546875 0.4462890625 0.97216796875 0.4462890625
0 0.94140625 0.4580078125 0.9482421875 0.4609375 0.95361328125 0.4609375 0.955078125 0.4580078125 0.9560546875 0.4580078125 0.9599609375 0.4609375 0.96435546875 0.4609375 0.9658203125 0.4580078125 0.9677734375 0.4609375 0.97314453125 0.4580078125 0.97705078125 0.4599609375 0.98388671875 0.4609375 0.986328125 0.4521484375 0.9853515625 0.439453125 0.98388671875 0.4365234375 0.9814453125 0.4306640625 0.97998046875 0.427734375 0.982421875 0.4228515625 0.98291015625 0.4150390625 0.974609375 0.4169921875 0.9697265625 0.419921875 0.966796875 0.4248046875 0.9638671875 0.419921875 0.9560546875 0.419921875 0.94970703125 0.4208984375 0.9443359375 0.419921875 0.93994140625 0.419921875 0.93115234375 0.427734375 0.92724609375 0.443359375 0.9375 0.4521484375 0.94140625 0.4580078125
28 0.9443359375 0.2578125 0.9228515625 0.255859375 0.90185546875 0.2578125 0.8974609375 0.2607421875 0.8974609375 0.271484375 0.9033203125 0.271484375 0.89892578125 0.4609375 0.91357421875 0.4609375 0.91357421875 0.4765625 0.92919921875 0.4765625 0.9296875 0.462890625 0.9384765625 0.4599609375 0.93994140625 0.271484375 0.94189453125 0.271484375 0.94287109375 0.271484375 0.9443359375 0.2578125
19 0.99951171875 0.345703125 0.9970703125 0.34765625 0.99365234375 0.4873046875 0.99755859375 0.4912109375 0.99951171875 0.4921875 0.99951171875 0.345703125
19 0.919921875 0.427734375 0.92041015625 0.501953125 0.92431640625 0.501953125 0.92431640625 0.4306640625 0.92431640625 0.42578125 0.921875 0.42578125 0.919921875 0.427734375
28 0.8046875 0.4677734375 0.80712890625 0.470703125 0.80810546875 0.47265625 0.82861328125 0.4736328125 0.82958984375 0.4765625 0.82958984375 0.4833984375 0.82861328125 0.4912109375 0.830078125 0.494140625 0.83349609375 0.494140625 0.85546875 0.494140625 0.857421875 0.4912109375 0.86328125 0.4912109375 0.86328125 0.484375 0.86328125 0.4814453125 0.87890625 0.4814453125 0.87890625 0.470703125 0.8759765625 0.4609375 0.86669921875 0.455078125 0.859375 0.4599609375 0.8564453125 0.4658203125 0.8525390625 0.4609375 0.84716796875 0.4609375 0.837890625 0.462890625 0.8310546875 0.470703125 0.82861328125 0.4580078125 0.82080078125 0.4501953125 0.8154296875 0.4462890625 0.81103515625 0.4501953125 0.80810546875 0.4501953125 0.80029296875 0.439453125 0.7939453125 0.4384765625 0.7900390625 0.443359375 0.7861328125 0.44921875 0.7861328125 0.462890625 0.791015625 0.4658203125 0.79248046875 0.4677734375 0.8046875 0.4677734375
28 0.99951171875 0.5107421875 0.99951171875 0.478515625 0.99560546875 0.4814453125 0.9892578125 0.486328125 0.984375 0.484375 0.98046875 0.4794921875 0.974609375 0.4765625 0.9638671875 0.4794921875 0.9599609375 0.486328125 0.9521484375 0.4951171875 0.955078125 0.5029296875 0.96923828125 0.5078125 0.99951171875 0.5107421875
5 0.52783203125 0.3828125 0.52490234375 0.3779296875 0.5224609375 0.373046875 0.50439453125 0.3701171875 0.48779296875 0.3701171875 0.466796875 0.375 0.45068359375 0.3916015625 0.43994140625 0.4208984375 0.4384765625 0.41796875 0.43505859375 0.41796875 0.43310546875 0.4208984375 0.43212890625 0.4248046875 0.43310546875 0.4287109375 0.43505859375 0.4306640625 0.43603515625 0.4306640625 0.4267578125 0.447265625 0.42578125 0.4541015625 0.42578125 0.4736328125 0.42724609375 0.4921875 0.42919921875 0.4970703125 0.42919921875 0.501953125 0.4296875 0.5107421875 0.43115234375 0.5185546875 0.4404296875 0.5185546875 0.44140625 0.501953125 0.44140625 0.5 0.46533203125 0.5 0.46533203125 0.5029296875 0.4677734375 0.505859375 0.47314453125 0.505859375 0.474609375 0.505859375 0.474609375 0.5 0.49560546875 0.498046875 0.49609375 0.513671875 0.4970703125 0.515625 0.50439453125 0.515625 0.50537109375 0.513671875 0.50634765625 0.5126953125 0.5068359375 0.4951171875 0.5078125 0.494140625 0.51611328125 0.4892578125 0.52099609375 0.4892578125 0.52294921875 0.4892578125 0.52392578125 0.501953125 0.525390625 0.5048828125 0.529296875 0.5048828125 0.53173828125 0.5048828125 0.533203125 0.501953125 0.53466796875 0.5 0.53466796875 0.4912109375 0.5361328125 0.4521484375 0.533203125 0.4091796875 0.52783203125 0.3828125
13 0.44677734375 0.4794921875 0.4697265625 0.478515625 0.4697265625 0.46875 0.44677734375 0.46875 0.44677734375 0.4794921875
17 0.25 0.521484375 0.25390625 0.5185546875 0.25439453125 0.515625 0.2578125 0.513671875 0.2578125 0.5107421875 0.2568359375 0.5107421875 0.25634765625 0.505859375 0.25439453125 0.494140625 0.25439453125 0.4912109375 0.25634765625 0.4794921875 0.2578125 0.4658203125 0.26220703125 0.4287109375 0.263671875 0.427734375 0.2646484375 0.4248046875 0.265625 0.4208984375 0.26611328125 0.4228515625 0.26953125 0.431640625 0.27001953125 0.4228515625 0.27001953125 0.41796875 0.2685546875 0.4140625 0.27001953125 0.4013671875 0.2685546875 0.3779296875 0.26611328125 0.361328125 0.263671875 0.3544921875 0.26025390625 0.3505859375 0.2607421875 0.345703125 0.2607421875 0.3408203125 0.2607421875 0.3359375 0.26025390625 0.33203125 0.2578125 0.3271484375 0.25537109375 0.32421875 0.25146484375 0.3271484375 0.24853515625 0.3349609375 0.2490234375 0.3408203125 0.2490234375 0.34765625 0.24462890625 0.3515625 0.23828125 0.359375 0.23681640625 0.3623046875 0.234375 0.376953125 0.23291015625 0.396484375 0.23046875 0.4228515625 0.2314453125 0.42578125 0.2314453125 0.4365234375 0.23291015625 0.4384765625 0.2353515625 0.4384765625 0.236328125 0.4384765625 0.23681640625 0.4365234375 0.236328125 0.427734375 0.236328125 0.4248046875 0.23681640625 0.4169921875 0.23828125 0.4169921875 0.2392578125 0.419921875 0.24169921875 0.4228515625 0.24169921875 0.4287109375 0.24560546875 0.4501953125 0.24609375 0.470703125 0.24560546875 0.484375 0.2421875 0.5087890625 0.2431640625 0.513671875 0.24755859375 0.521484375 0.25 0.521484375
17 0.271484375 0.4365234375 0.27392578125 0.4443359375 0.275390625 0.4462890625 0.2783203125 0.4609375 0.279296875 0.4658203125 0.2783203125 0.4755859375 0.2783203125 0.486328125 0.279296875 0.498046875 0.279296875 0.5 0.2783203125 0.5107421875 0.27783203125 0.5185546875 0.2783203125 0.5234375 0.28564453125 0.5244140625 0.28955078125 0.5244140625 0.2900390625 0.5205078125 0.28857421875 0.5185546875 0.28759765625 0.515625 0.28564453125 0.5107421875 0.28564453125 0.5087890625 0.2861328125 0.5048828125 0.28857421875 0.484375 0.2900390625 0.4736328125 0.29150390625 0.4609375 0.29296875 0.44921875 0.29296875 0.4306640625 0.296875 0.4306640625 0.298828125 0.4287109375 0.3017578125 0.4287109375 0.30224609375 0.4248046875 0.30419921875 0.419921875 0.30224609375 0.4140625 0.30029296875 0.4072265625 0.298828125 0.3994140625 0.2939453125 0.373046875 0.29296875 0.369140625 0.291015625 0.3671875 0.28955078125 0.3662109375 0.287109375 0.3671875 0.2900390625 0.3544921875 0.28955078125 0.3486328125 0.28955078125 0.34375 0.28759765625 0.3427734375 0.28759765625 0.337890625 0.287109375 0.3330078125 0.28564453125 0.33203125 0.283203125 0.3330078125 0.28076171875 0.337890625 0.28076171875 0.3427734375 0.279296875 0.345703125 0.2783203125 0.3486328125 0.279296875 0.3564453125 0.279296875 0.3623046875 0.2783203125 0.3671875 0.275390625 0.369140625 0.271484375 0.375 0.27099609375 0.3798828125 0.26953125 0.3935546875 0.26708984375 0.4091796875 0.26708984375 0.4169921875 0.26611328125 0.43359375 0.267578125 0.4365234375 0.27001953125 0.4384765625 0.271484375 0.4365234375
17 0.31396484375 0.5234375 0.31396484375 0.5185546875 0.3134765625 0.515625 0.31396484375 0.5107421875 0.31494140625 0.5078125 0.31396484375 0.501953125 0.31640625 0.4755859375 0.31689453125 0.4765625 0.3203125 0.4951171875 0.32080078125 0.513671875 0.3203125 0.5205078125 0.3203125 0.52734375 0.32275390625 0.52734375 0.32470703125 0.52734375 0.326171875 0.5244140625 0.3271484375 0.5234375 0.32958984375 0.5185546875 0.328125 0.5166015625 0.32568359375 0.513671875 0.32470703125 0.5126953125 0.32470703125 0.5087890625 0.32470703125 0.5029296875 0.3232421875 0.478515625 0.32177734375 0.462890625 0.32275390625 0.45703125 0.32568359375 0.4443359375 0.32568359375 0.427734375 0.3232421875 0.419921875 0.3232421875 0.4150390625 0.32568359375 0.412109375 0.3271484375 0.41015625 0.328125 0.4091796875 0.326171875 0.40234375 0.32470703125 0.396484375 0.32080078125 0.388671875 0.31884765625 0.388671875 0.31396484375 0.396484375 0.3134765625 0.40234375 0.3134765625 0.40625 0.31396484375 0.4072265625 0.3154296875 0.41015625 0.31396484375 0.4150390625 0.31005859375 0.419921875 0.30615234375 0.4287109375 0.3046875 0.43359375 0.30322265625 0.427734375 0.30078125 0.42578125 0.29931640625 0.4287109375 0.29931640625 0.431640625 0.30078125 0.4365234375 0.30419921875 0.443359375 0.30810546875 0.4384765625 0.3095703125 0.435546875 0.31005859375 0.4365234375 0.30859375 0.4541015625 0.30859375 0.46484375 0.3095703125 0.4755859375 0.31005859375 0.4873046875 0.3095703125 0.498046875 0.30810546875 0.5078125 0.30810546875 0.515625 0.30810546875 0.5244140625 0.3134765625 0.529296875 0.31396484375 0.5263671875 0.31396484375 0.5234375
9 0.91845703125 0.9208984375 0.79150390625 0.900390625 0.6669921875 0.8837890625 0.59619140625 0.8759765625 0.59619140625 0.87109375 0.60498046875 0.8671875 0.615234375 0.8466796875 0.61767578125 0.818359375 0.611328125 0.7900390625 0.59716796875 0.77734375 0.58349609375 0.779296875 0.572265625 0.7919921875 0.568359375 0.8037109375 0.5654296875 0.818359375 0.564453125 0.8359375 0.56689453125 0.8525390625 0.57568359375 0.87109375 0.58740234375 0.875 0.58740234375 0.87890625 0.51904296875 0.88671875 0.4013671875 0.90234375 0.27197265625 0.9267578125 0.1884765625 0.947265625 0.01220703125 0.9912109375 0.01171875 0.9990234375 0.99951171875 0.9990234375 0.99951171875 0.935546875 0.91845703125 0.9208984375
22 0.203125 0 0.99951171875 0.02734375 0.99951171875 0 0.203125 0
22 0.99951171875 0.4970703125 0.99462890625 0.9990234375 0.99951171875 0.9990234375 0.99951171875 0.4970703125
22 0 0 0 0.462890625 0.00830078125 0 0 0
22 0 0.9990234375 0.94580078125 0.9990234375 0.5302734375 0.9599609375 0 0.9541015625 0 0.9990234375