27 0.43798828125 0 0.529296875 0.2548828125 0.60986328125 0.3994140625 0.65673828125 0.421875 0.7001953125 0.365234375 0.70849609375 0 0.43798828125 0
25 0 0.9990234375 0.99951171875 0.9990234375 0.99951171875 0.486328125 0.66748046875 0.4169921875 0.623046875 0.4169921875 0.48828125 0.431640625 0 0.498046875 0 0.9990234375
26 0.64306640625 0.5078125 0.63818359375 0.5732421875 0.63818359375 0.5869140625 0.6416015625 0.5986328125 0.6533203125 0.6064453125 0.75634765625 0.6396484375 0.99951171875 0.681640625 0.99951171875 0.4765625 0.6904296875 0.4306640625 0.650390625 0.44921875 0.64892578125 0.44921875 0.64794921875 0.45703125 0.64306640625 0.5078125
26 0 0.658203125 0.12109375 0.5908203125 0.2255859375 0.5830078125 0.27587890625 0.5478515625 0.30810546875 0.5234375 0.3291015625 0.513671875 0.39794921875 0.5 0.40283203125 0.498046875 0.3818359375 0.486328125 0.404296875 0.478515625 0.44775390625 0.46875 0.470703125 0.4638671875 0.4833984375 0.4619140625 0.52587890625 0.458984375 0.5283203125 0.4560546875 0.52783203125 0.4521484375 0.5234375 0.4521484375 0.47705078125 0.455078125 0.46337890625 0.455078125 0.4091796875 0.4189453125 0 0.4794921875 0 0.658203125
3 0.65234375 0.3828125 0.6318359375 0.3818359375 0.64208984375 0.4287109375 0.65380859375 0.427734375 0.65234375 0.3828125
37 0.65380859375 0.33203125 0.6513671875 0.337890625 0.65087890625 0.3486328125 0.6455078125 0.3662109375 0.6455078125 0.3779296875 0.64453125 0.388671875 0.64453125 0.390625 0.6455078125 0.3994140625 0.6474609375 0.40625 0.6494140625 0.4091796875 0.6513671875 0.4091796875 0.654296875 0.4091796875 0.6552734375 0.41015625 0.65625 0.4130859375 0.65673828125 0.4150390625 0.65625 0.4208984375 0.66162109375 0.421875 0.66748046875 0.4248046875 0.66845703125 0.427734375 0.67041015625 0.427734375 0.677734375 0.42578125 0.6787109375 0.3212890625 0.6708984375 0.318359375 0.66650390625 0.3193359375 0.66064453125 0.3212890625 0.65380859375 0.33203125
28 0.6591796875 0.421875 0.66455078125 0.4208984375 0.6650390625 0.4208984375 0.66552734375 0.4189453125 0.66552734375 0.412109375 0.66748046875 0.4091796875 0.66259765625 0.4091796875 0.66162109375 0.4072265625 0.65869140625 0.40625 0.65478515625 0.4072265625 0.650390625 0.4140625 0.6494140625 0.4140625 0.64697265625 0.4169921875 0.6474609375 0.421875 0.65234375 0.423828125 0.6591796875 0.421875
5 0.6494140625 0.44921875 0.6552734375 0.447265625 0.65673828125 0.439453125 0.65625 0.4267578125 0.65234375 0.421875 0.6455078125 0.421875 0.646484375 0.4443359375 0.64794921875 0.447265625 0.6494140625 0.44921875
37 0.62451171875 0.3642578125 0.625 0.3544921875 0.62255859375 0.3486328125 0.62060546875 0.345703125 0.61962890625 0.341796875 0.6171875 0.330078125 0.615234375 0.328125 0.6142578125 0.322265625 0.611328125 0.3173828125 0.60888671875 0.3173828125 0.60791015625 0.3173828125 0.6064453125 0.31640625 0.603515625 0.310546875 0.6025390625 0.3095703125 0.59716796875 0.310546875 0.6015625 0.3310546875 0.62353515625 0.3662109375 0.62451171875 0.3642578125
3 0.625 0.3564453125 0.62158203125 0.35546875 0.61669921875 0.345703125 0.599609375 0.3173828125 0.599609375 0.30078125 0.5927734375 0.2998046875 0.57275390625 0.248046875 0.56103515625 0.2470703125 0.56005859375 0.1083984375 0.54296875 0.0439453125 0.45751953125 0.048828125 0.423828125 0.458984375 0.46533203125 0.4482421875 0.5390625 0.447265625 0.56201171875 0.44140625 0.56396484375 0.4365234375 0.59423828125 0.4384765625 0.61376953125 0.439453125 0.6298828125 0.3740234375 0.6298828125 0.3623046875 0.62841796875 0.3623046875 0.62646484375 0.361328125 0.625 0.3564453125
3 0.146484375 0.4990234375 0.19677734375 0.4873046875 0.2177734375 0.4892578125 0.234375 0.484375 0.2763671875 0.4755859375 0.29296875 0.47265625 0.3251953125 0.4794921875 0.37255859375 0.466796875 0.37548828125 0.4619140625 0.38671875 0.466796875 0.4501953125 0.45703125 0.45458984375 0.4541015625 0.45849609375 0.455078125 0.46240234375 0.455078125 0.4658203125 0.4482421875 0.46826171875 0.453125 0.47412109375 0.4541015625 0.47412109375 0.0546875 0.44384765625 0 0.00048828125 0.0009765625 0 0.5205078125 0.09033203125 0.5087890625 0.09375 0.4951171875 0.146484375 0.4990234375
3 0.67333984375 0 0.6748046875 0.208984375 0.6767578125 0.3427734375 0.67529296875 0.4501953125 0.77734375 0.5263671875 0.99951171875 0.51953125 0.99951171875 0 0.67333984375 0
28 0.5712890625 0.4384765625 0.5712890625 0.400390625 0.57275390625 0.3935546875 0.5693359375 0.3935546875 0.56201171875 0.39453125 0.56396484375 0.4013671875 0.5634765625 0.4375 0.5712890625 0.4384765625
28 0.587890625 0.4296875 0.5751953125 0.4287109375 0.5751953125 0.4384765625 0.587890625 0.4384765625 0.587890625 0.4296875
28 0.5751953125 0.431640625 0.572265625 0.431640625 0.57080078125 0.4326171875 0.5703125 0.4384765625 0.57080078125 0.443359375 0.57763671875 0.44140625 0.578125 0.435546875 0.5751953125 0.431640625
19 0.5908203125 0.3359375 0.59033203125 0.44140625 0.5927734375 0.44140625 0.591796875 0.3359375 0.5908203125 0.3359375
28 0.59033203125 0.337890625 0.59130859375 0.337890625 0.595703125 0.3369140625 0.59619140625 0.3330078125 0.5927734375 0.3330078125 0.59033203125 0.3369140625 0.59033203125 0.337890625
28 0.59375 0.4072265625 0.59326171875 0.404296875 0.5908203125 0.404296875 0.58984375 0.4072265625 0.5908203125 0.41015625 0.58984375 0.41015625 0.58984375 0.416015625 0.59423828125 0.416015625 0.59375 0.41015625 0.5927734375 0.41015625 0.59375 0.4072265625
28 0.583984375 0.40625 0.583984375 0.4013671875 0.58203125 0.4013671875 0.58154296875 0.4052734375 0.5830078125 0.40625 0.583984375 0.40625
19 0.58154296875 0.4443359375 0.5830078125 0.4453125 0.58251953125 0.3173828125 0.58154296875 0.3173828125 0.58154296875 0.4443359375
28 0.587890625 0.314453125 0.58544921875 0.3115234375 0.5810546875 0.31640625 0.5830078125 0.3193359375 0.5869140625 0.3173828125 0.587890625 0.314453125
19 0.5673828125 0.2978515625 0.56787109375 0.4501953125 0.57080078125 0.4501953125 0.5693359375 0.2978515625 0.5673828125 0.2978515625
28 0.57080078125 0.2998046875 0.5732421875 0.2978515625 0.5751953125 0.296875 0.5751953125 0.291015625 0.57470703125 0.2880859375 0.57275390625 0.2880859375 0.56982421875 0.291015625 0.56591796875 0.2958984375 0.56640625 0.298828125 0.5673828125 0.2998046875 0.57080078125 0.2998046875
28 0.5576171875 0.3759765625 0.56103515625 0.390625 0.5654296875 0.3759765625 0.5576171875 0.3759765625
28 0.5546875 0.4013671875 0.55712890625 0.4013671875 0.55810546875 0.4013671875 0.55908203125 0.3994140625 0.5595703125 0.3955078125 0.5595703125 0.392578125 0.55810546875 0.390625 0.55517578125 0.390625 0.55419921875 0.392578125 0.55322265625 0.396484375 0.5546875 0.4013671875
19 0.55615234375 0.4443359375 0.55712890625 0.4443359375 0.55712890625 0.3896484375 0.5556640625 0.3896484375 0.55615234375 0.4443359375
19 0.56201171875 0.3876953125 0.5615234375 0.3759765625 0.560546875 0.3759765625 0.56103515625 0.3857421875 0.560546875 0.3935546875 0.560546875 0.451171875 0.5634765625 0.4501953125 0.56298828125 0.39453125 0.56201171875 0.3876953125
28 0.5654296875 0.41015625 0.56591796875 0.40625 0.56494140625 0.40625 0.56494140625 0.4033203125 0.56494140625 0.400390625 0.5634765625 0.39453125 0.56103515625 0.3974609375 0.56103515625 0.412109375 0.56396484375 0.412109375 0.5654296875 0.41015625
19 0.51171875 0.306640625 0.50830078125 0.306640625 0.5068359375 0.4072265625 0.5126953125 0.4013671875 0.51318359375 0.326171875 0.51171875 0.306640625
19 0.4765625 0.37109375 0.47705078125 0.45703125 0.47998046875 0.4560546875 0.47802734375 0.37109375 0.4765625 0.37109375
30 0.4794921875 0.408203125 0.4814453125 0.4072265625 0.48193359375 0.400390625 0.48193359375 0.3935546875 0.48193359375 0.384765625 0.47705078125 0.384765625 0.47705078125 0.3935546875 0.47705078125 0.404296875 0.4794921875 0.408203125
28 0.43798828125 0.3759765625 0.44091796875 0.3759765625 0.4443359375 0.3701171875 0.4443359375 0.3642578125 0.44140625 0.3603515625 0.43798828125 0.3583984375 0.43408203125 0.3603515625 0.43359375 0.3662109375 0.4345703125 0.373046875 0.43798828125 0.3759765625
28 0.40869140625 0.3701171875 0.412109375 0.376953125 0.41845703125 0.3759765625 0.419921875 0.3720703125 0.42041015625 0.3671875 0.4189453125 0.3603515625 0.41748046875 0.3583984375 0.41552734375 0.357421875 0.4111328125 0.3583984375 0.4091796875 0.361328125 0.40869140625 0.3662109375 0.40869140625 0.3701171875
28 0.3369140625 0.3408203125 0.33837890625 0.345703125 0.3408203125 0.3505859375 0.34521484375 0.353515625 0.35009765625 0.3505859375 0.35302734375 0.3466796875 0.35302734375 0.33984375 0.349609375 0.33203125 0.34619140625 0.3310546875 0.34326171875 0.3310546875 0.34033203125 0.3330078125 0.337890625 0.3359375 0.3369140625 0.3408203125
28 0.42919921875 0.076171875 0.4296875 0.0791015625 0.43212890625 0.0830078125 0.43408203125 0.0830078125 0.43505859375 0.0859375 0.43896484375 0.08984375 0.44140625 0.0869140625 0.4453125 0.0908203125 0.447265625 0.087890625 0.44970703125 0.087890625 0.45361328125 0.0859375 0.4560546875 0.0830078125 0.4580078125 0.0810546875 0.4599609375 0.0751953125 0.46044921875 0.0703125 0.4609375 0.068359375 0.4619140625 0.0625 0.45947265625 0.056640625 0.458984375 0.0498046875 0.4560546875 0.0478515625 0.45263671875 0.0439453125 0.4501953125 0.04296875 0.447265625 0.04296875 0.4453125 0.0400390625 0.44384765625 0.0400390625 0.44287109375 0.0400390625 0.44140625 0.04296875 0.43994140625 0.04296875 0.43798828125 0.04296875 0.43603515625 0.04296875 0.43359375 0.048828125 0.43115234375 0.05078125 0.4296875 0.052734375 0.4296875 0.056640625 0.4287109375 0.0615234375 0.427734375 0.0634765625 0.42529296875 0.0634765625 0.427734375 0.068359375 0.4287109375 0.0712890625 0.42919921875 0.076171875
28 0.345703125 0.3291015625 0.3466796875 0.3330078125 0.349609375 0.337890625 0.35107421875 0.337890625 0.353515625 0.337890625 0.35791015625 0.333984375 0.35888671875 0.328125 0.35888671875 0.3193359375 0.35791015625 0.3125 0.353515625 0.3076171875 0.35009765625 0.30859375 0.34765625 0.310546875 0.34619140625 0.318359375 0.345703125 0.3212890625 0.345703125 0.3291015625
28 0.359375 0.337890625 0.34619140625 0.337890625 0.34619140625 0.361328125 0.359375 0.361328125 0.359375 0.337890625
19 0.3515625 0.4931640625 0.35302734375 0.4951171875 0.35302734375 0.30078125 0.3505859375 0.30078125 0.3515625 0.4931640625
28 0.32177734375 0.349609375 0.3232421875 0.3447265625 0.322265625 0.27734375 0.29638671875 0.27734375 0.29736328125 0.34765625 0.2978515625 0.349609375 0.32177734375 0.349609375
28 0.2919921875 0.345703125 0.24951171875 0.3447265625 0.25146484375 0.498046875 0.29296875 0.498046875 0.2919921875 0.345703125
28 0.2001953125 0.4287109375 0.19873046875 0.4267578125 0.1796875 0.4267578125 0.17724609375 0.4296875 0.177734375 0.4951171875 0.18603515625 0.4970703125 0.20068359375 0.4921875 0.2001953125 0.4287109375
28 0.20361328125 0.208984375 0.20458984375 0.212890625 0.20654296875 0.21875 0.2080078125 0.2255859375 0.2109375 0.2275390625 0.2109375 0.236328125 0.20361328125 0.2353515625 0.203125 0.25390625 0.2333984375 0.2568359375 0.2333984375 0.2373046875 0.224609375 0.2353515625 0.2255859375 0.2275390625 0.22705078125 0.2255859375 0.2314453125 0.2109375 0.2333984375 0.197265625 0.22705078125 0.177734375 0.220703125 0.171875 0.2138671875 0.171875 0.20947265625 0.177734375 0.205078125 0.1865234375 0.20263671875 0.2001953125 0.20263671875 0.205078125 0.19873046875 0.205078125 0.2001953125 0.20703125 0.20068359375 0.208984375 0.20361328125 0.208984375
28 0.06005859375 0.099609375 0.05615234375 0.1005859375 0.05712890625 0.10546875 0.06005859375 0.10546875 0.06005859375 0.1123046875 0.0634765625 0.1142578125 0.09765625 0.1123046875 0.09716796875 0.0458984375 0.091796875 0.0400390625 0.0595703125 0.04296875 0.0595703125 0.0498046875 0.05712890625 0.05078125 0.05615234375 0.0556640625 0.05908203125 0.056640625 0.06005859375 0.099609375
28 0.1650390625 0.5263671875 0.1650390625 0.5107421875 0.162109375 0.5048828125 0.16259765625 0.2685546875 0.16748046875 0.2666015625 0.171875 0.2626953125 0.169921875 0.259765625 0.14013671875 0.25390625 0.1015625 0.2578125 0.10205078125 0.263671875 0.111328125 0.2646484375 0.111328125 0.5009765625 0.1083984375 0.5048828125 0.1083984375 0.52734375 0.11767578125 0.5302734375 0.14404296875 0.53125 0.1650390625 0.5263671875
28 0 0.5693359375 0.0185546875 0.5693359375 0.02392578125 0.5693359375 0.03076171875 0.5634765625 0.0419921875 0.564453125 0.0498046875 0.5595703125 0.04638671875 0.326171875 0.04638671875 0.28515625 0.04345703125 0.2763671875 0.0380859375 0.2763671875 0.0244140625 0.27734375 0.0244140625 0.322265625 0.02294921875 0.322265625 0.01806640625 0.3291015625 0 0.330078125 0 0.5693359375
17 0.49169921875 0.376953125 0.49267578125 0.3828125 0.490234375 0.3837890625 0.490234375 0.390625 0.48828125 0.3955078125 0.4873046875 0.4150390625 0.48583984375 0.4453125 0.48291015625 0.4619140625 0.48291015625 0.46484375 0.48876953125 0.4697265625 0.4775390625 0.5224609375 0.4775390625 0.52734375 0.48583984375 0.5380859375 0.4892578125 0.5390625 0.49072265625 0.5556640625 0.4990234375 0.556640625 0.50146484375 0.5556640625 0.50634765625 0.5595703125 0.50927734375 0.556640625 0.509765625 0.5517578125 0.50390625 0.541015625 0.51318359375 0.4296875 0.5048828125 0.408203125 0.50048828125 0.3916015625 0.50341796875 0.388671875 0.50341796875 0.384765625 0.5048828125 0.3828125 0.50439453125 0.3740234375 0.505859375 0.37109375 0.50439453125 0.3671875 0.501953125 0.3623046875 0.49755859375 0.3603515625 0.4931640625 0.3623046875 0.4921875 0.3701171875 0.49169921875 0.376953125
17 0.51171875 0.3876953125 0.51171875 0.3916015625 0.51025390625 0.3916015625 0.509765625 0.3974609375 0.50634765625 0.4072265625 0.50341796875 0.4267578125 0.50439453125 0.455078125 0.50439453125 0.46484375 0.50537109375 0.48828125 0.5048828125 0.50390625 0.49462890625 0.53515625 0.49169921875 0.5478515625 0.49169921875 0.5546875 0.49853515625 0.55859375 0.50244140625 0.560546875 0.50244140625 0.5556640625 0.50048828125 0.548828125 0.50341796875 0.5390625 0.51123046875 0.5146484375 0.515625 0.49609375 0.5205078125 0.51171875 0.52197265625 0.54296875 0.5234375 0.560546875 0.53564453125 0.560546875 0.53759765625 0.5576171875 0.53125 0.55078125 0.5244140625 0.4658203125 0.5263671875 0.462890625 0.529296875 0.462890625 0.52978515625 0.45703125 0.5244140625 0.4521484375 0.5244140625 0.42578125 0.52197265625 0.416015625 0.51953125 0.4013671875 0.51953125 0.3994140625 0.52197265625 0.3994140625 0.52197265625 0.392578125 0.5224609375 0.3896484375 0.5224609375 0.384765625 0.5234375 0.3828125 0.52197265625 0.3759765625 0.5185546875 0.37109375 0.5166015625 0.37109375 0.513671875 0.37109375 0.51171875 0.373046875 0.51025390625 0.380859375 0.51171875 0.3876953125
28 0.66162109375 0.3359375 0.6728515625 0.3349609375 0.67333984375 0.2978515625 0.677734375 0.296875 0.677734375 0.29296875 0.6591796875 0.2939453125 0.65966796875 0.298828125 0.66162109375 0.298828125 0.66162109375 0.3359375
31 0.6689453125 0.3447265625 0.65087890625 0.3447265625 0.65087890625 0.357421875 0.669921875 0.3564453125 0.6689453125 0.3447265625
31 0.65380859375 0.3798828125 0.6591796875 0.380859375 0.6591796875 0.3720703125 0.65673828125 0.3720703125 0.65869140625 0.3701171875 0.65869140625 0.3623046875 0.65625 0.359375 0.65380859375 0.3603515625 0.65234375 0.3671875 0.65380859375 0.3720703125 0.65380859375 0.3798828125
31 0.662109375 0.373046875 0.66064453125 0.373046875 0.66064453125 0.37890625 0.66650390625 0.37890625 0.66650390625 0.373046875 0.6650390625 0.373046875 0.66650390625 0.369140625 0.66650390625 0.365234375 0.6650390625 0.359375 0.66259765625 0.359375 0.66064453125 0.3642578125 0.66064453125 0.369140625 0.662109375 0.373046875
28 0.65234375 0.33984375 0.6533203125 0.3466796875 0.65625 0.3525390625 0.66064453125 0.353515625 0.6650390625 0.34765625 0.666015625 0.3359375 0.66455078125 0.326171875 0.66259765625 0.3251953125 0.6611328125 0.3232421875 0.6591796875 0.322265625 0.65478515625 0.3251953125 0.65283203125 0.33203125 0.65234375 0.33984375
19 0.6572265625 0.318359375 0.65869140625 0.427734375 0.66064453125 0.427734375 0.65966796875 0.3193359375 0.6572265625 0.318359375
5 0.64111328125 0.47265625 0.64306640625 0.4755859375 0.646484375 0.47265625 0.646484375 0.462890625 0.6455078125 0.42578125 0.64404296875 0.3818359375 0.64306640625 0.3740234375 0.640625 0.3720703125 0.63330078125 0.37109375 0.61181640625 0.3701171875 0.60888671875 0.3740234375 0.60693359375 0.40625 0.60546875 0.4052734375 0.6025390625 0.4072265625 0.60205078125 0.4130859375 0.60302734375 0.4208984375 0.62451171875 0.4658203125 0.640625 0.4677734375 0.64111328125 0.47265625
5 0.6015625 0.4326171875 0.59765625 0.43359375 0.59716796875 0.4375 0.59765625 0.439453125 0.59912109375 0.439453125 0.6005859375 0.439453125 0.599609375 0.4482421875 0.599609375 0.4716796875 0.599609375 0.48046875 0.60107421875 0.4814453125 0.60546875 0.4814453125 0.60595703125 0.474609375 0.6298828125 0.4755859375 0.6298828125 0.4833984375 0.63134765625 0.4833984375 0.63427734375 0.4814453125 0.63525390625 0.4794921875 0.6357421875 0.4755859375 0.63525390625 0.4619140625 0.63427734375 0.4423828125 0.63720703125 0.44140625 0.638671875 0.439453125 0.63818359375 0.4365234375 0.6357421875 0.435546875 0.63427734375 0.435546875 0.63427734375 0.439453125 0.6328125 0.439453125 0.6318359375 0.419921875 0.63037109375 0.416015625 0.62109375 0.4150390625 0.60546875 0.416015625 0.603515625 0.4189453125 0.60302734375 0.423828125 0.6015625 0.4326171875
28 0.67529296875 0.35546875 0.701171875 0.3544921875 0.701171875 0.2119140625 0.68115234375 0.2109375 0.6728515625 0.2109375 0.6748046875 0.2470703125 0.67529296875 0.333984375 0.67529296875 0.35546875
28 0.708984375 0.1787109375 0.67724609375 0.1796875 0.67919921875 0.345703125 0.70849609375 0.345703125 0.708984375 0.1787109375
8 0.65234375 0.490234375 0.65380859375 0.4921875 0.6533203125 0.4951171875 0.65283203125 0.498046875 0.65283203125 0.5029296875 0.654296875 0.50390625 0.65576171875 0.5029296875 0.67333984375 0.5 0.673828125 0.4501953125 0.6767578125 0.4501953125 0.677734375 0.4482421875 0.67626953125 0.431640625 0.67333984375 0.4248046875 0.650390625 0.4248046875 0.6474609375 0.4306640625 0.64697265625 0.4365234375 0.65087890625 0.4365234375 0.65234375 0.490234375
8 0.6552734375 0.50390625 0.66455078125 0.5048828125 0.6748046875 0.5068359375 0.68701171875 0.5087890625 0.6884765625 0.50390625 0.68310546875 0.5029296875 0.6748046875 0.4931640625 0.6669921875 0.4892578125 0.66259765625 0.4892578125 0.65869140625 0.4931640625 0.65576171875 0.5029296875 0.6552734375 0.50390625
28 0.70751953125 0.0048828125 0.7080078125 0.04296875 0.7255859375 0.041015625 0.7255859375 0.0048828125 0.70751953125 0.0048828125
28 0.732421875 0.130859375 0.73681640625 0.12109375 0.736328125 0.0498046875 0.740234375 0.0498046875 0.73974609375 0.0458984375 0.6923828125 0.048828125 0.69384765625 0.14453125 0.72998046875 0.1416015625 0.732421875 0.130859375
28 0.7265625 0.1533203125 0.72607421875 0.1435546875 0.7080078125 0.1435546875 0.7080078125 0.173828125 0.72119140625 0.173828125 0.7265625 0.1533203125
19 0.66748046875 0.224609375 0.66796875 0.533203125 0.6728515625 0.5341796875 0.6708984375 0.224609375 0.66748046875 0.224609375
31 0.6591796875 0.216796875 0.658203125 0.2255859375 0.6591796875 0.236328125 0.66162109375 0.2451171875 0.666015625 0.248046875 0.67041015625 0.248046875 0.6748046875 0.2373046875 0.67724609375 0.2255859375 0.67626953125 0.212890625 0.67822265625 0.212890625 0.68359375 0.2109375 0.68115234375 0.2275390625 0.68310546875 0.2373046875 0.685546875 0.2412109375 0.6904296875 0.2451171875 0.6904296875 0.2490234375 0.68212890625 0.2490234375 0.68212890625 0.271484375 0.701171875 0.271484375 0.701171875 0.2490234375 0.69384765625 0.248046875 0.69384765625 0.2451171875 0.69775390625 0.2392578125 0.701171875 0.2275390625 0.701171875 0.21875 0.6982421875 0.20703125 0.69287109375 0.2021484375 0.68603515625 0.205078125 0.68017578125 0.208984375 0.673828125 0.208984375 0.669921875 0.203125 0.66552734375 0.2041015625 0.66162109375 0.2099609375 0.6591796875 0.216796875
31 0.677734375 0.2509765625 0.65869140625 0.251953125 0.6591796875 0.2744140625 0.677734375 0.2724609375 0.677734375 0.2509765625
31 0.67626953125 0.2763671875 0.66259765625 0.2763671875 0.662109375 0.2958984375 0.67626953125 0.296875 0.67626953125 0.2763671875
31 0.6728515625 0.296875 0.66552734375 0.296875 0.666015625 0.318359375 0.67333984375 0.3193359375 0.6728515625 0.296875
19 0.8525390625 0.576171875 0.8515625 0.5732421875 0.8505859375 0.466796875 0.85009765625 0.455078125 0.85302734375 0.033203125 0.85205078125 0.03125 0.85302734375 0.0234375 0.85009765625 0.0185546875 0.84716796875 0.021484375 0.84619140625 0.0283203125 0.8466796875 0.0322265625 0.84326171875 0.5634765625 0.841796875 0.5751953125 0.841796875 0.6171875 0.845703125 0.6201171875 0.8525390625 0.6171875 0.8525390625 0.576171875
31 0.81640625 0.169921875 0.8173828125 0.1806640625 0.81982421875 0.1865234375 0.82373046875 0.1875 0.88037109375 0.1865234375 0.884765625 0.1806640625 0.88525390625 0.16796875 0.884765625 0.056640625 0.82470703125 0.0556640625 0.81982421875 0.0576171875 0.81787109375 0.0634765625 0.81640625 0.169921875
9 0.91845703125 0.9208984375 0.79150390625 0.900390625 0.6669921875 0.8837890625 0.59619140625 0.8759765625 0.59619140625 0.87109375 0.60498046875 0.8671875 0.615234375 0.8466796875 0.61767578125 0.818359375 0.611328125 0.7900390625 0.59716796875 0.77734375 0.58349609375 0.779296875 0.572265625 0.7919921875 0.568359375 0.8037109375 0.5654296875 0.818359375 0.564453125 0.8359375 0.56689453125 0.8525390625 0.57568359375 0.87109375 0.58740234375 0.875 0.58740234375 0.87890625 0.51904296875 0.88671875 0.4013671875 0.90234375 0.27197265625 0.9267578125 0.1884765625 0.947265625 0.01220703125 0.9912109375 0.01171875 0.9990234375 0.99951171875 0.9990234375 0.99951171875 0.935546875 0.91845703125 0.9208984375
22 0.203125 0 0.99951171875 0.02734375 0.99951171875 0 0.203125 0
22 0.99951171875 0.4970703125 0.99462890625 0.9990234375 0.99951171875 0.9990234375 0.99951171875 0.4970703125
22 0 0 0 0.462890625 0.00830078125 0 0 0
22 0 0.9990234375 0.94580078125 0.9990234375 0.5302734375 0.9599609375 0 0.9541015625 0 0.9990234375