25 0 0.9990234375 0.99951171875 0.9990234375 0.99951171875 0.7529296875 0.99755859375 0.7451171875 0.61474609375 0.3798828125 0.55810546875 0.3798828125 0 0.484375 0 0.9990234375
16 0.71826171875 0.5078125 0.7236328125 0.4892578125 0.70458984375 0.4609375 0.64599609375 0.447265625 0.60888671875 0.4443359375 0.61669921875 0.4765625 0.671875 0.5166015625 0.67822265625 0.5078125 0.69287109375 0.5263671875 0.71826171875 0.5078125
26 0.966796875 0.40625 0.69189453125 0.396484375 0.61474609375 0.419921875 0.64111328125 0.455078125 0.6865234375 0.4833984375 0.70751953125 0.498046875 0.6728515625 0.5126953125 0.671875 0.5185546875 0.69677734375 0.544921875 0.72314453125 0.5712890625 0.75634765625 0.6015625 0.88720703125 0.7109375 0.9970703125 0.806640625 0.99951171875 0.806640625 0.99951171875 0.4150390625 0.966796875 0.40625
26 0 0.5771484375 0.171875 0.5615234375 0.31689453125 0.5322265625 0.40185546875 0.4677734375 0.41748046875 0.4541015625 0.44775390625 0.4443359375 0.46826171875 0.4365234375 0.50146484375 0.4306640625 0.5634765625 0.41796875 0.5966796875 0.4072265625 0.6181640625 0.3994140625 0.62060546875 0.396484375 0.6064453125 0.3857421875 0.55029296875 0.3564453125 0.5107421875 0.3583984375 0.37353515625 0.3876953125 0.22509765625 0.3935546875 0 0.4970703125 0 0.5771484375
27 0.51025390625 0 0.56103515625 0.1650390625 0.6240234375 0.193359375 0.64990234375 0.18359375 0.66455078125 0.125 0.68359375 0.0390625 0.6767578125 0 0.59814453125 0 0.51025390625 0
3 0 0 0 0.5205078125 0.36328125 0.443359375 0.3681640625 0.4248046875 0.37939453125 0.4208984375 0.39892578125 0.42578125 0.482421875 0.419921875 0.6025390625 0.404296875 0.61669921875 0.3994140625 0.63720703125 0.4150390625 0.66357421875 0.43359375 0.72900390625 0.4580078125 0.7431640625 0.455078125 0.9365234375 0.5029296875 0.99951171875 0.5234375 0.99951171875 0 0.64208984375 0 0.64111328125 0.1572265625 0.6357421875 0.1572265625 0.60498046875 0.1650390625 0.603515625 0.1279296875 0.60009765625 0.07421875 0.5771484375 0.07421875 0.56884765625 0.0556640625 0.54296875 0.015625 0.54248046875 0 0 0
19 0.63330078125 0.3994140625 0.63720703125 0.443359375 0.63525390625 0.001953125 0.6328125 0 0.6328125 0.3408203125 0.63330078125 0.3994140625
28 0.61572265625 0.28515625 0.6181640625 0.2841796875 0.61962890625 0.279296875 0.6142578125 0.2763671875 0.611328125 0.2763671875 0.607421875 0.28125 0.611328125 0.28515625 0.6142578125 0.287109375 0.61572265625 0.28515625
19 0.61474609375 0.3828125 0.6142578125 0.28125 0.61279296875 0.27734375 0.61328125 0.4013671875 0.61669921875 0.404296875 0.61474609375 0.3828125
31 0.607421875 0.3486328125 0.611328125 0.3515625 0.61474609375 0.3486328125 0.61474609375 0.33984375 0.611328125 0.3359375 0.60888671875 0.33984375 0.607421875 0.3486328125
31 0.60888671875 0.353515625 0.61181640625 0.3642578125 0.6142578125 0.353515625 0.6142578125 0.3505859375 0.60888671875 0.353515625
28 0.58935546875 0.3984375 0.5888671875 0.40625 0.5966796875 0.4072265625 0.5966796875 0.3984375 0.58935546875 0.3984375
28 0.576171875 0.4013671875 0.576171875 0.4091796875 0.58349609375 0.4091796875 0.58349609375 0.4013671875 0.576171875 0.4013671875
17 0.49560546875 0.3662109375 0.49365234375 0.3642578125 0.4931640625 0.361328125 0.4931640625 0.3564453125 0.4921875 0.3544921875 0.49072265625 0.3544921875 0.48974609375 0.3583984375 0.4892578125 0.3623046875 0.4892578125 0.3662109375 0.48828125 0.369140625 0.48828125 0.373046875 0.4892578125 0.376953125 0.48974609375 0.376953125 0.48974609375 0.3955078125 0.48974609375 0.3994140625 0.48974609375 0.4169921875 0.49072265625 0.419921875 0.4931640625 0.41796875 0.49365234375 0.3955078125 0.49462890625 0.3876953125 0.49462890625 0.375 0.49560546875 0.3662109375
8 0.49072265625 0.4208984375 0.48974609375 0.3984375 0.48291015625 0.3984375 0.482421875 0.41796875 0.48388671875 0.4208984375 0.4853515625 0.40234375 0.48779296875 0.40234375 0.48828125 0.4208984375 0.49072265625 0.4208984375
28 0.4375 0.41015625 0.4375 0.4287109375 0.44140625 0.427734375 0.44140625 0.41015625 0.4375 0.41015625
28 0.44580078125 0.4150390625 0.44580078125 0.427734375 0.451171875 0.427734375 0.451171875 0.4150390625 0.44580078125 0.4150390625
28 0.4052734375 0.361328125 0.4052734375 0.3623046875 0.40576171875 0.4287109375 0.41259765625 0.427734375 0.41259765625 0.3564453125 0.412109375 0.3515625 0.40576171875 0.3505859375 0.4052734375 0.361328125
19 0.4033203125 0.2958984375 0.4033203125 0.271484375 0.40185546875 0.2763671875 0.4013671875 0.4306640625 0.40185546875 0.4306640625 0.4033203125 0.427734375 0.4033203125 0.2958984375
31 0.400390625 0.2685546875 0.400390625 0.28515625 0.40576171875 0.287109375 0.40576171875 0.2666015625 0.400390625 0.2685546875
31 0.4052734375 0.306640625 0.40576171875 0.2958984375 0.404296875 0.2890625 0.4033203125 0.287109375 0.40185546875 0.287109375 0.40185546875 0.294921875 0.40185546875 0.302734375 0.4033203125 0.30859375 0.4052734375 0.306640625
37 0.39794921875 0.388671875 0.396484375 0.3876953125 0.392578125 0.3828125 0.392578125 0.373046875 0.39111328125 0.3701171875 0.390625 0.3662109375 0.3896484375 0.3583984375 0.388671875 0.3515625 0.38720703125 0.34765625 0.38525390625 0.34765625 0.38330078125 0.33984375 0.3818359375 0.3349609375 0.38134765625 0.3330078125 0.37890625 0.34765625 0.37890625 0.353515625 0.37890625 0.359375 0.37939453125 0.3662109375 0.37744140625 0.369140625 0.37744140625 0.3642578125 0.37646484375 0.361328125 0.375 0.3583984375 0.37353515625 0.3564453125 0.37255859375 0.3544921875 0.36865234375 0.3515625 0.3681640625 0.353515625 0.3642578125 0.3583984375 0.36279296875 0.361328125 0.36328125 0.42578125 0.375 0.4248046875 0.392578125 0.419921875 0.396484375 0.412109375 0.396484375 0.3994140625 0.3974609375 0.396484375 0.39794921875 0.388671875
28 0.36328125 0.4248046875 0.36279296875 0.4462890625 0.3759765625 0.4443359375 0.37646484375 0.439453125 0.392578125 0.4365234375 0.392578125 0.4140625 0.3671875 0.4169921875 0.36572265625 0.4248046875 0.36328125 0.4248046875
28 0.38427734375 0.2373046875 0.36669921875 0.2373046875 0.36669921875 0.271484375 0.38330078125 0.271484375 0.38427734375 0.2373046875
28 0.36181640625 0.2763671875 0.36181640625 0.2890625 0.3779296875 0.2900390625 0.3779296875 0.2763671875 0.36181640625 0.2763671875
28 0.37255859375 0.3271484375 0.37646484375 0.32421875 0.38037109375 0.31640625 0.38037109375 0.302734375 0.3779296875 0.2958984375 0.3759765625 0.2919921875 0.37255859375 0.2900390625 0.36474609375 0.29296875 0.36181640625 0.3037109375 0.36279296875 0.3134765625 0.3671875 0.32421875 0.37255859375 0.3271484375
19 0.36572265625 0.2744140625 0.36572265625 0.443359375 0.3681640625 0.443359375 0.3681640625 0.2763671875 0.36572265625 0.2744140625
28 0.25 0.2666015625 0.2529296875 0.255859375 0.2509765625 0.2451171875 0.24169921875 0.212890625 0.228515625 0.251953125 0.22900390625 0.2626953125 0.2314453125 0.2666015625 0.25 0.2666015625
28 0.0244140625 0.134765625 0.02490234375 0.2060546875 0.06884765625 0.205078125 0.06689453125 0.10546875 0.02490234375 0.1064453125 0.02392578125 0.1279296875 0.0224609375 0.12890625 0.0224609375 0.1328125 0.0244140625 0.134765625
28 0.01123046875 0.3232421875 0.01220703125 0.5498046875 0.03173828125 0.548828125 0.0390625 0.5439453125 0.03662109375 0.3310546875 0.029296875 0.322265625 0.01123046875 0.3232421875
1 0.60498046875 0.4150390625 0.59716796875 0.41796875 0.59423828125 0.42578125 0.5927734375 0.435546875 0.59423828125 0.4365234375 0.591796875 0.4521484375 0.5927734375 0.4599609375 0.5966796875 0.46875 0.60107421875 0.46875 0.603515625 0.47265625 0.60888671875 0.4755859375 0.61279296875 0.4755859375 0.61572265625 0.4794921875 0.61962890625 0.4794921875 0.62646484375 0.4814453125 0.62939453125 0.5 0.6328125 0.5048828125 0.63525390625 0.5048828125 0.63720703125 0.4970703125 0.6396484375 0.498046875 0.64111328125 0.5087890625 0.64453125 0.5126953125 0.646484375 0.5048828125 0.65185546875 0.5078125 0.6611328125 0.505859375 0.66650390625 0.5029296875 0.6689453125 0.5 0.67529296875 0.5 0.67724609375 0.5029296875 0.67822265625 0.5048828125 0.6796875 0.5048828125 0.6865234375 0.5048828125 0.68994140625 0.4970703125 0.69287109375 0.4873046875 0.6943359375 0.4814453125 0.69677734375 0.4755859375 0.69970703125 0.47265625 0.703125 0.462890625 0.70361328125 0.455078125 0.70361328125 0.443359375 0.7021484375 0.431640625 0.69970703125 0.4248046875 0.69921875 0.4208984375 0.6953125 0.41796875 0.69140625 0.4091796875 0.6953125 0.4091796875 0.6982421875 0.4072265625 0.69677734375 0.404296875 0.6943359375 0.4013671875 0.68359375 0.3955078125 0.67041015625 0.388671875 0.662109375 0.390625 0.6591796875 0.3857421875 0.654296875 0.3876953125 0.654296875 0.3916015625 0.654296875 0.3955078125 0.6533203125 0.396484375 0.64892578125 0.3955078125 0.64990234375 0.388671875 0.64501953125 0.3857421875 0.63525390625 0.380859375 0.63037109375 0.3828125 0.61474609375 0.388671875 0.609375 0.396484375 0.60400390625 0.4013671875 0.60498046875 0.4150390625
23 0.669921875 0.4462890625 0.671875 0.435546875 0.67431640625 0.4306640625 0.6767578125 0.42578125 0.69140625 0.4248046875 0.69140625 0.41796875 0.68994140625 0.40234375 0.68994140625 0.3935546875 0.68994140625 0.3837890625 0.69140625 0.369140625 0.69140625 0.3515625 0.6884765625 0.3515625 0.6845703125 0.3486328125 0.6845703125 0.3427734375 0.68359375 0.337890625 0.68359375 0.3330078125 0.6796875 0.3291015625 0.67578125 0.3349609375 0.673828125 0.33984375 0.67138671875 0.3408203125 0.67041015625 0.34765625 0.6689453125 0.3564453125 0.66259765625 0.3701171875 0.662109375 0.376953125 0.662109375 0.3828125 0.66455078125 0.3857421875 0.66796875 0.3798828125 0.67138671875 0.3720703125 0.67138671875 0.3779296875 0.671875 0.388671875 0.6689453125 0.3955078125 0.66748046875 0.41015625 0.66259765625 0.42578125 0.662109375 0.443359375 0.66455078125 0.4658203125 0.66357421875 0.4873046875 0.66064453125 0.4892578125 0.65966796875 0.4892578125 0.658203125 0.4951171875 0.66748046875 0.4951171875 0.66796875 0.4921875 0.6689453125 0.45703125 0.669921875 0.4462890625
19 0.74853515625 0.5087890625 0.74462890625 0.0615234375 0.74072265625 0.0615234375 0.74462890625 0.5087890625 0.74853515625 0.5087890625
31 0.73974609375 0.0478515625 0.73388671875 0.060546875 0.734375 0.0908203125 0.7421875 0.0791015625 0.73974609375 0.0478515625
31 0.7607421875 0.1435546875 0.7607421875 0.08984375 0.76025390625 0.0859375 0.75439453125 0.0830078125 0.73046875 0.0859375 0.7275390625 0.0908203125 0.728515625 0.1484375 0.73046875 0.1513671875 0.7607421875 0.1494140625 0.7607421875 0.1435546875
28 0.50146484375 0.2744140625 0.49755859375 0.279296875 0.49609375 0.28515625 0.49560546875 0.2919921875 0.4970703125 0.294921875 0.5009765625 0.2978515625 0.5029296875 0.2958984375 0.50439453125 0.294921875 0.5068359375 0.2900390625 0.5078125 0.2822265625 0.50537109375 0.27734375 0.50146484375 0.2744140625
0 0.63427734375 0.412109375 0.6357421875 0.412109375 0.63525390625 0.4287109375 0.63427734375 0.4375 0.6328125 0.443359375 0.63134765625 0.4501953125 0.62841796875 0.4560546875 0.626953125 0.49609375 0.63134765625 0.5048828125 0.63330078125 0.5068359375 0.63525390625 0.50390625 0.63623046875 0.4970703125 0.63623046875 0.484375 0.63720703125 0.4833984375 0.6376953125 0.486328125 0.63916015625 0.498046875 0.64111328125 0.5078125 0.64208984375 0.5107421875 0.6435546875 0.51171875 0.64453125 0.5107421875 0.64501953125 0.5078125 0.646484375 0.5029296875 0.64697265625 0.4951171875 0.64501953125 0.4599609375 0.64501953125 0.45703125 0.64697265625 0.4560546875 0.646484375 0.4384765625 0.64306640625 0.4384765625 0.64306640625 0.4365234375 0.64404296875 0.4365234375 0.64404296875 0.4306640625 0.64404296875 0.4296875 0.6416015625 0.427734375 0.638671875 0.4248046875 0.63818359375 0.4130859375 0.64013671875 0.41015625 0.64111328125 0.4091796875 0.640625 0.4052734375 0.64013671875 0.404296875 0.63818359375 0.4033203125 0.634765625 0.4033203125 0.63232421875 0.40625 0.63232421875 0.41015625 0.63427734375 0.412109375
17 0.61572265625 0.3955078125 0.61669921875 0.390625 0.61669921875 0.3857421875 0.6181640625 0.3701171875 0.61865234375 0.390625 0.6181640625 0.396484375 0.6181640625 0.40234375 0.6171875 0.4072265625 0.61669921875 0.4091796875 0.6181640625 0.4228515625 0.6181640625 0.4248046875 0.6181640625 0.435546875 0.6181640625 0.443359375 0.6171875 0.4541015625 0.6181640625 0.46484375 0.61865234375 0.4755859375 0.6220703125 0.4912109375 0.62255859375 0.498046875 0.62109375 0.505859375 0.625 0.5078125 0.62744140625 0.505859375 0.6328125 0.505859375 0.63134765625 0.498046875 0.62890625 0.4921875 0.63134765625 0.4580078125 0.6318359375 0.4580078125 0.6357421875 0.42578125 0.6357421875 0.4169921875 0.63525390625 0.412109375 0.63330078125 0.4072265625 0.6357421875 0.40234375 0.63525390625 0.3994140625 0.6357421875 0.388671875 0.63671875 0.3720703125 0.638671875 0.3828125 0.640625 0.388671875 0.6396484375 0.396484375 0.638671875 0.40234375 0.6396484375 0.40625 0.64111328125 0.4072265625 0.6435546875 0.4013671875 0.64453125 0.3837890625 0.642578125 0.373046875 0.640625 0.3544921875 0.63671875 0.345703125 0.63330078125 0.34375 0.63330078125 0.33984375 0.6357421875 0.3291015625 0.63671875 0.3212890625 0.6328125 0.314453125 0.6279296875 0.31640625 0.6259765625 0.322265625 0.6259765625 0.33203125 0.62646484375 0.3359375 0.6240234375 0.34375 0.6171875 0.34375 0.61572265625 0.3486328125 0.61279296875 0.3701171875 0.61181640625 0.3876953125 0.61328125 0.3955078125 0.6142578125 0.396484375 0.61572265625 0.3955078125
28 0.54052734375 0.33203125 0.54638671875 0.33203125 0.546875 0.3310546875 0.546875 0.3095703125 0.54638671875 0.30859375 0.537109375 0.3095703125 0.537109375 0.3173828125 0.54052734375 0.318359375 0.54052734375 0.33203125
28 0.49609375 0.2939453125 0.4990234375 0.296875 0.50146484375 0.2978515625 0.5048828125 0.294921875 0.50634765625 0.2900390625 0.5068359375 0.283203125 0.505859375 0.27734375 0.501953125 0.2744140625 0.4990234375 0.2744140625 0.49755859375 0.27734375 0.49658203125 0.2822265625 0.49560546875 0.2880859375 0.49609375 0.2939453125
28 0.4365234375 0.2490234375 0.43701171875 0.2548828125 0.43896484375 0.2568359375 0.43896484375 0.2529296875 0.4404296875 0.2529296875 0.44091796875 0.25390625 0.4501953125 0.275390625 0.4609375 0.2578125 0.4619140625 0.25390625 0.45166015625 0.2314453125 0.44140625 0.2490234375 0.4384765625 0.25 0.4384765625 0.2490234375 0.4365234375 0.2490234375
8 0.41259765625 0.412109375 0.4150390625 0.4140625 0.41796875 0.4130859375 0.41748046875 0.4248046875 0.41845703125 0.4248046875 0.41845703125 0.423828125 0.42333984375 0.423828125 0.42333984375 0.4248046875 0.42529296875 0.4248046875 0.42724609375 0.390625 0.42626953125 0.384765625 0.427734375 0.384765625 0.42822265625 0.380859375 0.41748046875 0.3818359375 0.41748046875 0.3876953125 0.41845703125 0.3876953125 0.41845703125 0.392578125 0.41748046875 0.4033203125 0.41650390625 0.4052734375 0.412109375 0.4052734375 0.41259765625 0.412109375
28 0.4365234375 0.4287109375 0.4384765625 0.4287109375 0.43896484375 0.4267578125 0.43798828125 0.4248046875 0.43798828125 0.388671875 0.43798828125 0.3837890625 0.43017578125 0.3837890625 0.42529296875 0.3876953125 0.4248046875 0.4248046875 0.435546875 0.42578125 0.43603515625 0.427734375 0.4365234375 0.4287109375
17 0.4365234375 0.404296875 0.43896484375 0.4013671875 0.43994140625 0.41015625 0.44189453125 0.41015625 0.44140625 0.4287109375 0.4443359375 0.4306640625 0.44677734375 0.4287109375 0.44580078125 0.4248046875 0.4443359375 0.4228515625 0.4453125 0.41015625 0.4453125 0.40234375 0.44384765625 0.388671875 0.44287109375 0.3857421875 0.44384765625 0.3701171875 0.44287109375 0.3662109375 0.44287109375 0.361328125 0.44189453125 0.3564453125 0.43994140625 0.3564453125 0.4375 0.359375 0.43603515625 0.3623046875 0.43310546875 0.3662109375 0.43115234375 0.3720703125 0.43310546875 0.3876953125 0.43310546875 0.3935546875 0.43310546875 0.3984375 0.43212890625 0.412109375 0.4306640625 0.4140625 0.42919921875 0.416015625 0.43017578125 0.42578125 0.4326171875 0.4248046875 0.43359375 0.41796875 0.43505859375 0.4140625 0.4365234375 0.404296875
8 0.453125 0.4267578125 0.45458984375 0.4189453125 0.45751953125 0.419921875 0.45751953125 0.4267578125 0.45849609375 0.4287109375 0.4599609375 0.4296875 0.4609375 0.42578125 0.4599609375 0.3974609375 0.453125 0.3974609375 0.4521484375 0.4033203125 0.4521484375 0.4267578125 0.453125 0.4267578125
9 0.91845703125 0.9208984375 0.79150390625 0.900390625 0.6669921875 0.8837890625 0.59619140625 0.8759765625 0.59619140625 0.87109375 0.60498046875 0.8671875 0.615234375 0.8466796875 0.61767578125 0.818359375 0.611328125 0.7900390625 0.59716796875 0.77734375 0.58349609375 0.779296875 0.572265625 0.7919921875 0.568359375 0.8037109375 0.5654296875 0.818359375 0.564453125 0.8359375 0.56689453125 0.8525390625 0.57568359375 0.87109375 0.58740234375 0.875 0.58740234375 0.87890625 0.51904296875 0.88671875 0.4013671875 0.90234375 0.27197265625 0.9267578125 0.1884765625 0.947265625 0.01220703125 0.9912109375 0.01171875 0.9990234375 0.99951171875 0.9990234375 0.99951171875 0.935546875 0.91845703125 0.9208984375
22 0.203125 0 0.99951171875 0.02734375 0.99951171875 0 0.203125 0
22 0.99951171875 0.4970703125 0.99462890625 0.9990234375 0.99951171875 0.9990234375 0.99951171875 0.4970703125
22 0 0 0 0.462890625 0.00830078125 0 0 0
22 0 0.9990234375 0.94580078125 0.9990234375 0.5302734375 0.9599609375 0 0.9541015625 0 0.9990234375