25 0 0.9990234375 0.99951171875 0.9990234375 0.99951171875 0.283203125 0 0.2685546875 0 0.5 0 0.9990234375
26 0 0.9990234375 0.1826171875 0.9990234375 0.501953125 0.5576171875 0.55908203125 0.4765625 0.56591796875 0.4658203125 0.57568359375 0.4541015625 0.578125 0.451171875 0.5849609375 0.443359375 0.59423828125 0.439453125 0.60498046875 0.4306640625 0.62353515625 0.419921875 0.634765625 0.41015625 0.64501953125 0.4052734375 0.65625 0.4013671875 0.66455078125 0.3994140625 0.671875 0.396484375 0.6796875 0.3935546875 0.68896484375 0.3896484375 0.6953125 0.3876953125 0.70166015625 0.384765625 0.7119140625 0.3447265625 0.640625 0.341796875 0.4931640625 0.3779296875 0.3037109375 0.48828125 0 0.6220703125 0 0.9990234375
27 0.64892578125 0 0.71533203125 0.080078125 0.83984375 0.1552734375 0.80810546875 0 0.64892578125 0
26 0.9189453125 0.8125 0.95849609375 0.8583984375 0.99951171875 0.91015625 0.99951171875 0.4677734375 0.95703125 0.318359375 0.83349609375 0.3466796875 0.79248046875 0.5283203125 0.8515625 0.671875 0.8525390625 0.6904296875 0.859375 0.705078125 0.9189453125 0.8125
16 0.85205078125 0.6904296875 0.85302734375 0.673828125 0.85498046875 0.6630859375 0.8564453125 0.65625 0.86083984375 0.6513671875 0.88330078125 0.6435546875 0.92431640625 0.6337890625 0.9638671875 0.5869140625 0.93896484375 0.544921875 0.90673828125 0.5234375 0.84521484375 0.4990234375 0.7607421875 0.4873046875 0.74560546875 0.451171875 0.7294921875 0.4365234375 0.70849609375 0.4541015625 0.71875 0.474609375 0.728515625 0.48828125 0.85009765625 0.6904296875 0.85205078125 0.6904296875
3 0 0 0 0.8017578125 0.205078125 0.662109375 0.27197265625 0.6123046875 0.3623046875 0.5400390625 0.37451171875 0.53515625 0.3876953125 0.5263671875 0.43212890625 0.5009765625 0.458984375 0.4853515625 0.45947265625 0.4833984375 0.45947265625 0.4677734375 0.466796875 0.4677734375 0.47216796875 0.4677734375 0.48486328125 0.466796875 0.494140625 0.4560546875 0.49609375 0.453125 0.50537109375 0.447265625 0.51171875 0.44140625 0.521484375 0.43359375 0.53173828125 0.42578125 0.54345703125 0.4169921875 0.5546875 0.4130859375 0.5693359375 0.4091796875 0.5927734375 0.4033203125 0.60498046875 0.400390625 0.61962890625 0.3955078125 0.6298828125 0.392578125 0.6376953125 0.390625 0.6494140625 0.3876953125 0.65869140625 0.3837890625 0.671875 0.380859375 0.68115234375 0.3798828125 0.68994140625 0.37890625 0.69970703125 0.3759765625 0.71337890625 0.37109375 0.71630859375 0.3818359375 0.79931640625 0.4306640625 0.921875 0.4619140625 0.9443359375 0.4638671875 0.95751953125 0.4697265625 0.96435546875 0.4794921875 0.99951171875 0.4912109375 0.99951171875 0 0.7626953125 0 0.76318359375 0.013671875 0.76904296875 0.01953125 0.76904296875 0.0546875 0.76953125 0.076171875 0.76953125 0.1025390625 0.7685546875 0.1005859375 0.767578125 0.099609375 0.76611328125 0.0947265625 0.76318359375 0.0927734375 0.7626953125 0.0908203125 0.76123046875 0.0849609375 0.76025390625 0.083984375 0.75927734375 0.0830078125 0.7578125 0.078125 0.75634765625 0.0732421875 0.7509765625 0.0703125 0.7451171875 0.0693359375 0.74365234375 0.068359375 0.74072265625 0.0634765625 0.73876953125 0.0595703125 0.73583984375 0.0546875 0.734375 0.0517578125 0.73388671875 0.046875 0.734375 0.041015625 0.73486328125 0.0390625 0.734375 0.03515625 0.73095703125 0.0361328125 0.728515625 0.0380859375 0.7265625 0.0380859375 0.72216796875 0.0361328125 0.7216796875 0.03515625 0.72119140625 0.033203125 0.71923828125 0.033203125 0.7177734375 0.037109375 0.71533203125 0.0380859375 0.71044921875 0.0380859375 0.70654296875 0.037109375 0.703125 0.0302734375 0.7021484375 0.0224609375 0.70263671875 0 0 0
28 0.55419921875 0.423828125 0.55322265625 0.4150390625 0.54931640625 0.3896484375 0.54638671875 0.390625 0.54296875 0.396484375 0.546875 0.4296875 0.5498046875 0.4296875 0.55224609375 0.427734375 0.55419921875 0.423828125
31 0.7744140625 0.2880859375 0.775390625 0.291015625 0.78369140625 0.291015625 0.78369140625 0.2587890625 0.77490234375 0.2578125 0.7744140625 0.2607421875 0.7744140625 0.2880859375
28 0.73876953125 0.2734375 0.7421875 0.2724609375 0.7431640625 0.2685546875 0.7431640625 0.2666015625 0.744140625 0.2626953125 0.744140625 0.259765625 0.7431640625 0.2548828125 0.74267578125 0.2509765625 0.74072265625 0.251953125 0.740234375 0.2548828125 0.73974609375 0.2587890625 0.740234375 0.2626953125 0.740234375 0.265625 0.740234375 0.2685546875 0.7392578125 0.26953125 0.73583984375 0.2685546875 0.736328125 0.2744140625 0.73779296875 0.2734375 0.73876953125 0.2734375
28 0.63525390625 0.205078125 0.63671875 0.2001953125 0.63720703125 0.19140625 0.6376953125 0.18359375 0.63720703125 0.1787109375 0.6357421875 0.17578125 0.63525390625 0.173828125 0.63525390625 0.171875 0.63330078125 0.171875 0.6328125 0.17578125 0.630859375 0.1796875 0.630859375 0.181640625 0.63037109375 0.1875 0.630859375 0.19140625 0.63134765625 0.1953125 0.63232421875 0.2001953125 0.6328125 0.2021484375 0.62109375 0.203125 0.6201171875 0.203125 0.62060546875 0.2216796875 0.626953125 0.2119140625 0.62939453125 0.2060546875 0.63232421875 0.205078125 0.63525390625 0.205078125
28 0.484375 0.1416015625 0.48876953125 0.140625 0.4892578125 0.1650390625 0.48583984375 0.1640625 0.48388671875 0.1630859375 0.48388671875 0.169921875 0.5224609375 0.166015625 0.52197265625 0.1337890625 0.486328125 0.1376953125 0.484375 0.1416015625
28 0.34326171875 0 0.34033203125 0.0078125 0.33837890625 0.015625 0.337890625 0.021484375 0.3388671875 0.0693359375 0.341796875 0.0791015625 0.38720703125 0.0732421875 0.38671875 0.0693359375 0.384765625 0 0.34326171875 0
17 0.57177734375 0.3896484375 0.57275390625 0.388671875 0.5732421875 0.3837890625 0.57373046875 0.3837890625 0.57275390625 0.3798828125 0.57373046875 0.3671875 0.57373046875 0.3603515625 0.57470703125 0.3603515625 0.57470703125 0.3544921875 0.57177734375 0.3408203125 0.57080078125 0.3359375 0.56884765625 0.333984375 0.56591796875 0.33203125 0.56494140625 0.330078125 0.56494140625 0.3232421875 0.5634765625 0.318359375 0.560546875 0.3173828125 0.5576171875 0.3193359375 0.55712890625 0.3251953125 0.5576171875 0.3359375 0.55517578125 0.3359375 0.552734375 0.34375 0.55126953125 0.3544921875 0.5517578125 0.3603515625 0.55322265625 0.3642578125 0.55419921875 0.3662109375 0.5537109375 0.37890625 0.552734375 0.3916015625 0.5546875 0.40625 0.55810546875 0.4208984375 0.55908203125 0.4287109375 0.55859375 0.43359375 0.55908203125 0.4384765625 0.56005859375 0.4384765625 0.56103515625 0.4365234375 0.56201171875 0.4375 0.56298828125 0.439453125 0.56396484375 0.439453125 0.56591796875 0.439453125 0.56689453125 0.4384765625 0.5693359375 0.431640625 0.5703125 0.416015625 0.57080078125 0.3935546875 0.5703125 0.3876953125 0.57177734375 0.3896484375
17 0.544921875 0.3818359375 0.54541015625 0.3876953125 0.54736328125 0.388671875 0.5478515625 0.3828125 0.54833984375 0.3720703125 0.546875 0.3642578125 0.54541015625 0.3447265625 0.54541015625 0.3330078125 0.54248046875 0.326171875 0.54052734375 0.32421875 0.54150390625 0.32421875 0.54150390625 0.3203125 0.5419921875 0.31640625 0.54248046875 0.30859375 0.53955078125 0.306640625 0.53662109375 0.306640625 0.53564453125 0.3095703125 0.53515625 0.3134765625 0.53515625 0.31640625 0.53466796875 0.318359375 0.53466796875 0.3212890625 0.53173828125 0.3251953125 0.52783203125 0.3330078125 0.5244140625 0.3447265625 0.52294921875 0.3720703125 0.5234375 0.3828125 0.52001953125 0.3896484375 0.5185546875 0.3876953125 0.51806640625 0.380859375 0.51806640625 0.376953125 0.51904296875 0.37109375 0.51806640625 0.365234375 0.51611328125 0.361328125 0.51220703125 0.3623046875 0.51123046875 0.3681640625 0.51171875 0.376953125 0.51025390625 0.3828125 0.50830078125 0.39453125 0.50830078125 0.4013671875 0.50927734375 0.40625 0.5078125 0.41796875 0.509765625 0.42578125 0.5107421875 0.427734375 0.51171875 0.4296875 0.5107421875 0.4423828125 0.51123046875 0.451171875 0.51318359375 0.4521484375 0.5166015625 0.4521484375 0.51904296875 0.4521484375 0.521484375 0.451171875 0.521484375 0.4482421875 0.51806640625 0.4453125 0.51806640625 0.4326171875 0.51806640625 0.423828125 0.52197265625 0.423828125 0.5234375 0.4208984375 0.5234375 0.419921875 0.52197265625 0.4140625 0.51904296875 0.3994140625 0.51904296875 0.3935546875 0.52294921875 0.390625 0.525390625 0.3876953125 0.5263671875 0.384765625 0.52783203125 0.392578125 0.529296875 0.40625 0.53125 0.4375 0.53173828125 0.451171875 0.53369140625 0.4541015625 0.53955078125 0.4541015625 0.5458984375 0.453125 0.546875 0.4501953125 0.544921875 0.44921875 0.5439453125 0.44921875 0.54296875 0.44921875 0.54052734375 0.447265625 0.54052734375 0.4453125 0.54052734375 0.439453125 0.5400390625 0.4326171875 0.54248046875 0.4033203125 0.54345703125 0.39453125 0.5439453125 0.384765625 0.544921875 0.3818359375
31 0.466796875 0.1708984375 0.46630859375 0.1474609375 0.4560546875 0.1494140625 0.455078125 0.162109375 0.45458984375 0.173828125 0.466796875 0.1708984375
5 0.7021484375 0.3642578125 0.70068359375 0.365234375 0.69873046875 0.3681640625 0.7001953125 0.373046875 0.7001953125 0.3740234375 0.69970703125 0.3818359375 0.7001953125 0.3896484375 0.7001953125 0.39453125 0.69970703125 0.404296875 0.69970703125 0.427734375 0.701171875 0.439453125 0.70263671875 0.4443359375 0.70703125 0.4443359375 0.7138671875 0.3916015625 0.72802734375 0.328125 0.7119140625 0.3408203125 0.708984375 0.34375 0.7041015625 0.353515625 0.7021484375 0.3642578125
5 0.7392578125 0.3095703125 0.72607421875 0.3115234375 0.72412109375 0.3115234375 0.72119140625 0.310546875 0.716796875 0.3134765625 0.7138671875 0.3212890625 0.71044921875 0.3447265625 0.708984375 0.35546875 0.70361328125 0.3583984375 0.7021484375 0.3642578125 0.70361328125 0.3681640625 0.705078125 0.369140625 0.705078125 0.373046875 0.703125 0.3818359375 0.7041015625 0.3994140625 0.70458984375 0.4208984375 0.7060546875 0.42578125 0.7060546875 0.439453125 0.7060546875 0.4443359375 0.70654296875 0.44921875 0.70751953125 0.4501953125 0.70751953125 0.4541015625 0.70849609375 0.458984375 0.70947265625 0.4609375 0.7099609375 0.4609375 0.7138671875 0.4609375 0.7177734375 0.4609375 0.71923828125 0.45703125 0.71923828125 0.443359375 0.7197265625 0.4384765625 0.73974609375 0.4287109375 0.75390625 0.4013671875 0.7607421875 0.3359375 0.767578125 0.310546875 0.76123046875 0.3095703125 0.75439453125 0.30859375 0.7392578125 0.3095703125
5 0.7451171875 0.3232421875 0.7373046875 0.3447265625 0.7314453125 0.3681640625 0.72998046875 0.3701171875 0.72705078125 0.37109375 0.72412109375 0.376953125 0.724609375 0.3876953125 0.72607421875 0.388671875 0.72705078125 0.3896484375 0.7275390625 0.392578125 0.724609375 0.4052734375 0.72216796875 0.416015625 0.720703125 0.42578125 0.7216796875 0.4443359375 0.7236328125 0.4560546875 0.72412109375 0.4853515625 0.72509765625 0.48828125 0.7265625 0.490234375 0.73486328125 0.490234375 0.736328125 0.4873046875 0.736328125 0.4765625 0.740234375 0.4794921875 0.740234375 0.486328125 0.740234375 0.49609375 0.74072265625 0.50390625 0.74267578125 0.51171875 0.74853515625 0.51171875 0.75146484375 0.509765625 0.75341796875 0.50390625 0.7548828125 0.49609375 0.76220703125 0.4755859375 0.79931640625 0.412109375 0.7913263500000001 0.34197443125000004 0.79052734375 0.33984375 0.79059633125 0.3355664984375 0.79052734375 0.3349609375 0.79059915 0.3353917734375 0.791015625 0.3095703125 0.77490234375 0.3095703125 0.76318359375 0.3115234375 0.7490234375 0.3173828125 0.7451171875 0.3232421875
5 0.91455078125 0.359375 0.91064453125 0.3447265625 0.90576171875 0.3330078125 0.8994140625 0.318359375 0.8935546875 0.30859375 0.88818359375 0.2998046875 0.8828125 0.296875 0.86083984375 0.296875 0.8447265625 0.2978515625 0.8271484375 0.2998046875 0.8046875 0.306640625 0.79833984375 0.3076171875 0.7939453125 0.3076171875 0.78955078125 0.30859375 0.78125 0.3203125 0.77587890625 0.3330078125 0.76806640625 0.359375 0.76513671875 0.37890625 0.763671875 0.390625 0.76220703125 0.388671875 0.76171875 0.3798828125 0.7607421875 0.376953125 0.75732421875 0.3759765625 0.75244140625 0.3798828125 0.75244140625 0.39453125 0.7578125 0.4033203125 0.75927734375 0.4052734375 0.75634765625 0.423828125 0.75439453125 0.4287109375 0.75390625 0.435546875 0.75244140625 0.447265625 0.75439453125 0.45703125 0.7548828125 0.4736328125 0.7548828125 0.509765625 0.755859375 0.53125 0.7578125 0.5380859375 0.7685546875 0.5380859375 0.77001953125 0.5341796875 0.77001953125 0.52734375 0.771484375 0.5224609375 0.77490234375 0.52734375 0.77490234375 0.541015625 0.7763671875 0.56640625 0.77880859375 0.57421875 0.78125 0.576171875 0.79150390625 0.576171875 0.79345703125 0.5703125 0.79541015625 0.55078125 0.79638671875 0.541015625 0.8095703125 0.54296875 0.822265625 0.5380859375 0.826171875 0.53515625 0.82666015625 0.5322265625 0.8330078125 0.5283203125 0.88037109375 0.525390625 0.8857421875 0.5322265625 0.89501953125 0.5390625 0.904296875 0.5400390625 0.90966796875 0.5390625 0.9111328125 0.552734375 0.9130859375 0.560546875 0.9189453125 0.564453125 0.923828125 0.5673828125 0.93115234375 0.5634765625 0.9345703125 0.5517578125 0.93505859375 0.5400390625 0.93408203125 0.5185546875 0.93359375 0.5029296875 0.93505859375 0.47265625 0.9326171875 0.4365234375 0.9267578125 0.42578125 0.923828125 0.412109375 0.9208984375 0.3876953125 0.919921875 0.3740234375 0.916015625 0.3662109375 0.91455078125 0.359375
1 0.93798828125 0.666015625 0.947265625 0.6787109375 0.962890625 0.6923828125 0.9638671875 0.6982421875 0.97265625 0.7265625 0.98583984375 0.7529296875 0.99951171875 0.7646484375 0.99951171875 0.37890625 0.990234375 0.3837890625 0.98046875 0.390625 0.982421875 0.4013671875 0.9794921875 0.4033203125 0.97021484375 0.3955078125 0.9560546875 0.3955078125 0.9501953125 0.4052734375 0.95654296875 0.40625 0.98291015625 0.41015625 0.98876953125 0.41796875 0.99072265625 0.423828125 0.99267578125 0.431640625 0.9921875 0.447265625 0.9921875 0.4541015625 0.9931640625 0.4697265625 0.96826171875 0.46875 0.96826171875 0.4609375 0.9638671875 0.455078125 0.9599609375 0.455078125 0.9580078125 0.4599609375 0.95703125 0.46875 0.95849609375 0.4736328125 0.94970703125 0.474609375 0.94970703125 0.484375 0.93994140625 0.5029296875 0.93212890625 0.5146484375 0.92529296875 0.5205078125 0.92041015625 0.54296875 0.91845703125 0.564453125 0.9169921875 0.5859375 0.91796875 0.6142578125 0.921875 0.6337890625 0.92529296875 0.642578125 0.93212890625 0.654296875 0.93798828125 0.666015625
13 0.83251953125 0.4970703125 0.830078125 0.4931640625 0.8310546875 0.5234375 0.88720703125 0.51953125 0.88671875 0.4921875 0.83251953125 0.4970703125
28 0.423828125 0.123046875 0.42626953125 0.123046875 0.439453125 0.0869140625 0.4541015625 0.0869140625 0.4541015625 0.0986328125 0.43994140625 0.099609375 0.43896484375 0.103515625 0.4384765625 0.1494140625 0.43896484375 0.154296875 0.470703125 0.1533203125 0.4716796875 0.1513671875 0.4716796875 0.099609375 0.47119140625 0.0986328125 0.47021484375 0.0986328125 0.45703125 0.0986328125 0.45654296875 0.0869140625 0.47021484375 0.0869140625 0.47021484375 0.0849609375 0.42529296875 0.0859375 0.423828125 0.08984375 0.423828125 0.091796875 0.423828125 0.123046875
17 0.52001953125 0.3896484375 0.5185546875 0.3876953125 0.51806640625 0.380859375 0.51806640625 0.376953125 0.51904296875 0.37109375 0.51806640625 0.365234375 0.51611328125 0.361328125 0.51220703125 0.3623046875 0.51123046875 0.3681640625 0.51171875 0.376953125 0.51025390625 0.3828125 0.50830078125 0.39453125 0.50830078125 0.4013671875 0.50927734375 0.40625 0.5078125 0.41796875 0.509765625 0.42578125 0.51171875 0.4296875 0.5107421875 0.4423828125 0.51123046875 0.451171875 0.51318359375 0.4521484375 0.51904296875 0.4521484375 0.521484375 0.451171875 0.521484375 0.4482421875 0.51806640625 0.4453125 0.51806640625 0.423828125 0.52197265625 0.423828125 0.5234375 0.4208984375 0.5234375 0.419921875 0.52197265625 0.4140625 0.51904296875 0.3994140625 0.51904296875 0.3935546875 0.52294921875 0.390625 0.525390625 0.3876953125 0.52568359375 0.3865234375 0.52587890625 0.3857421875 0.525390625 0.3837890625 0.52294921875 0.3837890625 0.52001953125 0.3896484375
28 0.91748046875 0 0.91845703125 0.044921875 0.97216796875 0.0380859375 0.970703125 0 0.91748046875 0
31 0.46630859375 0.197265625 0.4677734375 0.1953125 0.466796875 0.1748046875 0.46630859375 0.173828125 0.455078125 0.17578125 0.455078125 0.18359375 0.45458984375 0.1982421875 0.46630859375 0.197265625
28 0.7763671875 0.0556640625 0.77880859375 0.04296875 0.77880859375 0.0361328125 0.77490234375 0.0322265625 0.77197265625 0.0283203125 0.76904296875 0.0322265625 0.76611328125 0.041015625 0.765625 0.046875 0.76904296875 0.0693359375 0.77197265625 0.080078125 0.77392578125 0.0869140625 0.78076171875 0.0830078125 0.78515625 0.0849609375 0.7919921875 0.09375 0.79736328125 0.1005859375 0.802734375 0.1005859375 0.8056640625 0.09765625 0.8056640625 0.078125 0.80419921875 0.0732421875 0.7744140625 0.078125 0.77490234375 0.0693359375 0.7763671875 0.064453125 0.7763671875 0.0556640625
9 0.91845703125 0.9208984375 0.79150390625 0.900390625 0.6669921875 0.8837890625 0.59619140625 0.8759765625 0.59619140625 0.87109375 0.60498046875 0.8671875 0.615234375 0.8466796875 0.61767578125 0.818359375 0.611328125 0.7900390625 0.59716796875 0.77734375 0.58349609375 0.779296875 0.572265625 0.7919921875 0.568359375 0.8037109375 0.5654296875 0.818359375 0.564453125 0.8359375 0.56689453125 0.8525390625 0.57568359375 0.87109375 0.58740234375 0.875 0.58740234375 0.87890625 0.51904296875 0.88671875 0.4013671875 0.90234375 0.27197265625 0.9267578125 0.1884765625 0.947265625 0.01220703125 0.9912109375 0.01171875 0.9990234375 0.99951171875 0.9990234375 0.99951171875 0.935546875 0.91845703125 0.9208984375
22 0.203125 0 0.99951171875 0.02734375 0.99951171875 0 0.203125 0
22 0.99951171875 0.4970703125 0.99462890625 0.9990234375 0.99951171875 0.9990234375 0.99951171875 0.4970703125
22 0 0 0 0.462890625 0.00830078125 0 0 0
22 0 0.9990234375 0.94580078125 0.9990234375 0.5302734375 0.9599609375 0 0.9541015625 0 0.9990234375