12 0.15869140625 0.4287109375 0.15869140625 0.5302734375 0.1640625 0.5400390625 0.1552734375 0.5400390625 0.14794921875 0.5537109375 0.16748046875 0.5546875 0.18017578125 0.5498046875 0.18017578125 0.5439453125 0.17578125 0.5380859375 0.16796875 0.5380859375 0.1748046875 0.5263671875 0.1748046875 0.4267578125 0.16845703125 0.42578125 0.16845703125 0.416015625 0.16552734375 0.421875 0.16552734375 0.427734375 0.15869140625 0.4287109375
14 0.4013671875 0 0.39794921875 0.0068359375 0.396484375 0.01171875 0.3955078125 0.0146484375 0.3935546875 0.017578125 0.392578125 0.0224609375 0.3935546875 0.029296875 0.3984375 0.0341796875 0.40087890625 0.029296875 0.404296875 0.02734375 0.40673828125 0.0361328125 0.4072265625 0.041015625 0.4091796875 0.04296875 0.41015625 0.044921875 0.40869140625 0.056640625 0.40869140625 0.0595703125 0.40869140625 0.0634765625 0.41162109375 0.0712890625 0.4130859375 0.076171875 0.41748046875 0.08203125 0.43896484375 0.091796875 0.46923828125 0.2119140625 0.46728515625 0.22265625 0.4619140625 0.23046875 0.4580078125 0.232421875 0.4521484375 0.2373046875 0.45068359375 0.2431640625 0.45361328125 0.24609375 0.4599609375 0.24609375 0.46142578125 0.2490234375 0.46142578125 0.251953125 0.462890625 0.2548828125 0.4658203125 0.2568359375 0.46826171875 0.2607421875 0.4716796875 0.2626953125 0.4765625 0.2607421875 0.484375 0.2587890625 0.4873046875 0.2626953125 0.48876953125 0.271484375 0.48876953125 0.28515625 0.494140625 0.29296875 0.49658203125 0.2958984375 0.50048828125 0.298828125 0.49658203125 0.3037109375 0.48974609375 0.310546875 0.48974609375 0.3134765625 0.4921875 0.3134765625 0.50390625 0.3076171875 0.51025390625 0.302734375 0.515625 0.3017578125 0.51953125 0.3046875 0.5234375 0.2998046875 0.52734375 0.296875 0.52734375 0.291015625 0.52783203125 0.2822265625 0.52880859375 0.279296875 0.53173828125 0.2802734375 0.53466796875 0.2841796875 0.537109375 0.28515625 0.53955078125 0.283203125 0.5439453125 0.2802734375 0.544921875 0.28515625 0.544921875 0.2919921875 0.54345703125 0.294921875 0.5419921875 0.2978515625 0.53955078125 0.3037109375 0.5419921875 0.3056640625 0.5439453125 0.306640625 0.5478515625 0.3037109375 0.55126953125 0.30078125 0.552734375 0.3017578125 0.5556640625 0.294921875 0.55712890625 0.29296875 0.56103515625 0.294921875 0.56396484375 0.30078125 0.56689453125 0.30859375 0.56982421875 0.318359375 0.57470703125 0.3251953125 0.5830078125 0.3173828125 0.58544921875 0.3173828125 0.59130859375 0.3173828125 0.5986328125 0.3349609375 0.60009765625 0.3408203125 0.6025390625 0.345703125 0.6064453125 0.3486328125 0.60888671875 0.3388671875 0.607421875 0.33203125 0.607421875 0.3251953125 0.61181640625 0.3203125 0.6181640625 0.3154296875 0.62255859375 0.3173828125 0.625 0.3212890625 0.626953125 0.3291015625 0.62939453125 0.3330078125 0.63525390625 0.33984375 0.63671875 0 0.4013671875 0
12 0.62744140625 0.3427734375 0.626953125 0.3310546875 0.60498046875 0.33203125 0.6044921875 0.33984375 0.62744140625 0.3427734375
12 0.58251953125 0.369140625 0.58154296875 0.35546875 0.57470703125 0.357421875 0.5751953125 0.3701171875 0.58251953125 0.369140625
12 0.58251953125 0.380859375 0.58251953125 0.3740234375 0.57958984375 0.37109375 0.578125 0.37109375 0.57666015625 0.3720703125 0.5751953125 0.3759765625 0.5751953125 0.3818359375 0.5771484375 0.3857421875 0.580078125 0.3857421875 0.58251953125 0.380859375
12 0.47265625 0.38671875 0.4765625 0.3876953125 0.47900390625 0.384765625 0.47998046875 0.3828125 0.47998046875 0.3759765625 0.478515625 0.3720703125 0.4765625 0.3701171875 0.47265625 0.37109375 0.470703125 0.3759765625 0.470703125 0.3828125 0.47265625 0.38671875
12 0.56787109375 0.3369140625 0.57275390625 0.3310546875 0.5751953125 0.3271484375 0.57666015625 0.3173828125 0.57666015625 0.3056640625 0.57275390625 0.2958984375 0.5693359375 0.2939453125 0.56494140625 0.2939453125 0.5625 0.2978515625 0.56103515625 0.3037109375 0.560546875 0.30859375 0.56005859375 0.3232421875 0.5625 0.3330078125 0.56787109375 0.3369140625
12 0.388671875 0.22265625 0.39208984375 0.2275390625 0.53076171875 0.2197265625 0.533203125 0.2119140625 0.53125 0.0732421875 0.52734375 0.064453125 0.38916015625 0.07421875 0.3857421875 0.0791015625 0.388671875 0.22265625
12 0.32373046875 0.3564453125 0.32373046875 0.33203125 0.3017578125 0.3310546875 0.30224609375 0.3544921875 0.32373046875 0.3564453125
12 0.31201171875 0.3271484375 0.31689453125 0.3291015625 0.3212890625 0.32421875 0.3232421875 0.318359375 0.3251953125 0.3076171875 0.3251953125 0.2978515625 0.32080078125 0.2900390625 0.31640625 0.28515625 0.3115234375 0.28515625 0.3056640625 0.2890625 0.302734375 0.2978515625 0.3017578125 0.306640625 0.302734375 0.3173828125 0.30615234375 0.3232421875 0.31201171875 0.3271484375
12 0.32568359375 0.283203125 0.3271484375 0.2607421875 0.3037109375 0.2587890625 0.30419921875 0.2802734375 0.32568359375 0.283203125
12 0.3046875 0.2353515625 0.3046875 0.2421875 0.3076171875 0.25 0.31201171875 0.25390625 0.318359375 0.2578125 0.32275390625 0.25390625 0.32666015625 0.2490234375 0.32763671875 0.244140625 0.32763671875 0.236328125 0.32763671875 0.224609375 0.32421875 0.216796875 0.32080078125 0.212890625 0.3154296875 0.2109375 0.31103515625 0.21484375 0.30615234375 0.220703125 0.3046875 0.2353515625
8 0.22900390625 0.431640625 0.2294921875 0.4521484375 0.23046875 0.462890625 0.23388671875 0.505859375 0.23388671875 0.5205078125 0.23193359375 0.5244140625 0.232421875 0.52734375 0.23583984375 0.53125 0.23974609375 0.533203125 0.24365234375 0.50390625 0.24755859375 0.478515625 0.25 0.46875 0.251953125 0.458984375 0.25146484375 0.443359375 0.248046875 0.4228515625 0.2451171875 0.4150390625 0.2431640625 0.4052734375 0.23974609375 0.396484375 0.23681640625 0.3984375 0.23095703125 0.41796875 0.22900390625 0.431640625
8 0.25537109375 0.3994140625 0.25341796875 0.4072265625 0.25341796875 0.416015625 0.24951171875 0.42578125 0.248046875 0.4345703125 0.2470703125 0.4501953125 0.248046875 0.4658203125 0.25 0.4658203125 0.251953125 0.46875 0.2548828125 0.482421875 0.25634765625 0.5078125 0.2568359375 0.5234375 0.2568359375 0.5283203125 0.2607421875 0.5302734375 0.2626953125 0.52734375 0.263671875 0.509765625 0.2626953125 0.4990234375 0.26416015625 0.5068359375 0.2666015625 0.517578125 0.26953125 0.525390625 0.271484375 0.5244140625 0.26953125 0.5107421875 0.26806640625 0.4833984375 0.26904296875 0.4775390625 0.2705078125 0.453125 0.26953125 0.4267578125 0.26513671875 0.416015625 0.26318359375 0.4111328125 0.26123046875 0.3994140625 0.259765625 0.3984375 0.2578125 0.3984375 0.25537109375 0.3994140625
8 0.2734375 0.3994140625 0.2734375 0.41015625 0.27001953125 0.416015625 0.26708984375 0.42578125 0.26416015625 0.4521484375 0.26513671875 0.466796875 0.26708984375 0.47265625 0.27001953125 0.46875 0.271484375 0.4775390625 0.2724609375 0.501953125 0.275390625 0.509765625 0.283203125 0.4873046875 0.2841796875 0.4658203125 0.28564453125 0.4775390625 0.28857421875 0.4794921875 0.29052734375 0.4765625 0.29052734375 0.4658203125 0.291015625 0.43359375 0.28955078125 0.4248046875 0.2861328125 0.4140625 0.2822265625 0.4072265625 0.27978515625 0.3935546875 0.27734375 0.3935546875 0.2734375 0.3955078125 0.2734375 0.3994140625
12 0.2255859375 0.2470703125 0.224609375 0.2587890625 0.22509765625 0.267578125 0.22705078125 0.27734375 0.23291015625 0.283203125 0.23876953125 0.283203125 0.24365234375 0.2783203125 0.2470703125 0.271484375 0.24853515625 0.263671875 0.24853515625 0.2548828125 0.2470703125 0.2470703125 0.24462890625 0.2392578125 0.23974609375 0.2353515625 0.232421875 0.236328125 0.22802734375 0.240234375 0.2255859375 0.2470703125
14 0.3955078125 0.4248046875 0.3955078125 0.4384765625 0.396484375 0.46484375 0.40185546875 0.4638671875 0.4111328125 0.4580078125 0.4130859375 0.4541015625 0.41552734375 0.44921875 0.419921875 0.4375 0.42041015625 0.4326171875 0.419921875 0.421875 0.41748046875 0.416015625 0.416015625 0.4140625 0.41259765625 0.4140625 0.41064453125 0.416015625 0.40869140625 0.4150390625 0.4052734375 0.4111328125 0.40234375 0.4130859375 0.400390625 0.41796875 0.3955078125 0.4248046875
14 0.361328125 0.4150390625 0.3603515625 0.4189453125 0.35595703125 0.427734375 0.3564453125 0.43359375 0.35888671875 0.4345703125 0.36376953125 0.439453125 0.3662109375 0.4453125 0.36767578125 0.453125 0.38525390625 0.455078125 0.3876953125 0.44921875 0.3896484375 0.439453125 0.3896484375 0.4375 0.38818359375 0.4228515625 0.38427734375 0.41796875 0.37841796875 0.4130859375 0.373046875 0.4130859375 0.3681640625 0.4130859375 0.365234375 0.4140625 0.361328125 0.4150390625
12 0.45068359375 0.359375 0.4521484375 0.359375 0.4541015625 0.3564453125 0.4541015625 0.3505859375 0.453125 0.3466796875 0.45068359375 0.345703125 0.4482421875 0.3486328125 0.44775390625 0.3525390625 0.44775390625 0.3564453125 0.45068359375 0.359375
12 0.45458984375 0.361328125 0.4482421875 0.361328125 0.4482421875 0.3681640625 0.45458984375 0.3681640625 0.45458984375 0.361328125
12 0.45263671875 0.3818359375 0.45458984375 0.37890625 0.45458984375 0.3740234375 0.4541015625 0.3720703125 0.45166015625 0.3701171875 0.44873046875 0.373046875 0.44873046875 0.3779296875 0.45068359375 0.3818359375 0.45263671875 0.3818359375
12 0.45458984375 0.3837890625 0.44873046875 0.3837890625 0.44873046875 0.392578125 0.455078125 0.392578125 0.45458984375 0.3837890625