14 0.49609375 0.5 0.505859375 0.4990234375 0.54150390625 0.4501953125 0.544921875 0.3857421875 0.50439453125 0.3720703125 0.49365234375 0.375 0.48828125 0.380859375 0.48486328125 0.384765625 0.48193359375 0.3837890625 0.4794921875 0.3828125 0.4765625 0.3828125 0.47412109375 0.3837890625 0.47216796875 0.3896484375 0.46923828125 0.3955078125 0.466796875 0.3994140625 0.46484375 0.4033203125 0.46435546875 0.3994140625 0.4638671875 0.3994140625 0.46435546875 0.392578125 0.4609375 0.3876953125 0.45947265625 0.3876953125 0.45751953125 0.3837890625 0.45654296875 0.376953125 0.45458984375 0.3720703125 0.4521484375 0.3720703125 0.44921875 0.3701171875 0.44580078125 0.3681640625 0.4423828125 0.3671875 0.43994140625 0.3671875 0.43603515625 0.3681640625 0.43212890625 0.3701171875 0.4287109375 0.3720703125 0.42529296875 0.4482421875 0.42822265625 0.4873046875 0.49609375 0.5
14 0.5048828125 0 0.5029296875 0.0068359375 0.5009765625 0.013671875 0.505859375 0.0166015625 0.509765625 0.017578125 0.51318359375 0.01953125 0.513671875 0.0244140625 0.51611328125 0.0341796875 0.5166015625 0.0390625 0.517578125 0.0498046875 0.521484375 0.0556640625 0.52490234375 0.056640625 0.52783203125 0.0693359375 0.5283203125 0.080078125 0.52392578125 0.0927734375 0.521484375 0.1015625 0.51708984375 0.11328125 0.5126953125 0.1240234375 0.51171875 0.1357421875 0.509765625 0.146484375 0.50634765625 0.154296875 0.50439453125 0.162109375 0.50439453125 0.1787109375 0.50390625 0.1826171875 0.5 0.1904296875 0.49658203125 0.1982421875 0.49658203125 0.208984375 0.49853515625 0.21875 0.5009765625 0.22265625 0.50146484375 0.23046875 0.494140625 0.23828125 0.4921875 0.2421875 0.49072265625 0.2451171875 0.48876953125 0.2568359375 0.4853515625 0.271484375 0.47802734375 0.27734375 0.47509765625 0.2802734375 0.47412109375 0.2890625 0.47412109375 0.294921875 0.47265625 0.306640625 0.47119140625 0.3125 0.46875 0.32421875 0.46875 0.3359375 0.46923828125 0.345703125 0.46923828125 0.3525390625 0.470703125 0.3603515625 0.47607421875 0.3662109375 0.4853515625 0.3671875 0.48974609375 0.373046875 0.49365234375 0.3798828125 0.49462890625 0.384765625 0.49365234375 0.3916015625 0.49560546875 0.3984375 0.4990234375 0.4013671875 0.50244140625 0.4033203125 0.505859375 0.4072265625 0.50732421875 0.412109375 0.5068359375 0.4169921875 0.5068359375 0.423828125 0.51220703125 0.421875 0.5166015625 0.4296875 0.53125 0.42578125 0.55322265625 0.435546875 0.55810546875 0.4560546875 0.56396484375 0.48046875 0.568359375 0.5009765625 0.57470703125 0.50390625 0.57861328125 0.50390625 0.58447265625 0.5029296875 0.58837890625 0.501953125 0.5947265625 0.501953125 0.599609375 0.5048828125 0.60400390625 0.5068359375 0.60595703125 0.5068359375 0.60888671875 0.5029296875 0.611328125 0.5068359375 0.6123046875 0.5048828125 0.6240234375 0.501953125 0.634765625 0.5009765625 0.6328125 0.5068359375 0.64208984375 0.51171875 0.64404296875 0.5009765625 0.65478515625 0.5009765625 0.6982421875 0.5126953125 0.7392578125 0.51171875 0.82421875 0.513671875 0.87158203125 0.52734375 0.89697265625 0.53515625 0.94873046875 0.54296875 0.99951171875 0.5595703125 0.99951171875 0 0.51220703125 0 0.5048828125 0
12 0.62109375 0.380859375 0.57763671875 0.380859375 0.57958984375 0.400390625 0.6220703125 0.4013671875 0.62109375 0.380859375
12 0.61865234375 0.3564453125 0.57861328125 0.3583984375 0.580078125 0.37890625 0.62060546875 0.376953125 0.61865234375 0.3564453125
12 0.61962890625 0.330078125 0.5791015625 0.3310546875 0.580078125 0.353515625 0.62060546875 0.353515625 0.61962890625 0.330078125
12 0.6201171875 0.3037109375 0.580078125 0.3076171875 0.58056640625 0.3291015625 0.6201171875 0.3251953125 0.6201171875 0.3037109375
3 0.48779296875 0.5068359375 0.48828125 0.5078125 0.48876953125 0.5107421875 0.4921875 0.5107421875 0.49462890625 0.5087890625 0.49365234375 0.4833984375 0.49267578125 0.4716796875 0.49365234375 0.470703125 0.494140625 0.4658203125 0.4931640625 0.462890625 0.4892578125 0.4619140625 0.48583984375 0.451171875 0.484375 0.4482421875 0.4658203125 0.4482421875 0.46240234375 0.44921875 0.4658203125 0.5048828125 0.4736328125 0.5068359375 0.48779296875 0.5068359375
3 0.40771484375 0.484375 0.4208984375 0.453125 0.4208984375 0.4453125 0.4150390625 0.4384765625 0.40625 0.4365234375 0.390625 0.4384765625 0.38330078125 0.44921875 0.388671875 0.4619140625 0.3984375 0.470703125 0.40771484375 0.484375
3 0.3740234375 0.515625 0.38818359375 0.515625 0.39404296875 0.51953125 0.40283203125 0.517578125 0.40625 0.5107421875 0.41064453125 0.4951171875 0.41162109375 0.4677734375 0.40576171875 0.451171875 0.40087890625 0.443359375 0.388671875 0.44140625 0.37060546875 0.44140625 0.36328125 0.44921875 0.36376953125 0.4658203125 0.3681640625 0.48046875 0.3740234375 0.515625
3 0.3466796875 0.5283203125 0.35302734375 0.5302734375 0.35693359375 0.529296875 0.3603515625 0.5283203125 0.36181640625 0.5205078125 0.36181640625 0.517578125 0.36669921875 0.5185546875 0.3671875 0.5244140625 0.3681640625 0.5263671875 0.3701171875 0.52734375 0.373046875 0.5263671875 0.3759765625 0.5244140625 0.37744140625 0.5166015625 0.3779296875 0.4912109375 0.37548828125 0.4658203125 0.373046875 0.4599609375 0.369140625 0.443359375 0.36376953125 0.435546875 0.35986328125 0.431640625 0.3564453125 0.431640625 0.35498046875 0.43359375 0.35107421875 0.43359375 0.34130859375 0.435546875 0.33544921875 0.4453125 0.3388671875 0.46875 0.34375 0.5048828125 0.3466796875 0.5283203125
3 0.314453125 0.5283203125 0.314453125 0.53515625 0.314453125 0.54296875 0.31689453125 0.5458984375 0.32080078125 0.546875 0.32568359375 0.546875 0.3291015625 0.54296875 0.32958984375 0.5361328125 0.32958984375 0.529296875 0.33056640625 0.521484375 0.33251953125 0.51953125 0.33447265625 0.51953125 0.3359375 0.5302734375 0.3388671875 0.537109375 0.34375 0.5400390625 0.34716796875 0.5390625 0.3505859375 0.53125 0.35205078125 0.5087890625 0.35107421875 0.474609375 0.34814453125 0.4501953125 0.34326171875 0.4404296875 0.3369140625 0.412109375 0.33251953125 0.40234375 0.326171875 0.4013671875 0.3203125 0.4052734375 0.30322265625 0.4033203125 0.2939453125 0.40234375 0.2802734375 0.3994140625 0.26708984375 0.4072265625 0.29296875 0.5234375 0.30322265625 0.5283203125 0.314453125 0.5283203125
14 0.26611328125 0.439453125 0.2783203125 0.431640625 0.28369140625 0.4150390625 0.27783203125 0.3984375 0.27783203125 0.384765625 0.2734375 0.3720703125 0.271484375 0.357421875 0.26953125 0.3447265625 0.26708984375 0.3369140625 0.26025390625 0.333984375 0.25390625 0.3291015625 0.24658203125 0.3291015625 0.2412109375 0.3330078125 0.2353515625 0.3408203125 0.2265625 0.3369140625 0.21728515625 0.3369140625 0.2099609375 0.337890625 0.203125 0.33984375 0.1982421875 0.33984375 0.193359375 0.34375 0.185546875 0.3408203125 0.17724609375 0.337890625 0.16845703125 0.3310546875 0.158203125 0.330078125 0.14501953125 0.3271484375 0.1337890625 0.330078125 0.1201171875 0.330078125 0.10205078125 0.3310546875 0.09130859375 0.337890625 0.08642578125 0.3486328125 0.08740234375 0.365234375 0.09130859375 0.373046875 0.09375 0.3916015625 0.1025390625 0.4013671875 0.12939453125 0.41796875 0.18798828125 0.4306640625 0.26611328125 0.439453125
14 0 0.4931640625 0.0107421875 0.478515625 0.01220703125 0.4658203125 0.01708984375 0.4619140625 0.02001953125 0.4443359375 0.02294921875 0.4345703125 0.0244140625 0.4140625 0.02197265625 0.4091796875 0.01806640625 0.40234375 0.0185546875 0.388671875 0.0205078125 0.3828125 0.0244140625 0.3759765625 0.02685546875 0.3701171875 0.02685546875 0.359375 0.03076171875 0.353515625 0.03173828125 0.34765625 0.02978515625 0.3408203125 0.025390625 0.3369140625 0.021484375 0.333984375 0.01904296875 0.3330078125 0.0166015625 0.3271484375 0.01318359375 0.3173828125 0.00341796875 0.3076171875 0 0.30078125 0 0.4931640625
3 0.41259765625 0.451171875 0.40966796875 0.4619140625 0.40869140625 0.466796875 0.4091796875 0.4599609375 0.40673828125 0.4599609375 0.40380859375 0.4599609375 0.40234375 0.4638671875 0.4013671875 0.46875 0.4033203125 0.4716796875 0.40673828125 0.4716796875 0.404296875 0.48828125 0.40380859375 0.5068359375 0.40380859375 0.5244140625 0.40478515625 0.53515625 0.41064453125 0.53515625 0.4130859375 0.5341796875 0.4130859375 0.5244140625 0.4150390625 0.5244140625 0.41650390625 0.5322265625 0.4208984375 0.533203125 0.42236328125 0.5302734375 0.4248046875 0.52734375 0.43115234375 0.525390625 0.4443359375 0.5244140625 0.455078125 0.5224609375 0.45556640625 0.5234375 0.45654296875 0.53125 0.458984375 0.5341796875 0.462890625 0.5341796875 0.46533203125 0.53125 0.4677734375 0.529296875 0.47021484375 0.525390625 0.47021484375 0.5185546875 0.47119140625 0.4892578125 0.4697265625 0.46875 0.470703125 0.466796875 0.47021484375 0.4599609375 0.46826171875 0.4599609375 0.46630859375 0.447265625 0.46142578125 0.4326171875 0.45751953125 0.42578125 0.455078125 0.423828125 0.4521484375 0.42578125 0.4443359375 0.42578125 0.42919921875 0.42578125 0.42578125 0.42578125 0.42041015625 0.4287109375 0.41796875 0.4326171875 0.4150390625 0.443359375 0.41259765625 0.451171875
3 0.50341796875 0.4619140625 0.501953125 0.45703125 0.49853515625 0.455078125 0.4951171875 0.4560546875 0.49560546875 0.46484375 0.49853515625 0.470703125 0.49755859375 0.48828125 0.49755859375 0.5107421875 0.49853515625 0.5185546875 0.49755859375 0.54296875 0.49853515625 0.5498046875 0.505859375 0.5537109375 0.5087890625 0.546875 0.50927734375 0.54296875 0.50927734375 0.541015625 0.515625 0.5400390625 0.51953125 0.5400390625 0.52392578125 0.5400390625 0.52783203125 0.541015625 0.53515625 0.5419921875 0.5439453125 0.5419921875 0.55615234375 0.541015625 0.5615234375 0.5439453125 0.5615234375 0.5498046875 0.5625 0.5556640625 0.56591796875 0.5576171875 0.5712890625 0.5576171875 0.5732421875 0.548828125 0.572265625 0.52734375 0.57373046875 0.51171875 0.5732421875 0.4921875 0.57275390625 0.47265625 0.576171875 0.4716796875 0.57666015625 0.466796875 0.57568359375 0.462890625 0.57373046875 0.4599609375 0.56982421875 0.4599609375 0.56787109375 0.44921875 0.56298828125 0.431640625 0.55859375 0.42578125 0.5478515625 0.423828125 0.5341796875 0.4208984375 0.52099609375 0.423828125 0.5107421875 0.4248046875 0.5087890625 0.4306640625 0.5068359375 0.4404296875 0.50537109375 0.4501953125 0.50341796875 0.4619140625
3 0 0.7236328125 0.0087890625 0.732421875 0.0302734375 0.734375 0.03515625 0.734375 0.04443359375 0.7353515625 0.06396484375 0.7353515625 0.07763671875 0.732421875 0.09765625 0.732421875 0.11962890625 0.728515625 0.1484375 0.724609375 0.1787109375 0.716796875 0.18310546875 0.736328125 0.189453125 0.744140625 0.2080078125 0.7421875 0.21826171875 0.736328125 0.22412109375 0.7236328125 0.22802734375 0.7060546875 0.22998046875 0.6826171875 0.23974609375 0.6708984375 0.27294921875 0.6416015625 0.2734375 0.66015625 0.2802734375 0.6708984375 0.29296875 0.6689453125 0.2998046875 0.6611328125 0.3037109375 0.6357421875 0.3046875 0.609375 0.3046875 0.5859375 0.30615234375 0.5654296875 0.30712890625 0.5341796875 0.3046875 0.4755859375 0.30029296875 0.4638671875 0.29052734375 0.455078125 0.2802734375 0.4228515625 0.2685546875 0.3955078125 0.2490234375 0.3798828125 0.2265625 0.3759765625 0.18310546875 0.375 0.14208984375 0.3779296875 0.1171875 0.384765625 0.099609375 0.390625 0.09619140625 0.3896484375 0.0888671875 0.38671875 0.078125 0.3994140625 0.0732421875 0.4140625 0.0576171875 0.439453125 0.046875 0.4580078125 0.0439453125 0.4638671875 0.03857421875 0.4638671875 0.03173828125 0.4658203125 0.02880859375 0.474609375 0.0283203125 0.4833984375 0.03076171875 0.4931640625 0.02099609375 0.505859375 0.005859375 0.5166015625 0 0.521484375 0 0.7236328125
14 0.5625 0 0.55517578125 0.0244140625 0.54931640625 0.0419921875 0.54345703125 0.0546875 0.53955078125 0.0732421875 0.54150390625 0.08984375 0.544921875 0.103515625 0.54541015625 0.115234375 0.54248046875 0.1298828125 0.5419921875 0.1513671875 0.54833984375 0.1689453125 0.54443359375 0.181640625 0.53955078125 0.1923828125 0.5390625 0.2001953125 0.5380859375 0.2138671875 0.541015625 0.22265625 0.53564453125 0.2421875 0.53564453125 0.259765625 0.537109375 0.2724609375 0.53857421875 0.291015625 0.5439453125 0.3037109375 0.56396484375 0.3173828125 0.572265625 0.318359375 0.580078125 0.3115234375 0.58740234375 0.3115234375 0.59423828125 0.3095703125 0.5966796875 0.314453125 0.5986328125 0.32421875 0.60009765625 0.328125 0.60009765625 0.333984375 0.60107421875 0.33984375 0.6015625 0.345703125 0.60302734375 0.3505859375 0.60498046875 0.3447265625 0.60791015625 0.3349609375 0.60888671875 0.333984375 0.61376953125 0.333984375 0.619140625 0.32421875 0.62255859375 0.31640625 0.62939453125 0.3056640625 0.6337890625 0.298828125 0.64306640625 0.294921875 0.64794921875 0.30078125 0.65283203125 0.314453125 0.65283203125 0.3251953125 0.6533203125 0.3447265625 0.658203125 0.392578125 0.658203125 0.4326171875 0.65771484375 0.466796875 0.654296875 0.4892578125 0.654296875 0.4990234375 0.650390625 0.5126953125 0.65185546875 0.517578125 0.65576171875 0.5205078125 0.66357421875 0.51953125 0.6689453125 0.51953125 0.66943359375 0.5029296875 0.66845703125 0.4677734375 0.6669921875 0.4033203125 0.66162109375 0.3193359375 0.66162109375 0.3134765625 0.66943359375 0.306640625 0.68603515625 0.2998046875 0.697265625 0.2841796875 0.70458984375 0.2607421875 0.70751953125 0.26171875 0.7177734375 0.26953125 0.7236328125 0.2763671875 0.7353515625 0.2919921875 0.7431640625 0.298828125 0.74853515625 0.2900390625 0.748046875 0.279296875 0.74560546875 0.2685546875 0.75 0.2626953125 0.75732421875 0.2568359375 0.7568359375 0.2509765625 0.75341796875 0.2451171875 0.7509765625 0.23828125 0.7509765625 0.2333984375 0.75537109375 0.2255859375 0.76220703125 0.216796875 0.767578125 0.2109375 0.77197265625 0.203125 0.77783203125 0.185546875 0.7822265625 0.173828125 0.79296875 0.1591796875 0.79736328125 0.1416015625 0.79931640625 0.1015625 0.80126953125 0.0576171875 0.79931640625 0 0.5625 0
0 0.69140625 0.4619140625 0.6923828125 0.4658203125 0.6943359375 0.470703125 0.69189453125 0.484375 0.68505859375 0.4892578125 0.68212890625 0.50390625 0.681640625 0.51953125 0.68359375 0.53125 0.6923828125 0.5322265625 0.69921875 0.52734375 0.70849609375 0.51953125 0.71484375 0.529296875 0.7177734375 0.5341796875 0.7255859375 0.53125 0.7294921875 0.5244140625 0.73046875 0.51171875 0.72802734375 0.498046875 0.7265625 0.490234375 0.72900390625 0.486328125 0.72802734375 0.482421875 0.72314453125 0.4794921875 0.72216796875 0.47265625 0.72314453125 0.4560546875 0.71875 0.451171875 0.71435546875 0.451171875 0.7109375 0.4521484375 0.70751953125 0.4541015625 0.70849609375 0.4560546875 0.7109375 0.4658203125 0.7109375 0.470703125 0.70654296875 0.470703125 0.70556640625 0.46484375 0.69775390625 0.4609375 0.6943359375 0.45703125 0.6923828125 0.45703125 0.69140625 0.4619140625
0 0.77587890625 0.4482421875 0.7724609375 0.4521484375 0.7685546875 0.44921875 0.76708984375 0.4443359375 0.76220703125 0.4453125 0.76171875 0.4501953125 0.76025390625 0.4560546875 0.7607421875 0.4638671875 0.765625 0.46484375 0.76708984375 0.4599609375 0.771484375 0.4599609375 0.7734375 0.4638671875 0.7734375 0.4716796875 0.7724609375 0.4833984375 0.77294921875 0.4873046875 0.76611328125 0.4873046875 0.76123046875 0.48828125 0.75634765625 0.4970703125 0.75390625 0.505859375 0.75341796875 0.52734375 0.75537109375 0.5439453125 0.7607421875 0.5576171875 0.7666015625 0.564453125 0.77392578125 0.5625 0.77734375 0.5576171875 0.779296875 0.552734375 0.78076171875 0.5419921875 0.77783203125 0.513671875 0.79736328125 0.5595703125 0.8115234375 0.5693359375 0.82373046875 0.5693359375 0.828125 0.564453125 0.8310546875 0.5556640625 0.83349609375 0.544921875 0.833984375 0.5322265625 0.833984375 0.5234375 0.8330078125 0.5107421875 0.83154296875 0.5009765625 0.828125 0.494140625 0.82861328125 0.4873046875 0.80859375 0.4833984375 0.79052734375 0.51953125 0.787109375 0.5107421875 0.7841796875 0.5 0.78076171875 0.490234375 0.77978515625 0.484375 0.77880859375 0.4794921875 0.77783203125 0.4716796875 0.77587890625 0.462890625 0.77587890625 0.4560546875 0.78271484375 0.453125 0.7890625 0.453125 0.79052734375 0.453125 0.79150390625 0.451171875 0.7939453125 0.451171875 0.794921875 0.4404296875 0.79052734375 0.439453125 0.7861328125 0.439453125 0.7802734375 0.443359375 0.77587890625 0.4482421875
14 0.6455078125 0 0.62841796875 0.0029296875 0.61181640625 0.0302734375 0.59716796875 0.056640625 0.58935546875 0.08984375 0.5966796875 0.111328125 0.60400390625 0.119140625 0.60888671875 0.1259765625 0.60888671875 0.1416015625 0.6044921875 0.1689453125 0.6015625 0.2041015625 0.61181640625 0.22265625 0.62841796875 0.2314453125 0.6484375 0.22265625 0.66650390625 0.2265625 0.67626953125 0.2275390625 0.68798828125 0.21875 0.69921875 0.1982421875 0.70849609375 0.1865234375 0.71240234375 0.171875 0.71337890625 0.1533203125 0.72998046875 0.1416015625 0.74658203125 0.1689453125 0.75390625 0.185546875 0.76953125 0.220703125 0.7705078125 0.2392578125 0.77783203125 0.2568359375 0.7861328125 0.259765625 0.7919921875 0.251953125 0.7939453125 0.2626953125 0.79443359375 0.2734375 0.7939453125 0.328125 0.79296875 0.4130859375 0.79052734375 0.5419921875 0.78759765625 0.587890625 0.78955078125 0.5888671875 0.8125 0.5849609375 0.81396484375 0.5703125 0.8115234375 0.5185546875 0.8134765625 0.4150390625 0.8125 0.318359375 0.81396484375 0.248046875 0.818359375 0.24609375 0.82763671875 0.251953125 0.8349609375 0.259765625 0.841796875 0.265625 0.85302734375 0.2666015625 0.86767578125 0.263671875 0.87451171875 0.25 0.875 0.236328125 0.876953125 0.2236328125 0.88525390625 0.2255859375 0.89306640625 0.2509765625 0.90380859375 0.25390625 0.92041015625 0.244140625 0.94140625 0.2392578125 0.9521484375 0.236328125 0.95703125 0.2314453125 0.95458984375 0.21875 0.95166015625 0.205078125 0.95361328125 0.1904296875 0.9765625 0.1533203125 0.990234375 0.1328125 0.9990234375 0.1181640625 0.99951171875 0.05859375 0.99951171875 0 0.6455078125 0
12 0.71337890625 0.2861328125 0.66748046875 0.2880859375 0.6669921875 0.3427734375 0.712890625 0.3447265625 0.71337890625 0.2861328125
8 0.6015625 0.48046875 0.60205078125 0.4794921875 0.60205078125 0.501953125 0.6015625 0.50390625 0.60205078125 0.5048828125 0.60302734375 0.5048828125 0.60498046875 0.50390625 0.60546875 0.48046875 0.6064453125 0.48046875 0.60693359375 0.501953125 0.607421875 0.5029296875 0.60791015625 0.5048828125 0.60888671875 0.5068359375 0.60986328125 0.5048828125 0.61083984375 0.5009765625 0.61181640625 0.5 0.60986328125 0.4794921875 0.6123046875 0.4755859375 0.611328125 0.4697265625 0.6123046875 0.4638671875 0.611328125 0.45703125 0.611328125 0.4560546875 0.61181640625 0.453125 0.609375 0.4501953125 0.60888671875 0.447265625 0.6083984375 0.4423828125 0.60693359375 0.4404296875 0.60498046875 0.4404296875 0.6044921875 0.4423828125 0.6044921875 0.4453125 0.60498046875 0.44921875 0.60302734375 0.451171875 0.6015625 0.4541015625 0.6005859375 0.462890625 0.59912109375 0.4736328125 0.599609375 0.478515625 0.6015625 0.48046875