3 0 0.455078125 0.01025390625 0.4423828125 0.01806640625 0.4013671875 0.01708984375 0.3779296875 0.01318359375 0.375 0.01513671875 0.37109375 0 0.369140625 0 0.455078125
12 0.056640625 0.322265625 0.04541015625 0.3232421875 0.044921875 0.3564453125 0.0556640625 0.35546875 0.056640625 0.322265625
12 0.0439453125 0.314453125 0.04443359375 0.3212890625 0.0498046875 0.322265625 0.05224609375 0.322265625 0.05419921875 0.318359375 0.05517578125 0.3134765625 0.05322265625 0.306640625 0.0517578125 0.3037109375 0.04833984375 0.3037109375 0.0458984375 0.3056640625 0.044921875 0.306640625 0.0439453125 0.314453125
5 0.01025390625 0.39453125 0.0048828125 0.3994140625 0.00048828125 0.412109375 0.0009765625 0.4765625 0.0078125 0.4765625 0.01611328125 0.4765625 0.0234375 0.453125 0.0302734375 0.3935546875 0.02490234375 0.392578125 0.01513671875 0.3935546875 0.01025390625 0.39453125
3 0.0224609375 0.4091796875 0.0224609375 0.40234375 0.0205078125 0.40234375 0.01708984375 0.40234375 0.0166015625 0.4052734375 0.0166015625 0.4130859375 0.02197265625 0.4150390625 0.0185546875 0.427734375 0.015625 0.439453125 0.013671875 0.4462890625 0.0107421875 0.462890625 0.01123046875 0.478515625 0.0146484375 0.486328125 0.021484375 0.4892578125 0.0244140625 0.484375 0.02734375 0.478515625 0.029296875 0.478515625 0.0302734375 0.4853515625 0.03466796875 0.4912109375 0.03857421875 0.490234375 0.0419921875 0.4833984375 0.056640625 0.484375 0.08154296875 0.486328125 0.09033203125 0.482421875 0.103515625 0.439453125 0.10302734375 0.41796875 0.09765625 0.4052734375 0.09326171875 0.3828125 0.08740234375 0.376953125 0.06201171875 0.3720703125 0.0537109375 0.3720703125 0.04931640625 0.369140625 0.0419921875 0.3701171875 0.03564453125 0.3759765625 0.02978515625 0.384765625 0.02783203125 0.3935546875 0.025390625 0.4013671875 0.0224609375 0.4091796875
12 0.06494140625 0.34375 0.06494140625 0.30859375 0.0537109375 0.30859375 0.0537109375 0.3466796875 0.06494140625 0.34375
12 0.04296875 0.263671875 0.0439453125 0.2666015625 0.064453125 0.2666015625 0.06591796875 0.265625 0.06494140625 0.1962890625 0.06396484375 0.1953125 0.0439453125 0.1943359375 0.04248046875 0.197265625 0.04296875 0.263671875
12 0.04248046875 0.1591796875 0.04052734375 0.1708984375 0.04248046875 0.18359375 0.04833984375 0.19140625 0.052734375 0.193359375 0.0576171875 0.1923828125 0.06201171875 0.1865234375 0.064453125 0.177734375 0.064453125 0.1689453125 0.0634765625 0.1591796875 0.05810546875 0.1513671875 0.052734375 0.1494140625 0.048828125 0.150390625 0.04443359375 0.154296875 0.04248046875 0.1591796875
8 0.142578125 0.37109375 0.140625 0.37890625 0.138671875 0.3876953125 0.13818359375 0.3896484375 0.13623046875 0.396484375 0.13427734375 0.412109375 0.13623046875 0.423828125 0.1396484375 0.427734375 0.138671875 0.4638671875 0.1396484375 0.486328125 0.14208984375 0.4892578125 0.1435546875 0.4814453125 0.146484375 0.455078125 0.1484375 0.4619140625 0.1513671875 0.3837890625 0.14794921875 0.37109375 0.146484375 0.3681640625 0.1455078125 0.3681640625 0.142578125 0.37109375
0 0.06396484375 0.4248046875 0.06591796875 0.4267578125 0.068359375 0.435546875 0.0673828125 0.4423828125 0.06396484375 0.44921875 0.06005859375 0.4609375 0.05615234375 0.4697265625 0.05419921875 0.482421875 0.05517578125 0.498046875 0.05810546875 0.5078125 0.0634765625 0.5126953125 0.0673828125 0.5146484375 0.0703125 0.5146484375 0.07373046875 0.51171875 0.07666015625 0.5068359375 0.07958984375 0.50390625 0.08251953125 0.4970703125 0.083984375 0.4892578125 0.08447265625 0.48046875 0.083984375 0.4677734375 0.08154296875 0.45703125 0.07763671875 0.4521484375 0.07421875 0.4501953125 0.07421875 0.4443359375 0.0791015625 0.44140625 0.08056640625 0.4326171875 0.0830078125 0.42578125 0.0830078125 0.4208984375 0.080078125 0.416015625 0.07568359375 0.4150390625 0.0751953125 0.41015625 0.0673828125 0.4013671875 0.06591796875 0.4091796875 0.06494140625 0.416015625 0.06396484375 0.4248046875
6 0.09716796875 0.4033203125 0.09326171875 0.416015625 0.0888671875 0.4189453125 0.0869140625 0.443359375 0.08837890625 0.4716796875 0.091796875 0.4892578125 0.09423828125 0.50390625 0.0966796875 0.515625 0.103515625 0.5234375 0.1103515625 0.5234375 0.11279296875 0.5283203125 0.119140625 0.5283203125 0.1240234375 0.517578125 0.12548828125 0.5087890625 0.1298828125 0.501953125 0.1318359375 0.4931640625 0.1318359375 0.4814453125 0.13037109375 0.478515625 0.12939453125 0.4736328125 0.130859375 0.4697265625 0.1318359375 0.4619140625 0.130859375 0.4482421875 0.13037109375 0.4404296875 0.1279296875 0.4345703125 0.1318359375 0.4296875 0.13671875 0.41796875 0.13720703125 0.41015625 0.13818359375 0.4013671875 0.13720703125 0.3935546875 0.1259765625 0.388671875 0.12646484375 0.38671875 0.12646484375 0.3818359375 0.12451171875 0.3779296875 0.12158203125 0.3779296875 0.1201171875 0.3837890625 0.119140625 0.3857421875 0.115234375 0.392578125 0.1103515625 0.3984375 0.1064453125 0.4013671875 0.10302734375 0.400390625 0.10009765625 0.390625 0.09814453125 0.3935546875 0.0966796875 0.3974609375 0.09716796875 0.4033203125
8 0.90087890625 0.42578125 0.89892578125 0.439453125 0.89599609375 0.4541015625 0.8955078125 0.4833984375 0.8955078125 0.5048828125 0.90087890625 0.5078125 0.9033203125 0.529296875 0.89990234375 0.5576171875 0.9013671875 0.560546875 0.90966796875 0.5625 0.9150390625 0.55859375 0.91796875 0.5341796875 0.91552734375 0.529296875 0.91259765625 0.52734375 0.91357421875 0.5205078125 0.919921875 0.5185546875 0.92041015625 0.5009765625 0.923828125 0.498046875 0.9189453125 0.453125 0.91455078125 0.4423828125 0.9130859375 0.4404296875 0.912109375 0.4365234375 0.91015625 0.4267578125 0.90625 0.4248046875 0.904296875 0.423828125 0.90185546875 0.4248046875 0.90087890625 0.42578125
8 0.91162109375 0.4931640625 0.90869140625 0.51953125 0.91552734375 0.5205078125 0.91796875 0.5029296875 0.91748046875 0.4833984375 0.919921875 0.4765625 0.921875 0.498046875 0.92333984375 0.525390625 0.927734375 0.5595703125 0.92626953125 0.5654296875 0.9228515625 0.57421875 0.9248046875 0.5771484375 0.92822265625 0.5771484375 0.931640625 0.5771484375 0.9365234375 0.5771484375 0.93798828125 0.5576171875 0.94580078125 0.4453125 0.94091796875 0.4189453125 0.939453125 0.416015625 0.9404296875 0.4033203125 0.93798828125 0.396484375 0.93603515625 0.3935546875 0.93408203125 0.3935546875 0.9296875 0.3974609375 0.92724609375 0.40234375 0.927734375 0.4052734375 0.9267578125 0.4140625 0.921875 0.4228515625 0.919921875 0.427734375 0.91796875 0.439453125 0.91552734375 0.453125 0.9130859375 0.4775390625 0.91162109375 0.4931640625
8 0.94287109375 0.419921875 0.94140625 0.42578125 0.9375 0.44921875 0.93603515625 0.4755859375 0.935546875 0.4990234375 0.93701171875 0.5380859375 0.935546875 0.5625 0.93310546875 0.5771484375 0.93603515625 0.5791015625 0.94140625 0.5791015625 0.94287109375 0.5693359375 0.9443359375 0.5341796875 0.94677734375 0.517578125 0.9482421875 0.54296875 0.9521484375 0.5546875 0.951171875 0.5712890625 0.951171875 0.5771484375 0.955078125 0.580078125 0.95654296875 0.578125 0.958984375 0.572265625 0.9580078125 0.5634765625 0.95458984375 0.5341796875 0.95458984375 0.5263671875 0.95751953125 0.5068359375 0.95947265625 0.484375 0.958984375 0.4609375 0.95751953125 0.4521484375 0.9580078125 0.4384765625 0.95556640625 0.4296875 0.953125 0.4189453125 0.95166015625 0.4150390625 0.9462890625 0.416015625 0.94287109375 0.419921875
0 0.556640625 0.5595703125 0.56689453125 0.56640625 0.57763671875 0.5625 0.58447265625 0.5380859375 0.58447265625 0.5107421875 0.5810546875 0.49609375 0.57763671875 0.4892578125 0.57861328125 0.4833984375 0.57763671875 0.4775390625 0.5732421875 0.4755859375 0.5576171875 0.4775390625 0.5537109375 0.4833984375 0.5478515625 0.50390625 0.54931640625 0.53515625 0.556640625 0.5595703125
0 0.5576171875 0.5576171875 0.56396484375 0.541015625 0.56494140625 0.533203125 0.56494140625 0.517578125 0.56396484375 0.51171875 0.5615234375 0.5029296875 0.5595703125 0.498046875 0.5556640625 0.4892578125 0.54931640625 0.48828125 0.5380859375 0.4921875 0.54052734375 0.5673828125 0.5517578125 0.5634765625 0.5576171875 0.5576171875
8 0.3662109375 0.376953125 0.36474609375 0.3876953125 0.36474609375 0.39453125 0.36669921875 0.3994140625 0.3623046875 0.4169921875 0.365234375 0.4267578125 0.3818359375 0.431640625 0.3857421875 0.4208984375 0.38232421875 0.3994140625 0.37890625 0.3935546875 0.3759765625 0.392578125 0.37548828125 0.3818359375 0.37451171875 0.375 0.3720703125 0.3740234375 0.36962890625 0.375 0.3662109375 0.376953125
1 0.18896484375 0.4111328125 0.18896484375 0.412109375 0.1875 0.4228515625 0.1845703125 0.435546875 0.1845703125 0.45703125 0.1875 0.4873046875 0.205078125 0.5263671875 0.21337890625 0.5283203125 0.21826171875 0.5302734375 0.220703125 0.533203125 0.22314453125 0.537109375 0.22119140625 0.55078125 0.22314453125 0.5517578125 0.2265625 0.5478515625 0.2294921875 0.5498046875 0.23291015625 0.556640625 0.24267578125 0.556640625 0.24560546875 0.5498046875 0.25244140625 0.544921875 0.2548828125 0.541015625 0.25830078125 0.5341796875 0.263671875 0.5205078125 0.26416015625 0.5244140625 0.26611328125 0.533203125 0.2685546875 0.5439453125 0.27392578125 0.55078125 0.30078125 0.5703125 0.30615234375 0.5595703125 0.31298828125 0.5458984375 0.3134765625 0.546875 0.31689453125 0.5478515625 0.32177734375 0.5478515625 0.32177734375 0.5537109375 0.32470703125 0.5615234375 0.3310546875 0.57421875 0.33544921875 0.576171875 0.34130859375 0.576171875 0.3447265625 0.5732421875 0.3486328125 0.56640625 0.3505859375 0.5634765625 0.35400390625 0.5615234375 0.35498046875 0.5595703125 0.3564453125 0.5576171875 0.357421875 0.5595703125 0.35986328125 0.5595703125 0.3623046875 0.5537109375 0.36474609375 0.5556640625 0.369140625 0.556640625 0.36669921875 0.56640625 0.3671875 0.568359375 0.37158203125 0.5537109375 0.375 0.552734375 0.3798828125 0.55078125 0.38671875 0.5517578125 0.392578125 0.560546875 0.41943359375 0.546875 0.4716796875 0.54296875 0.48291015625 0.4375 0.4833984375 0.4296875 0.4833984375 0.423828125 0.4775390625 0.4248046875 0.47607421875 0.4287109375 0.47216796875 0.4296875 0.470703125 0.4296875 0.4697265625 0.42578125 0.47119140625 0.42578125 0.470703125 0.419921875 0.4697265625 0.4169921875 0.4677734375 0.4130859375 0.46533203125 0.4130859375 0.46533203125 0.4140625 0.4638671875 0.419921875 0.46337890625 0.423828125 0.4599609375 0.42578125 0.4560546875 0.4248046875 0.45263671875 0.4208984375 0.4501953125 0.4228515625 0.4482421875 0.4287109375 0.3818359375 0.4140625 0.375 0.40625 0.37353515625 0.40625 0.3720703125 0.408203125 0.35205078125 0.4091796875 0.35107421875 0.4033203125 0.34814453125 0.4033203125 0.34619140625 0.4111328125 0.34228515625 0.4140625 0.3408203125 0.4140625 0.3369140625 0.412109375 0.3349609375 0.412109375 0.3310546875 0.412109375 0.3203125 0.408203125 0.31982421875 0.41015625 0.31982421875 0.412109375 0.32470703125 0.416015625 0.32470703125 0.41796875 0.3203125 0.4208984375 0.314453125 0.423828125 0.30859375 0.423828125 0.306640625 0.4228515625 0.3056640625 0.4208984375 0.30322265625 0.4130859375 0.30078125 0.4072265625 0.2978515625 0.4072265625 0.29296875 0.408203125 0.28662109375 0.40625 0.279296875 0.4013671875 0.27001953125 0.4013671875 0.26708984375 0.4052734375 0.26416015625 0.4013671875 0.2548828125 0.392578125 0.2470703125 0.3916015625 0.24560546875 0.39453125 0.24560546875 0.400390625 0.24560546875 0.412109375 0.24462890625 0.4189453125 0.24267578125 0.4228515625 0.23974609375 0.419921875 0.234375 0.4208984375 0.23046875 0.4208984375 0.22509765625 0.416015625 0.22216796875 0.412109375 0.2197265625 0.40234375 0.21533203125 0.39453125 0.212890625 0.3955078125 0.21533203125 0.412109375 0.2109375 0.412109375 0.2060546875 0.4111328125 0.19921875 0.4111328125 0.19384765625 0.404296875 0.18896484375 0.3984375 0.1865234375 0.3974609375 0.18505859375 0.3955078125 0.18896484375 0.4111328125
0 0.16064453125 0.404296875 0.15966796875 0.408203125 0.16064453125 0.412109375 0.166015625 0.400390625 0.1708984375 0.408203125 0.17529296875 0.4091796875 0.17333984375 0.435546875 0.1708984375 0.4443359375 0.16845703125 0.453125 0.16650390625 0.4658203125 0.16552734375 0.4931640625 0.166015625 0.5087890625 0.16796875 0.525390625 0.17041015625 0.5302734375 0.17333984375 0.5205078125 0.17724609375 0.5205078125 0.177734375 0.521484375 0.1728515625 0.5322265625 0.1748046875 0.5322265625 0.17919921875 0.5224609375 0.1806640625 0.52734375 0.1845703125 0.529296875 0.18701171875 0.525390625 0.1923828125 0.5146484375 0.19775390625 0.4833984375 0.1962890625 0.4765625 0.1953125 0.4619140625 0.193359375 0.453125 0.1943359375 0.4501953125 0.1953125 0.4462890625 0.19580078125 0.435546875 0.1923828125 0.43359375 0.1923828125 0.4267578125 0.19091796875 0.419921875 0.1865234375 0.419921875 0.18359375 0.419921875 0.17919921875 0.4228515625 0.17919921875 0.4287109375 0.1826171875 0.4326171875 0.17919921875 0.435546875 0.1767578125 0.4345703125 0.1767578125 0.4296875 0.17822265625 0.4091796875 0.1865234375 0.4052734375 0.1884765625 0.408203125 0.19091796875 0.404296875 0.1884765625 0.3974609375 0.185546875 0.400390625 0.17919921875 0.4033203125 0.17236328125 0.404296875 0.16943359375 0.4013671875 0.16650390625 0.3935546875 0.16455078125 0.39453125 0.16357421875 0.3994140625 0.16064453125 0.404296875
12 0.458984375 0.021484375 0.4560546875 0.0244140625 0.4560546875 0.0302734375 0.45458984375 0.0986328125 0.45654296875 0.10546875 0.4599609375 0.1103515625 0.62060546875 0.1162109375 0.6259765625 0.115234375 0.62841796875 0.1064453125 0.62939453125 0.0361328125 0.62744140625 0.0322265625 0.62451171875 0.029296875 0.458984375 0.021484375
12 0.5205078125 0.2021484375 0.5224609375 0.2041015625 0.568359375 0.20703125 0.5693359375 0.203125 0.56787109375 0.1650390625 0.56591796875 0.1611328125 0.52197265625 0.158203125 0.51953125 0.16015625 0.5205078125 0.2021484375
12 0.50927734375 0.2568359375 0.55908203125 0.2548828125 0.56005859375 0.25 0.56103515625 0.2119140625 0.5576171875 0.208984375 0.51025390625 0.2119140625 0.5078125 0.2138671875 0.5068359375 0.2509765625 0.50927734375 0.2568359375