14 0.35205078125 0.427734375 0.35546875 0.4375 0.36279296875 0.435546875 0.36669921875 0.427734375 0.365234375 0.416015625 0.365234375 0.4091796875 0.36328125 0.3994140625 0.3603515625 0.3935546875 0.35546875 0.39453125 0.35107421875 0.400390625 0.35205078125 0.4140625 0.35205078125 0.427734375
14 0.37255859375 0.4189453125 0.375 0.423828125 0.37841796875 0.4296875 0.380859375 0.431640625 0.38525390625 0.4306640625 0.3876953125 0.4296875 0.39111328125 0.4189453125 0.39111328125 0.400390625 0.3916015625 0.3837890625 0.38818359375 0.373046875 0.3828125 0.3759765625 0.3759765625 0.3779296875 0.37158203125 0.390625 0.37158203125 0.4072265625 0.37158203125 0.416015625 0.37255859375 0.4189453125
11 0.45751953125 0.400390625 0.45751953125 0.412109375 0.46142578125 0.412109375 0.46142578125 0.3994140625 0.45751953125 0.400390625
11 0.4365234375 0.40625 0.43603515625 0.3896484375 0.42919921875 0.38671875 0.4306640625 0.3994140625 0.4306640625 0.4091796875 0.4365234375 0.40625
3 0.46533203125 0.4521484375 0.466796875 0.45703125 0.470703125 0.4599609375 0.47314453125 0.455078125 0.4873046875 0.451171875 0.48974609375 0.4560546875 0.4951171875 0.45703125 0.49853515625 0.44140625 0.49658203125 0.427734375 0.4951171875 0.4189453125 0.4921875 0.41015625 0.4912109375 0.404296875 0.4853515625 0.4013671875 0.4775390625 0.4013671875 0.46826171875 0.404296875 0.46484375 0.4150390625 0.462890625 0.4326171875 0.46533203125 0.4521484375
11 0.357421875 0.3525390625 0.35791015625 0.328125 0.35205078125 0.330078125 0.35009765625 0.34375 0.35009765625 0.3525390625 0.357421875 0.3525390625
8 0.41259765625 0.41015625 0.4169921875 0.4033203125 0.421875 0.3935546875 0.4248046875 0.384765625 0.42529296875 0.37890625 0.42333984375 0.3720703125 0.42138671875 0.3623046875 0.41943359375 0.361328125 0.41748046875 0.361328125 0.41552734375 0.3642578125 0.41552734375 0.3720703125 0.41064453125 0.376953125 0.40869140625 0.3896484375 0.40966796875 0.4072265625 0.41259765625 0.41015625
14 0.2578125 0.3310546875 0.25390625 0.32421875 0.25 0.3154296875 0.2431640625 0.3154296875 0.23974609375 0.3203125 0.236328125 0.3291015625 0.2373046875 0.337890625 0.23779296875 0.3466796875 0.23486328125 0.35546875 0.23193359375 0.3720703125 0.23388671875 0.4306640625 0.23974609375 0.43359375 0.25048828125 0.4326171875 0.2607421875 0.43359375 0.26806640625 0.4296875 0.27685546875 0.42578125 0.2822265625 0.421875 0.2841796875 0.412109375 0.28173828125 0.3984375 0.27880859375 0.392578125 0.27734375 0.3818359375 0.2783203125 0.37109375 0.275390625 0.36328125 0.26953125 0.36328125 0.27197265625 0.359375 0.27197265625 0.345703125 0.263671875 0.337890625 0.2578125 0.3310546875
12 0.248046875 0.4130859375 0.2490234375 0.4130859375 0.2509765625 0.4091796875 0.2509765625 0.404296875 0.2509765625 0.3974609375 0.2470703125 0.3974609375 0.24560546875 0.4033203125 0.24609375 0.41015625 0.248046875 0.4130859375
12 0.3017578125 0.4091796875 0.3046875 0.4072265625 0.30615234375 0.3994140625 0.30517578125 0.3916015625 0.2998046875 0.390625 0.2978515625 0.4013671875 0.29931640625 0.4072265625 0.3017578125 0.4091796875
3 0.26318359375 0.46484375 0.2705078125 0.466796875 0.27880859375 0.4541015625 0.2763671875 0.4169921875 0.26953125 0.416015625 0.2578125 0.4140625 0.2578125 0.4384765625 0.26025390625 0.4541015625 0.26318359375 0.46484375
3 0.26318359375 0.474609375 0.2705078125 0.46875 0.26953125 0.435546875 0.2646484375 0.427734375 0.25390625 0.427734375 0.2529296875 0.4453125 0.25537109375 0.47265625 0.26318359375 0.474609375
3 0.248046875 0.47265625 0.25146484375 0.474609375 0.25439453125 0.4736328125 0.2548828125 0.466796875 0.25830078125 0.47265625 0.26123046875 0.4716796875 0.26220703125 0.4638671875 0.2626953125 0.4521484375 0.2607421875 0.43359375 0.25732421875 0.42578125 0.2548828125 0.42578125 0.2392578125 0.42578125 0.23876953125 0.4482421875 0.244140625 0.46484375 0.248046875 0.4658203125 0.248046875 0.47265625
12 0.20458984375 0.3828125 0.20751953125 0.3798828125 0.20751953125 0.3720703125 0.20751953125 0.3671875 0.20458984375 0.3623046875 0.2001953125 0.359375 0.19580078125 0.36328125 0.19482421875 0.3720703125 0.19677734375 0.37890625 0.201171875 0.3828125 0.20458984375 0.3828125
12 0.1962890625 0.3828125 0.197265625 0.396484375 0.20654296875 0.3955078125 0.2060546875 0.3828125 0.1962890625 0.3828125
8 0.1689453125 0.455078125 0.17041015625 0.4697265625 0.17041015625 0.4765625 0.1728515625 0.478515625 0.17578125 0.478515625 0.18017578125 0.474609375 0.18310546875 0.466796875 0.18017578125 0.462890625 0.17919921875 0.453125 0.17724609375 0.443359375 0.17529296875 0.435546875 0.17431640625 0.423828125 0.17236328125 0.4169921875 0.1689453125 0.416015625 0.16455078125 0.42578125 0.1640625 0.439453125 0.16748046875 0.4501953125 0.1689453125 0.455078125
11 0.49560546875 0.373046875 0.4873046875 0.3720703125 0.48681640625 0.3984375 0.49462890625 0.3984375 0.49560546875 0.373046875
11 0.50830078125 0.41015625 0.51025390625 0.4111328125 0.5126953125 0.4140625 0.515625 0.4140625 0.51953125 0.4140625 0.52099609375 0.4091796875 0.521484375 0.3935546875 0.51953125 0.380859375 0.51513671875 0.3828125 0.50927734375 0.392578125 0.50830078125 0.400390625 0.50830078125 0.41015625
14 0.62890625 0 0.63134765625 0.0048828125 0.63330078125 0.0107421875 0.62744140625 0.025390625 0.634765625 0.04296875 0.62353515625 0.05078125 0.62060546875 0.0595703125 0.6240234375 0.0791015625 0.6171875 0.0888671875 0.61669921875 0.1044921875 0.60791015625 0.1083984375 0.60009765625 0.115234375 0.5966796875 0.123046875 0.5966796875 0.1396484375 0.59423828125 0.1552734375 0.5869140625 0.1572265625 0.58056640625 0.1591796875 0.5791015625 0.166015625 0.5830078125 0.1748046875 0.57421875 0.1796875 0.5703125 0.1865234375 0.54638671875 0.1943359375 0.53515625 0.1982421875 0.5234375 0.2021484375 0.51171875 0.2021484375 0.5029296875 0.2119140625 0.49658203125 0.21875 0.48828125 0.2294921875 0.48828125 0.24609375 0.494140625 0.251953125 0.490234375 0.2607421875 0.49267578125 0.2666015625 0.48779296875 0.2822265625 0.48974609375 0.2919921875 0.5029296875 0.2919921875 0.4970703125 0.3046875 0.49365234375 0.3173828125 0.4892578125 0.328125 0.4892578125 0.3408203125 0.4921875 0.3486328125 0.5009765625 0.3564453125 0.50732421875 0.365234375 0.517578125 0.375 0.517578125 0.3837890625 0.52587890625 0.396484375 0.53125 0.404296875 0.5400390625 0.408203125 0.55126953125 0.396484375 0.560546875 0.384765625 0.58203125 0.3818359375 0.58837890625 0.3837890625 0.60498046875 0.38671875 0.6240234375 0.3720703125 0.64599609375 0.3427734375 0.67529296875 0.36328125 0.73193359375 0.353515625 0.7216796875 0.2265625 0.7412109375 0.2216796875 0.76123046875 0.1845703125 0.775390625 0.1708984375 0.78271484375 0.1923828125 0.796875 0.220703125 0.81005859375 0.22265625 0.8056640625 0.255859375 0.80712890625 0.2744140625 0.81396484375 0.28515625 0.837890625 0.287109375 0.8603515625 0.30859375 0.87255859375 0.3349609375 0.8935546875 0.3486328125 0.9501953125 0.3369140625 0.96875 0.3115234375 0.97412109375 0.306640625 0.97021484375 0.296875 0.97412109375 0.287109375 0.9794921875 0.265625 0.99169921875 0.2529296875 0.998046875 0.2451171875 0.99853515625 0 0.62890625 0
3 0.2099609375 0.4599609375 0.208984375 0.4716796875 0.21630859375 0.47265625 0.22021484375 0.4716796875 0.2216796875 0.4716796875 0.232421875 0.47265625 0.23681640625 0.4775390625 0.240234375 0.4736328125 0.2431640625 0.4755859375 0.24609375 0.47265625 0.248046875 0.466796875 0.24755859375 0.4521484375 0.24072265625 0.423828125 0.2197265625 0.423828125 0.2109375 0.4404296875 0.208984375 0.447265625 0.2099609375 0.4599609375
14 0.6044921875 0.375 0.60302734375 0.3828125 0.60595703125 0.40625 0.60986328125 0.4326171875 0.6142578125 0.4462890625 0.63525390625 0.4482421875 0.669921875 0.4599609375 0.6865234375 0.45703125 0.6953125 0.46484375 0.69970703125 0.4560546875 0.7001953125 0.408203125 0.70166015625 0.3681640625 0.70654296875 0.3525390625 0.69580078125 0.345703125 0.68310546875 0.341796875 0.67724609375 0.337890625 0.67626953125 0.3193359375 0.66943359375 0.314453125 0.66162109375 0.3095703125 0.64306640625 0.3125 0.63427734375 0.322265625 0.6279296875 0.3193359375 0.62255859375 0.333984375 0.61669921875 0.35546875 0.61181640625 0.3681640625 0.6044921875 0.375
5 0.513671875 0.4384765625 0.5126953125 0.4453125 0.51953125 0.4462890625 0.5244140625 0.4462890625 0.525390625 0.4365234375 0.52490234375 0.423828125 0.525390625 0.4111328125 0.52001953125 0.4169921875 0.51806640625 0.4248046875 0.51513671875 0.4306640625 0.513671875 0.4384765625
5 0.5234375 0.427734375 0.5224609375 0.4375 0.52294921875 0.451171875 0.52685546875 0.451171875 0.5283203125 0.439453125 0.52978515625 0.419921875 0.53662109375 0.41015625 0.537109375 0.4033203125 0.52880859375 0.404296875 0.525390625 0.41796875 0.5234375 0.41796875 0.52197265625 0.421875 0.5234375 0.427734375
3 0.5263671875 0.4375 0.5263671875 0.451171875 0.52880859375 0.4580078125 0.53369140625 0.4580078125 0.5341796875 0.4482421875 0.53955078125 0.443359375 0.5439453125 0.42578125 0.544921875 0.3974609375 0.53466796875 0.3994140625 0.53173828125 0.4111328125 0.5283203125 0.4267578125 0.5263671875 0.4375
3 0.5390625 0.4130859375 0.53759765625 0.41796875 0.537109375 0.427734375 0.53662109375 0.44921875 0.5380859375 0.4541015625 0.5419921875 0.4541015625 0.54541015625 0.4501953125 0.548828125 0.4404296875 0.5517578125 0.4169921875 0.55859375 0.3984375 0.54931640625 0.40234375 0.54541015625 0.40234375 0.5419921875 0.4052734375 0.5390625 0.4130859375
3 0.5478515625 0.4091796875 0.54638671875 0.416015625 0.54638671875 0.42578125 0.54638671875 0.44921875 0.546875 0.453125 0.548828125 0.4560546875 0.5517578125 0.455078125 0.552734375 0.451171875 0.55908203125 0.4501953125 0.560546875 0.39453125 0.552734375 0.3955078125 0.5478515625 0.4091796875
3 0.5576171875 0.44921875 0.55859375 0.4609375 0.56298828125 0.4638671875 0.56640625 0.4580078125 0.572265625 0.4541015625 0.58642578125 0.40234375 0.6005859375 0.40234375 0.59814453125 0.38671875 0.59326171875 0.3662109375 0.57861328125 0.3681640625 0.56396484375 0.369140625 0.5615234375 0.3828125 0.55908203125 0.4091796875 0.5576171875 0.44921875
14 0.8720703125 0.36328125 0.88330078125 0.375 0.88916015625 0.390625 0.88525390625 0.4013671875 0.88330078125 0.4267578125 0.880859375 0.4501953125 0.8896484375 0.451171875 0.93701171875 0.453125 0.94677734375 0.435546875 0.95166015625 0.400390625 0.96435546875 0.3603515625 0.97314453125 0.34375 0.9736328125 0.31640625 0.9755859375 0.2998046875 0.96923828125 0.27734375 0.95068359375 0.2568359375 0.93115234375 0.2431640625 0.90771484375 0.2451171875 0.89013671875 0.2578125 0.8837890625 0.2646484375 0.87451171875 0.2900390625 0.8740234375 0.3232421875 0.86865234375 0.349609375 0.8720703125 0.36328125
14 0.7548828125 0.328125 0.74609375 0.3408203125 0.74560546875 0.3525390625 0.755859375 0.361328125 0.8125 0.357421875 0.8115234375 0.3701171875 0.8095703125 0.3916015625 0.8134765625 0.41796875 0.81396484375 0.4443359375 0.81494140625 0.4560546875 0.8359375 0.45703125 0.87646484375 0.4560546875 0.87744140625 0.404296875 0.869140625 0.3564453125 0.86767578125 0.314453125 0.86083984375 0.2861328125 0.84619140625 0.26953125 0.82421875 0.2587890625 0.79833984375 0.2568359375 0.78759765625 0.267578125 0.775390625 0.2734375 0.76611328125 0.296875 0.76025390625 0.3134765625 0.7548828125 0.328125
1 0.98193359375 0.47265625 0.998046875 0.4716796875 0.9970703125 0.388671875 0.9921875 0.390625 0.98388671875 0.4072265625 0.97900390625 0.427734375 0.978515625 0.45703125 0.98193359375 0.47265625
3 0.56591796875 0.41796875 0.5654296875 0.419921875 0.56640625 0.423828125 0.56982421875 0.42578125 0.56787109375 0.435546875 0.5673828125 0.4453125 0.5673828125 0.453125 0.56787109375 0.4638671875 0.5703125 0.4677734375 0.578125 0.4677734375 0.580078125 0.4609375 0.60107421875 0.458984375 0.60302734375 0.462890625 0.60546875 0.462890625 0.607421875 0.458984375 0.60888671875 0.462890625 0.61279296875 0.4619140625 0.61328125 0.4560546875 0.61279296875 0.42578125 0.60986328125 0.4111328125 0.6015625 0.39453125 0.5927734375 0.3955078125 0.57666015625 0.3974609375 0.5712890625 0.416015625 0.56884765625 0.416015625 0.56591796875 0.41796875
12 0.66455078125 0.3193359375 0.66845703125 0.2998046875 0.6708984375 0.2802734375 0.658203125 0.28125 0.6591796875 0.30859375 0.66162109375 0.318359375 0.66455078125 0.3193359375
12 0.08056640625 0.400390625 0.0849609375 0.3984375 0.08544921875 0.384765625 0.0810546875 0.3779296875 0.07470703125 0.376953125 0.07275390625 0.3837890625 0.07421875 0.3955078125 0.07763671875 0.400390625 0.08056640625 0.400390625
12 0.134765625 0.361328125 0.12451171875 0.36328125 0.123046875 0.3740234375 0.134765625 0.3720703125 0.134765625 0.361328125
11 0.744140625 0.3154296875 0.7470703125 0.3095703125 0.74755859375 0.291015625 0.748046875 0.27734375 0.748046875 0.2529296875 0.7490234375 0.2392578125 0.74609375 0.2333984375 0.7392578125 0.2294921875 0.732421875 0.232421875 0.73291015625 0.2822265625 0.732421875 0.3154296875 0.744140625 0.3154296875
11 0.75439453125 0.2392578125 0.755859375 0.2607421875 0.7548828125 0.3017578125 0.75146484375 0.3017578125 0.75146484375 0.3115234375 0.763671875 0.3076171875 0.76513671875 0.3017578125 0.7705078125 0.296875 0.7744140625 0.2939453125 0.77392578125 0.28515625 0.77197265625 0.2744140625 0.77197265625 0.2646484375 0.76611328125 0.255859375 0.7744140625 0.24609375 0.771484375 0.234375 0.76513671875 0.232421875 0.76123046875 0.2265625 0.75390625 0.2255859375 0.748046875 0.2255859375 0.74853515625 0.2353515625 0.75439453125 0.2392578125
11 0.31396484375 0.3037109375 0.31494140625 0.296875 0.3232421875 0.2919921875 0.32470703125 0.283203125 0.32080078125 0.275390625 0.32080078125 0.2705078125 0.32470703125 0.2666015625 0.32568359375 0.2578125 0.3125 0.251953125 0.31494140625 0.2451171875 0.32177734375 0.2412109375 0.32177734375 0.2294921875 0.318359375 0.2294921875 0.31298828125 0.2265625 0.3095703125 0.2265625 0.31005859375 0.3037109375 0.31396484375 0.3037109375
11 0.302734375 0.294921875 0.30322265625 0.294921875 0.302734375 0.2216796875 0.2998046875 0.2236328125 0.29541015625 0.224609375 0.296875 0.2900390625 0.302734375 0.294921875
0 0.6181640625 0.4560546875 0.6201171875 0.4619140625 0.6240234375 0.4677734375 0.62939453125 0.46875 0.63134765625 0.45703125 0.63037109375 0.4453125 0.62939453125 0.435546875 0.62841796875 0.41796875 0.6318359375 0.4130859375 0.6279296875 0.4072265625 0.623046875 0.4052734375 0.61474609375 0.408203125 0.6171875 0.4228515625 0.6171875 0.4375 0.6181640625 0.4560546875
0 0.15673828125 0.474609375 0.15966796875 0.4775390625 0.16455078125 0.4765625 0.16943359375 0.4716796875 0.17333984375 0.4658203125 0.17333984375 0.4560546875 0.169921875 0.4462890625 0.1728515625 0.4453125 0.1708984375 0.4375 0.16748046875 0.4384765625 0.1640625 0.44140625 0.16015625 0.4453125 0.158203125 0.4541015625 0.15576171875 0.4619140625 0.15576171875 0.470703125 0.15673828125 0.474609375
5 0.46533203125 0.4521484375 0.466796875 0.45703125 0.470703125 0.4599609375 0.47314453125 0.455078125 0.4873046875 0.451171875 0.48974609375 0.4560546875 0.4951171875 0.45703125 0.49853515625 0.44140625 0.49658203125 0.427734375 0.4951171875 0.4189453125 0.4921875 0.41015625 0.4912109375 0.404296875 0.4853515625 0.4013671875 0.4775390625 0.4013671875 0.46826171875 0.404296875 0.46484375 0.4150390625 0.462890625 0.4326171875 0.46533203125 0.4521484375
12 0.67431640625 0.208984375 0.654296875 0.2099609375 0.6552734375 0.22265625 0.67431640625 0.224609375 0.67431640625 0.208984375
11 0.64697265625 0.263671875 0.63916015625 0.2685546875 0.64013671875 0.2802734375 0.64306640625 0.2822265625 0.64013671875 0.2861328125 0.64013671875 0.30078125 0.64892578125 0.3046875 0.64990234375 0.306640625 0.662109375 0.3056640625 0.66162109375 0.2607421875 0.6513671875 0.259765625 0.65283203125 0.240234375 0.6416015625 0.2431640625 0.6416015625 0.2548828125 0.6474609375 0.2607421875 0.64697265625 0.263671875
0 0.2099609375 0.474609375 0.21337890625 0.47265625 0.21533203125 0.46484375 0.21435546875 0.4501953125 0.21337890625 0.4453125 0.2138671875 0.4423828125 0.21435546875 0.439453125 0.2109375 0.4384765625 0.208984375 0.4404296875 0.2099609375 0.4482421875 0.20654296875 0.453125 0.205078125 0.462890625 0.20703125 0.47265625 0.2099609375 0.474609375