14 0.4267578125 0.3583984375 0.42822265625 0.373046875 0.4375 0.3779296875 0.4375 0.318359375 0.43505859375 0.326171875 0.42919921875 0.337890625 0.42919921875 0.34765625 0.4267578125 0.3583984375
11 0.388671875 0.3662109375 0.39111328125 0.365234375 0.390625 0.349609375 0.3876953125 0.34765625 0.3876953125 0.365234375 0.388671875 0.3662109375
14 0.1640625 0.3544921875 0.1650390625 0.37890625 0.16796875 0.3955078125 0.18603515625 0.404296875 0.2001953125 0.396484375 0.21240234375 0.39453125 0.22216796875 0.3896484375 0.2255859375 0.375 0.2236328125 0.36328125 0.216796875 0.357421875 0.20849609375 0.3447265625 0.201171875 0.3173828125 0.1982421875 0.3125 0.1923828125 0.3125 0.18505859375 0.3173828125 0.1767578125 0.3251953125 0.16845703125 0.3369140625 0.1640625 0.3544921875
14 0.29736328125 0.353515625 0.30810546875 0.3671875 0.3232421875 0.3701171875 0.3369140625 0.3701171875 0.34423828125 0.359375 0.34814453125 0.3447265625 0.35107421875 0.3291015625 0.35400390625 0.31640625 0.35595703125 0.3056640625 0.345703125 0.2939453125 0.33203125 0.296875 0.32177734375 0.3046875 0.3193359375 0.3134765625 0.31982421875 0.322265625 0.31787109375 0.326171875 0.306640625 0.322265625 0.30029296875 0.328125 0.29443359375 0.3349609375 0.29736328125 0.353515625
11 0.294921875 0.2626953125 0.2958984375 0.2822265625 0.2998046875 0.28125 0.29931640625 0.26171875 0.294921875 0.2626953125
14 0 0.439453125 0.0205078125 0.447265625 0.04443359375 0.4541015625 0.08984375 0.4560546875 0.11279296875 0.4560546875 0.1337890625 0.4580078125 0.15966796875 0.4580078125 0.19970703125 0.4521484375 0.2197265625 0.451171875 0.23681640625 0.451171875 0.26708984375 0.447265625 0.27685546875 0.4443359375 0.2939453125 0.443359375 0.31396484375 0.439453125 0.32666015625 0.435546875 0.33837890625 0.4306640625 0.3564453125 0.4228515625 0.36962890625 0.4228515625 0.37353515625 0.42578125 0.39013671875 0.421875 0.3935546875 0.4189453125 0.41650390625 0.416015625 0.4453125 0.4150390625 0.47216796875 0.4140625 0.4853515625 0.412109375 0.5048828125 0.412109375 0.5283203125 0.4072265625 0.54736328125 0.4072265625 0.56396484375 0.4072265625 0.57861328125 0.404296875 0.5888671875 0.4033203125 0.59814453125 0.3984375 0.60205078125 0.396484375 0.5986328125 0.38671875 0.59130859375 0.384765625 0.5771484375 0.384765625 0.568359375 0.384765625 0.55908203125 0.384765625 0.55322265625 0.3798828125 0.54833984375 0.3759765625 0.5419921875 0.384765625 0.53369140625 0.3857421875 0.525390625 0.380859375 0.51904296875 0.380859375 0.51220703125 0.3818359375 0.505859375 0.384765625 0.49755859375 0.3837890625 0.49072265625 0.380859375 0.486328125 0.384765625 0.47802734375 0.38671875 0.46923828125 0.38671875 0.45458984375 0.3876953125 0.44970703125 0.3876953125 0.43603515625 0.384765625 0.43115234375 0.3759765625 0.42822265625 0.36328125 0.427734375 0.3505859375 0.42236328125 0.3447265625 0.41259765625 0.35546875 0.41552734375 0.3642578125 0.4150390625 0.3740234375 0.4091796875 0.38671875 0.4072265625 0.3876953125 0.39404296875 0.3759765625 0.38916015625 0.373046875 0.38037109375 0.373046875 0.376953125 0.3642578125 0.36767578125 0.3564453125 0.35546875 0.3583984375 0.345703125 0.3583984375 0.33935546875 0.3623046875 0.3291015625 0.36328125 0.32421875 0.353515625 0.31298828125 0.345703125 0.30810546875 0.3369140625 0.29443359375 0.333984375 0.2861328125 0.3310546875 0.27978515625 0.3310546875 0.27099609375 0.3310546875 0.27587890625 0.3427734375 0.26025390625 0.35546875 0.25634765625 0.3447265625 0.2626953125 0.33203125 0.26123046875 0.3037109375 0.25244140625 0.31640625 0.24462890625 0.326171875 0.23876953125 0.3291015625 0.2451171875 0.34765625 0.2412109375 0.3505859375 0.2373046875 0.3447265625 0.23046875 0.3212890625 0.22509765625 0.3154296875 0.22119140625 0.3271484375 0.22509765625 0.341796875 0.220703125 0.3525390625 0.228515625 0.3671875 0.22998046875 0.3759765625 0.22509765625 0.3818359375 0.22900390625 0.39453125 0.22509765625 0.4013671875 0.21533203125 0.38671875 0.2080078125 0.380859375 0.19775390625 0.3896484375 0.18603515625 0.4013671875 0.17041015625 0.3984375 0.15869140625 0.400390625 0.14501953125 0.3984375 0.138671875 0.3828125 0.14111328125 0.3681640625 0.138671875 0.353515625 0.12646484375 0.3349609375 0.1142578125 0.3369140625 0.10595703125 0.35546875 0.1044921875 0.37109375 0.107421875 0.3896484375 0.10205078125 0.384765625 0.095703125 0.3720703125 0.08447265625 0.3662109375 0.076171875 0.3623046875 0.068359375 0.3583984375 0.06982421875 0.32421875 0.06103515625 0.3046875 0.052734375 0.3212890625 0.052734375 0.3466796875 0.05126953125 0.3603515625 0.04638671875 0.3525390625 0.03759765625 0.3408203125 0.03076171875 0.3359375 0.02685546875 0.322265625 0.01953125 0.3212890625 0.01513671875 0.3369140625 0.01025390625 0.32421875 0.00390625 0.3134765625 0 0.3037109375 0 0.439453125
12 0.58935546875 0.3115234375 0.58984375 0.2734375 0.572265625 0.275390625 0.57275390625 0.3115234375 0.58935546875 0.3115234375
12 0.57568359375 0.310546875 0.576171875 0.3251953125 0.5859375 0.32421875 0.58544921875 0.3115234375 0.57568359375 0.310546875
12 0.58642578125 0.3408203125 0.58642578125 0.3291015625 0.57763671875 0.3271484375 0.57763671875 0.3408203125 0.58642578125 0.3408203125
12 0.57958984375 0.3623046875 0.5830078125 0.3623046875 0.58544921875 0.359375 0.5859375 0.3544921875 0.5859375 0.3447265625 0.58447265625 0.341796875 0.5830078125 0.33984375 0.57958984375 0.3408203125 0.5771484375 0.341796875 0.57666015625 0.3447265625 0.57568359375 0.3505859375 0.5751953125 0.3564453125 0.576171875 0.359375 0.57958984375 0.3623046875
12 0.49169921875 0.2490234375 0.49462890625 0.25390625 0.5 0.255859375 0.50439453125 0.251953125 0.50830078125 0.2421875 0.5068359375 0.232421875 0.50390625 0.2265625 0.5009765625 0.22265625 0.4990234375 0.22265625 0.49609375 0.224609375 0.49365234375 0.23046875 0.4921875 0.236328125 0.49169921875 0.2490234375
12 0.50537109375 0.271484375 0.50537109375 0.2529296875 0.494140625 0.2529296875 0.494140625 0.271484375 0.50537109375 0.271484375
12 0.404296875 0.3115234375 0.41748046875 0.3125 0.41796875 0.30078125 0.40380859375 0.3017578125 0.40185546875 0.3076171875 0.404296875 0.3115234375
11 0.42333984375 0.3466796875 0.42431640625 0.3447265625 0.4267578125 0.3427734375 0.42724609375 0.337890625 0.42431640625 0.3369140625 0.42431640625 0.3310546875 0.42724609375 0.3310546875 0.427734375 0.3251953125 0.42431640625 0.32421875 0.42431640625 0.3203125 0.427734375 0.3173828125 0.427734375 0.3134765625 0.42431640625 0.314453125 0.4208984375 0.3125 0.42138671875 0.345703125 0.42333984375 0.3466796875
11 0.197265625 0.3134765625 0.19482421875 0.314453125 0.1923828125 0.314453125 0.19091796875 0.314453125 0.1904296875 0.318359375 0.19189453125 0.322265625 0.1953125 0.3232421875 0.1953125 0.328125 0.19384765625 0.3291015625 0.19091796875 0.3291015625 0.1904296875 0.3310546875 0.189453125 0.3330078125 0.1943359375 0.3349609375 0.1943359375 0.3388671875 0.19189453125 0.3388671875 0.189453125 0.3408203125 0.18896484375 0.34375 0.19580078125 0.3486328125 0.19921875 0.345703125 0.19921875 0.314453125 0.197265625 0.3134765625
11 0.22265625 0.205078125 0.21142578125 0.201171875 0.21240234375 0.2841796875 0.212890625 0.2890625 0.2236328125 0.291015625 0.22265625 0.205078125
11 0.19921875 0.2265625 0.197265625 0.23046875 0.19140625 0.232421875 0.19189453125 0.2392578125 0.19384765625 0.2431640625 0.19873046875 0.25 0.19873046875 0.2568359375 0.193359375 0.2578125 0.19091796875 0.2578125 0.189453125 0.265625 0.19091796875 0.271484375 0.19921875 0.2744140625 0.19921875 0.2783203125 0.19970703125 0.28515625 0.20703125 0.2841796875 0.2099609375 0.2841796875 0.20947265625 0.2021484375 0.203125 0.2001953125 0.19873046875 0.201171875 0.19140625 0.205078125 0.18994140625 0.208984375 0.19775390625 0.220703125 0.19921875 0.2265625
12 0.12939453125 0.3525390625 0.12890625 0.3447265625 0.126953125 0.3388671875 0.12255859375 0.337890625 0.11865234375 0.3388671875 0.11767578125 0.3427734375 0.1181640625 0.3486328125 0.11865234375 0.353515625 0.1259765625 0.3564453125 0.12841796875 0.3564453125 0.12939453125 0.3525390625
12 0.77880859375 0.3134765625 0.77490234375 0.3271484375 0.78271484375 0.3251953125 0.77880859375 0.3134765625
12 0.77880859375 0.3271484375 0.7763671875 0.328125 0.775390625 0.3310546875 0.7763671875 0.3369140625 0.779296875 0.3388671875 0.78125 0.3388671875 0.78125 0.3330078125 0.78125 0.330078125 0.7802734375 0.328125 0.77880859375 0.3271484375
11 0.7744140625 0.341796875 0.7734375 0.3623046875 0.77734375 0.359375 0.77783203125 0.3427734375 0.7744140625 0.341796875
12 0.7578125 0.328125 0.76416015625 0.310546875 0.75244140625 0.3115234375 0.7578125 0.328125
14 0.82373046875 0.2724609375 0.818359375 0.2763671875 0.8212890625 0.291015625 0.82763671875 0.3037109375 0.83056640625 0.3076171875 0.830078125 0.3134765625 0.82470703125 0.31640625 0.82373046875 0.3232421875 0.818359375 0.3203125 0.81494140625 0.333984375 0.82177734375 0.3544921875 0.82275390625 0.365234375 0.8251953125 0.375 0.82861328125 0.3896484375 0.8330078125 0.392578125 0.8408203125 0.3935546875 0.84033203125 0.2490234375 0.83154296875 0.25 0.8271484375 0.2568359375 0.8251953125 0.267578125 0.82373046875 0.2724609375
12 0.8291015625 0.3037109375 0.83349609375 0.2998046875 0.83447265625 0.2880859375 0.83447265625 0.2783203125 0.83251953125 0.271484375 0.828125 0.2734375 0.82666015625 0.27734375 0.82666015625 0.2861328125 0.82763671875 0.2958984375 0.8291015625 0.3037109375
14 0.83984375 0 0.833984375 0.017578125 0.828125 0.0390625 0.8232421875 0.0634765625 0.81591796875 0.0810546875 0.8125 0.09375 0.8115234375 0.11328125 0.80712890625 0.12109375 0.80517578125 0.142578125 0.80908203125 0.1474609375 0.8095703125 0.162109375 0.80810546875 0.1826171875 0.80908203125 0.201171875 0.80908203125 0.2109375 0.8154296875 0.2265625 0.81689453125 0.236328125 0.81396484375 0.2451171875 0.8173828125 0.2607421875 0.82421875 0.2626953125 0.83349609375 0.263671875 0.84033203125 0.25 0.84619140625 0.2431640625 0.8515625 0.2265625 0.857421875 0.2119140625 0.85791015625 0.1982421875 0.86279296875 0.1806640625 0.87890625 0.1630859375 0.8935546875 0.1357421875 0.8984375 0.103515625 0.9052734375 0.05859375 0.91650390625 0.060546875 0.94287109375 0.06640625 0.95703125 0.0615234375 0.955078125 0.0498046875 0.9453125 0.0380859375 0.95361328125 0.0341796875 0.95703125 0.0185546875 0.95654296875 0 0.83984375 0
12 0.7470703125 0.25390625 0.7470703125 0.2939453125 0.7666015625 0.29296875 0.7666015625 0.2548828125 0.7470703125 0.25390625
12 0.7626953125 0.30859375 0.76220703125 0.2919921875 0.751953125 0.29296875 0.751953125 0.3095703125 0.7626953125 0.30859375