14 0.515625 0.369140625 0.51318359375 0.3857421875 0.5146484375 0.4052734375 0.521484375 0.412109375 0.52294921875 0.4208984375 0.5302734375 0.4228515625 0.5390625 0.4208984375 0.541015625 0.38671875 0.5419921875 0.365234375 0.5400390625 0.345703125 0.537109375 0.341796875 0.53076171875 0.3369140625 0.5302734375 0.3330078125 0.5234375 0.3359375 0.51806640625 0.3486328125 0.515625 0.369140625
9 0.52685546875 0.4169921875 0.52392578125 0.4267578125 0.5234375 0.4404296875 0.52685546875 0.447265625 0.52685546875 0.4541015625 0.52783203125 0.4638671875 0.5341796875 0.4609375 0.53662109375 0.45703125 0.53662109375 0.4462890625 0.5380859375 0.4384765625 0.53857421875 0.4287109375 0.53662109375 0.4208984375 0.5341796875 0.4140625 0.5302734375 0.4150390625 0.52880859375 0.416015625 0.52685546875 0.4169921875
9 0.54248046875 0.4150390625 0.5400390625 0.423828125 0.53662109375 0.4384765625 0.5380859375 0.4501953125 0.5400390625 0.4541015625 0.5419921875 0.4658203125 0.54736328125 0.4638671875 0.54833984375 0.4609375 0.55078125 0.462890625 0.55078125 0.4443359375 0.55322265625 0.4248046875 0.55126953125 0.41796875 0.54833984375 0.4091796875 0.5458984375 0.4091796875 0.54296875 0.412109375 0.54248046875 0.4150390625
12 0.57470703125 0.3486328125 0.5751953125 0.3662109375 0.578125 0.3671875 0.59326171875 0.3681640625 0.59326171875 0.3662109375 0.59228515625 0.34765625 0.58984375 0.3466796875 0.57666015625 0.3466796875 0.57470703125 0.3486328125
12 0.572265625 0.3466796875 0.57470703125 0.34765625 0.59521484375 0.3486328125 0.5966796875 0.3466796875 0.59716796875 0.3037109375 0.5947265625 0.298828125 0.57373046875 0.30078125 0.57275390625 0.3037109375 0.572265625 0.3466796875
9 0.509765625 0.4228515625 0.50927734375 0.4375 0.51123046875 0.455078125 0.51025390625 0.466796875 0.51318359375 0.46875 0.5205078125 0.4638671875 0.52197265625 0.455078125 0.52392578125 0.4462890625 0.52392578125 0.4326171875 0.5244140625 0.4267578125 0.52294921875 0.423828125 0.52734375 0.41796875 0.5234375 0.4150390625 0.5185546875 0.4140625 0.5146484375 0.4130859375 0.509765625 0.4150390625 0.509765625 0.4228515625
8 0.5625 0.4287109375 0.56103515625 0.4345703125 0.55859375 0.443359375 0.55810546875 0.4541015625 0.556640625 0.4541015625 0.556640625 0.45703125 0.56103515625 0.4619140625 0.56103515625 0.4765625 0.56103515625 0.490234375 0.56591796875 0.4951171875 0.56884765625 0.494140625 0.56884765625 0.486328125 0.5693359375 0.478515625 0.57080078125 0.458984375 0.5703125 0.4345703125 0.56884765625 0.4287109375 0.5673828125 0.4208984375 0.56396484375 0.419921875 0.5625 0.4228515625 0.5625 0.4287109375
8 0.572265625 0.42578125 0.572265625 0.439453125 0.57080078125 0.4541015625 0.57275390625 0.47265625 0.57373046875 0.490234375 0.578125 0.4931640625 0.5791015625 0.4853515625 0.5791015625 0.42578125 0.57763671875 0.4189453125 0.5751953125 0.4169921875 0.57373046875 0.4189453125 0.572265625 0.42578125
8 0.578125 0.42578125 0.57568359375 0.4365234375 0.57275390625 0.4501953125 0.57373046875 0.4541015625 0.5771484375 0.4560546875 0.57763671875 0.4638671875 0.57861328125 0.4775390625 0.58056640625 0.4931640625 0.5830078125 0.4951171875 0.58984375 0.4365234375 0.58447265625 0.416015625 0.58349609375 0.4111328125 0.58056640625 0.412109375 0.580078125 0.4189453125 0.57958984375 0.421875 0.578125 0.42578125
8 0.58447265625 0.37109375 0.58056640625 0.375 0.57958984375 0.3828125 0.5810546875 0.3896484375 0.58349609375 0.3984375 0.58056640625 0.4140625 0.57958984375 0.435546875 0.5771484375 0.44140625 0.57421875 0.4443359375 0.57470703125 0.4501953125 0.578125 0.453125 0.5810546875 0.4482421875 0.578125 0.4658203125 0.57763671875 0.4765625 0.5791015625 0.48046875 0.5849609375 0.5048828125 0.57861328125 0.51953125 0.578125 0.5234375 0.5830078125 0.5244140625 0.5908203125 0.525390625 0.59423828125 0.5166015625 0.595703125 0.5078125 0.59130859375 0.48828125 0.59033203125 0.474609375 0.5947265625 0.455078125 0.5966796875 0.4423828125 0.5966796875 0.42578125 0.595703125 0.4052734375 0.59326171875 0.3955078125 0.5908203125 0.3896484375 0.5908203125 0.3798828125 0.59228515625 0.384765625 0.58837890625 0.37109375 0.58447265625 0.37109375
8 0.6259765625 0.3896484375 0.62548828125 0.396484375 0.62646484375 0.4033203125 0.62646484375 0.4111328125 0.62451171875 0.4208984375 0.6240234375 0.4365234375 0.62646484375 0.439453125 0.6259765625 0.4453125 0.6220703125 0.4560546875 0.62109375 0.4638671875 0.62451171875 0.46484375 0.62255859375 0.47265625 0.62109375 0.484375 0.62060546875 0.4931640625 0.6181640625 0.5048828125 0.61474609375 0.5107421875 0.61083984375 0.513671875 0.61083984375 0.5166015625 0.61328125 0.5224609375 0.6171875 0.5224609375 0.61962890625 0.5263671875 0.62109375 0.5234375 0.625 0.5126953125 0.62890625 0.486328125 0.63330078125 0.470703125 0.63427734375 0.4736328125 0.634765625 0.4833984375 0.638671875 0.4912109375 0.64111328125 0.5126953125 0.638671875 0.5185546875 0.634765625 0.5205078125 0.6337890625 0.525390625 0.638671875 0.5283203125 0.6435546875 0.5283203125 0.6455078125 0.51953125 0.64453125 0.5009765625 0.64111328125 0.48046875 0.64208984375 0.4619140625 0.64111328125 0.4453125 0.64111328125 0.4296875 0.6396484375 0.412109375 0.63818359375 0.3984375 0.63330078125 0.3818359375 0.63037109375 0.3828125 0.6279296875 0.384765625 0.6259765625 0.3896484375
6 0.791015625 0.439453125 0.787109375 0.44140625 0.7841796875 0.4453125 0.78857421875 0.44921875 0.78369140625 0.4599609375 0.7783203125 0.466796875 0.7724609375 0.466796875 0.763671875 0.462890625 0.7578125 0.4599609375 0.74755859375 0.4619140625 0.74267578125 0.4697265625 0.7392578125 0.48046875 0.7392578125 0.4912109375 0.74365234375 0.4931640625 0.74560546875 0.4990234375 0.748046875 0.5087890625 0.76220703125 0.5185546875 0.76806640625 0.509765625 0.8046875 0.5107421875 0.8076171875 0.513671875 0.81298828125 0.5185546875 0.8193359375 0.515625 0.82421875 0.5126953125 0.8271484375 0.5029296875 0.82568359375 0.482421875 0.82080078125 0.4736328125 0.8134765625 0.47265625 0.810546875 0.4658203125 0.810546875 0.4609375 0.810546875 0.44921875 0.8076171875 0.447265625 0.80615234375 0.4521484375 0.8017578125 0.4443359375 0.796875 0.4384765625 0.79052734375 0.431640625 0.787109375 0.4345703125 0.78759765625 0.4365234375 0.791015625 0.439453125
12 0.69873046875 0.291015625 0.69970703125 0.3193359375 0.70166015625 0.3232421875 0.70703125 0.2666015625 0.7060546875 0.2626953125 0.69921875 0.2587890625 0.69775390625 0.265625 0.6982421875 0.2744140625 0.69873046875 0.291015625
12 0.86865234375 0.3017578125 0.87060546875 0.3037109375 0.88818359375 0.2978515625 0.8896484375 0.294921875 0.890625 0.197265625 0.88818359375 0.1953125 0.87158203125 0.2021484375 0.86962890625 0.205078125 0.86865234375 0.3017578125
12 0.8720703125 0.19921875 0.87548828125 0.201171875 0.8876953125 0.1962890625 0.888671875 0.193359375 0.888671875 0.1484375 0.88720703125 0.1455078125 0.8740234375 0.1513671875 0.873046875 0.15625 0.8720703125 0.19921875
8 0.87109375 0.38671875 0.869140625 0.39453125 0.86181640625 0.4111328125 0.85693359375 0.4365234375 0.8525390625 0.46484375 0.89013671875 0.4619140625 0.888671875 0.4384765625 0.884765625 0.4140625 0.8818359375 0.4091796875 0.88134765625 0.3984375 0.87646484375 0.388671875 0.87646484375 0.384765625 0.875 0.384765625 0.87109375 0.38671875
8 0.9248046875 0.376953125 0.9228515625 0.384765625 0.9248046875 0.392578125 0.9248046875 0.3984375 0.92041015625 0.404296875 0.91552734375 0.4140625 0.91259765625 0.423828125 0.91015625 0.4482421875 0.91259765625 0.474609375 0.9404296875 0.46875 0.94921875 0.451171875 0.94482421875 0.4140625 0.93798828125 0.4013671875 0.935546875 0.39453125 0.93408203125 0.376953125 0.931640625 0.373046875 0.927734375 0.373046875 0.9248046875 0.376953125
13 0.46923828125 0.404296875 0.46875 0.4169921875 0.4677734375 0.4208984375 0.46728515625 0.4267578125 0.46923828125 0.431640625 0.46923828125 0.4453125 0.46923828125 0.4638671875 0.47314453125 0.4638671875 0.47607421875 0.4560546875 0.490234375 0.4560546875 0.4921875 0.4609375 0.49267578125 0.46484375 0.49658203125 0.46484375 0.49951171875 0.45703125 0.4990234375 0.4404296875 0.5 0.4033203125 0.49658203125 0.4013671875 0.49658203125 0.396484375 0.494140625 0.3955078125 0.494140625 0.4013671875 0.47265625 0.3994140625 0.47216796875 0.390625 0.47021484375 0.388671875 0.4697265625 0.3896484375 0.46923828125 0.404296875
8 0.501953125 0.4169921875 0.49951171875 0.419921875 0.49658203125 0.42578125 0.49609375 0.4345703125 0.49853515625 0.443359375 0.49853515625 0.45703125 0.50048828125 0.478515625 0.501953125 0.48046875 0.5078125 0.4775390625 0.5078125 0.470703125 0.50927734375 0.4443359375 0.5107421875 0.4287109375 0.5078125 0.4169921875 0.50634765625 0.4072265625 0.5029296875 0.40625 0.5009765625 0.412109375 0.501953125 0.4169921875
3 0.39794921875 0.4580078125 0.40234375 0.4541015625 0.40380859375 0.453125 0.4091796875 0.453125 0.4111328125 0.4462890625 0.40869140625 0.4375 0.40869140625 0.4208984375 0.40771484375 0.404296875 0.404296875 0.3984375 0.39892578125 0.3984375 0.3955078125 0.4091796875 0.3955078125 0.4248046875 0.39794921875 0.4580078125
1 0.3154296875 0.427734375 0.3154296875 0.435546875 0.30859375 0.435546875 0.30712890625 0.4375 0.3037109375 0.443359375 0.3037109375 0.4560546875 0.3076171875 0.4609375 0.31298828125 0.462890625 0.31640625 0.4599609375 0.3173828125 0.453125 0.32568359375 0.458984375 0.32666015625 0.4619140625 0.3291015625 0.4638671875 0.33447265625 0.462890625 0.3359375 0.462890625 0.337890625 0.4619140625 0.33935546875 0.45703125 0.3408203125 0.453125 0.3408203125 0.447265625 0.3408203125 0.4345703125 0.33642578125 0.431640625 0.33349609375 0.42578125 0.326171875 0.4248046875 0.322265625 0.4150390625 0.31591796875 0.416015625 0.3154296875 0.4208984375 0.3154296875 0.427734375
12 0.21923828125 0.3603515625 0.2197265625 0.3388671875 0.203125 0.33984375 0.2021484375 0.3583984375 0.21923828125 0.3603515625
12 0.2236328125 0.3427734375 0.22607421875 0.2939453125 0.20263671875 0.29296875 0.201171875 0.341796875 0.2236328125 0.3427734375
14 0 0.35546875 0.0068359375 0.349609375 0.0146484375 0.34375 0.01806640625 0.3310546875 0.0205078125 0.322265625 0.02294921875 0.30859375 0.02685546875 0.3076171875 0.03271484375 0.3125 0.0400390625 0.3046875 0.041015625 0.3291015625 0.04150390625 0.4697265625 0.0615234375 0.462890625 0.05810546875 0.3505859375 0.06103515625 0.283203125 0.06787109375 0.2724609375 0.07421875 0.2685546875 0.07958984375 0.2705078125 0.087890625 0.2685546875 0.09375 0.263671875 0.1044921875 0.2587890625 0.1123046875 0.259765625 0.119140625 0.2568359375 0.11865234375 0.2431640625 0.1181640625 0.2333984375 0.119140625 0.2265625 0.1171875 0.2197265625 0.1123046875 0.2138671875 0.107421875 0.2060546875 0.10302734375 0.2001953125 0.10009765625 0.1962890625 0.09716796875 0.1865234375 0.10107421875 0.1767578125 0.10302734375 0.173828125 0.10498046875 0.177734375 0.10888671875 0.177734375 0.11181640625 0.171875 0.11669921875 0.1689453125 0.12255859375 0.1689453125 0.11669921875 0.18359375 0.12109375 0.1904296875 0.12451171875 0.197265625 0.12158203125 0.2080078125 0.1240234375 0.2236328125 0.1279296875 0.2236328125 0.130859375 0.2275390625 0.13720703125 0.232421875 0.13720703125 0.2255859375 0.140625 0.208984375 0.14404296875 0.208984375 0.1455078125 0.205078125 0.14404296875 0.197265625 0.138671875 0.1826171875 0.138671875 0.17578125 0.140625 0.1689453125 0.138671875 0.16015625 0.13818359375 0.154296875 0.138671875 0.142578125 0.14111328125 0.142578125 0.14794921875 0.1396484375 0.14794921875 0.1474609375 0.1494140625 0.15234375 0.15234375 0.16015625 0.15185546875 0.173828125 0.14794921875 0.185546875 0.14892578125 0.1962890625 0.14794921875 0.20703125 0.14990234375 0.2109375 0.14990234375 0.22265625 0.1484375 0.2353515625 0.15234375 0.240234375 0.15478515625 0.2490234375 0.1552734375 0.26171875 0.15869140625 0.2705078125 0.16357421875 0.2734375 0.17138671875 0.2646484375 0.17822265625 0.2568359375 0.18310546875 0.259765625 0.19482421875 0.259765625 0.197265625 0.2646484375 0.20458984375 0.263671875 0.20703125 0.25390625 0.2109375 0.2421875 0.212890625 0.2314453125 0.2197265625 0.2216796875 0.220703125 0.2109375 0.22509765625 0.2041015625 0.22265625 0.1953125 0.22412109375 0.1884765625 0.22412109375 0.1826171875 0.22021484375 0.1767578125 0.21923828125 0.1689453125 0.2216796875 0.1630859375 0.2265625 0.154296875 0.22802734375 0.1474609375 0.23046875 0.1474609375 0.234375 0.1474609375 0.23876953125 0.1455078125 0.2421875 0.1455078125 0.2431640625 0.1513671875 0.24267578125 0.1669921875 0.248046875 0.1689453125 0.2509765625 0.1787109375 0.25390625 0.1796875 0.25634765625 0.1689453125 0.25732421875 0.1591796875 0.2607421875 0.1513671875 0.26123046875 0.1416015625 0.259765625 0.1337890625 0.25927734375 0.125 0.25439453125 0.115234375 0.2548828125 0.1083984375 0.25927734375 0.1103515625 0.2646484375 0.115234375 0.2685546875 0.109375 0.26806640625 0.1015625 0.2646484375 0.08984375 0.26025390625 0.0869140625 0.259765625 0.083984375 0.25732421875 0.068359375 0.25634765625 0.05859375 0.2529296875 0.0546875 0.2548828125 0.044921875 0.25390625 0.0341796875 0.2529296875 0.0302734375 0.25244140625 0.0224609375 0.25244140625 0.01953125 0.255859375 0.01953125 0.26025390625 0.0205078125 0.26513671875 0.0234375 0.2666015625 0.0205078125 0.263671875 0.0107421875 0.26611328125 0.005859375 0.26564212343750004 0.00020547968750000002 0 0.001953125 0 0.35546875
8 0.3818359375 0.4228515625 0.380859375 0.435546875 0.38330078125 0.4443359375 0.37841796875 0.4794921875 0.37841796875 0.494140625 0.38037109375 0.49609375 0.38525390625 0.494140625 0.38525390625 0.484375 0.38623046875 0.46875 0.38818359375 0.4619140625 0.3896484375 0.4638671875 0.39111328125 0.4873046875 0.392578125 0.4970703125 0.39599609375 0.498046875 0.39599609375 0.4873046875 0.3955078125 0.4697265625 0.3955078125 0.4609375 0.3974609375 0.4521484375 0.3974609375 0.4365234375 0.396484375 0.412109375 0.3955078125 0.40234375 0.39208984375 0.396484375 0.390625 0.388671875 0.388671875 0.388671875 0.38623046875 0.388671875 0.384765625 0.390625 0.3837890625 0.40234375 0.38232421875 0.41015625 0.3818359375 0.4228515625