11 0.4892578125 0.38671875 0.4892578125 0.390625 0.49072265625 0.390625 0.49072265625 0.38671875 0.4892578125 0.38671875
2 0.46875 0.4189453125 0.4697265625 0.4267578125 0.4814453125 0.42578125 0.4892578125 0.4228515625 0.4873046875 0.412109375 0.48681640625 0.41015625 0.48291015625 0.4072265625 0.47705078125 0.4052734375 0.47119140625 0.40625 0.46923828125 0.4091796875 0.46875 0.4189453125
11 0.48095703125 0.380859375 0.48095703125 0.375 0.4794921875 0.375 0.47900390625 0.380859375 0.48095703125 0.380859375
11 0.46630859375 0.4052734375 0.46337890625 0.4052734375 0.462890625 0.4169921875 0.4658203125 0.4169921875 0.46630859375 0.4052734375
3 0.48193359375 0.4248046875 0.48095703125 0.419921875 0.478515625 0.4189453125 0.47314453125 0.4189453125 0.47119140625 0.419921875 0.47021484375 0.4267578125 0.4697265625 0.4326171875 0.470703125 0.43359375 0.47216796875 0.4345703125 0.4736328125 0.4326171875 0.48046875 0.4326171875 0.4814453125 0.4296875 0.48193359375 0.4248046875
3 0.48681640625 0.4169921875 0.48779296875 0.421875 0.49267578125 0.419921875 0.4931640625 0.416015625 0.49169921875 0.4130859375 0.48974609375 0.412109375 0.48681640625 0.412109375 0.48681640625 0.4169921875
3 0.501953125 0.4169921875 0.4990234375 0.416015625 0.49609375 0.4169921875 0.49560546875 0.4228515625 0.49609375 0.4296875 0.49853515625 0.4306640625 0.5029296875 0.431640625 0.5048828125 0.4296875 0.50537109375 0.4228515625 0.50341796875 0.419921875 0.501953125 0.4169921875
14 0.55078125 0.43359375 0.55078125 0.427734375 0.55029296875 0.4189453125 0.55224609375 0.408203125 0.5556640625 0.3984375 0.55908203125 0.38671875 0.5576171875 0.3779296875 0.5546875 0.373046875 0.55419921875 0.37109375 0.5546875 0.3671875 0.55419921875 0.3623046875 0.55322265625 0.35546875 0.55615234375 0.34765625 0.55810546875 0.34375 0.55859375 0.3359375 0.55712890625 0.330078125 0.55419921875 0.328125 0.5546875 0.32421875 0.55224609375 0.3193359375 0.55078125 0.322265625 0.5498046875 0.31640625 0.552734375 0.3154296875 0.552734375 0.3095703125 0.55322265625 0.3017578125 0.5517578125 0.30078125 0.548828125 0.3046875 0.548828125 0.2978515625 0.548828125 0.2939453125 0.5498046875 0.287109375 0.546875 0.2861328125 0.54638671875 0.2841796875 0.54443359375 0.283203125 0.5458984375 0.2783203125 0.54443359375 0.275390625 0.54345703125 0.271484375 0.54345703125 0.2666015625 0.5419921875 0.26171875 0.54052734375 0.2578125 0.54052734375 0.251953125 0.53759765625 0.251953125 0.5341796875 0.2509765625 0.533203125 0.2470703125 0.533203125 0.2421875 0.53125 0.2392578125 0.52978515625 0.240234375 0.52734375 0.240234375 0.525390625 0.240234375 0.5234375 0.2392578125 0.52197265625 0.240234375 0.52099609375 0.2421875 0.51953125 0.240234375 0.51806640625 0.23828125 0.51611328125 0.2392578125 0.5166015625 0.2412109375 0.5146484375 0.2451171875 0.513671875 0.2451171875 0.51171875 0.2431640625 0.51123046875 0.2421875 0.50927734375 0.244140625 0.509765625 0.24609375 0.5078125 0.2451171875 0.5068359375 0.2451171875 0.50732421875 0.2490234375 0.50634765625 0.2490234375 0.50390625 0.248046875 0.50341796875 0.2509765625 0.5029296875 0.251953125 0.5009765625 0.25390625 0.501953125 0.255859375 0.5029296875 0.2578125 0.50244140625 0.2587890625 0.5009765625 0.26171875 0.5009765625 0.263671875 0.501953125 0.265625 0.50146484375 0.267578125 0.4990234375 0.2666015625 0.4990234375 0.26953125 0.4990234375 0.2734375 0.49658203125 0.2763671875 0.4951171875 0.2783203125 0.49853515625 0.2783203125 0.5 0.2802734375 0.5 0.283203125 0.49951171875 0.287109375 0.50048828125 0.29296875 0.49853515625 0.2958984375 0.49462890625 0.296875 0.49267578125 0.296875 0.49267578125 0.3017578125 0.49169921875 0.3154296875 0.494140625 0.3173828125 0.49365234375 0.3232421875 0.4921875 0.326171875 0.48779296875 0.326171875 0.48681640625 0.33203125 0.49072265625 0.3330078125 0.4912109375 0.3359375 0.48974609375 0.3427734375 0.49072265625 0.3505859375 0.4921875 0.353515625 0.49462890625 0.3564453125 0.494140625 0.361328125 0.4921875 0.365234375 0.49609375 0.37109375 0.5009765625 0.3740234375 0.50048828125 0.3759765625 0.5 0.380859375 0.5029296875 0.3798828125 0.50439453125 0.3837890625 0.50390625 0.390625 0.50537109375 0.3955078125 0.50732421875 0.3984375 0.50634765625 0.404296875 0.5048828125 0.4130859375 0.50537109375 0.4228515625 0.50634765625 0.43359375 0.50732421875 0.4443359375 0.51123046875 0.4453125 0.51318359375 0.4443359375 0.5361328125 0.439453125 0.5498046875 0.4384765625 0.55078125 0.43359375
5 0.54150390625 0.4462890625 0.54443359375 0.4443359375 0.5458984375 0.4404296875 0.54541015625 0.4306640625 0.54248046875 0.42578125 0.5380859375 0.42578125 0.53369140625 0.4248046875 0.51904296875 0.4169921875 0.51318359375 0.4169921875 0.5087890625 0.41796875 0.50634765625 0.421875 0.50634765625 0.4462890625 0.5126953125 0.447265625 0.51708984375 0.447265625 0.5205078125 0.447265625 0.53271484375 0.4462890625 0.537109375 0.447265625 0.54150390625 0.4462890625
11 0.52978515625 0.375 0.52978515625 0.3759765625 0.52880859375 0.376953125 0.52734375 0.3779296875 0.52783203125 0.3828125 0.53125 0.3828125 0.53125 0.3671875 0.52734375 0.369140625 0.52685546875 0.3720703125 0.52685546875 0.3740234375 0.52978515625 0.375
12 0.529296875 0.3837890625 0.529296875 0.3876953125 0.52978515625 0.3916015625 0.53076171875 0.3935546875 0.533203125 0.392578125 0.53466796875 0.3896484375 0.53466796875 0.38671875 0.53466796875 0.3837890625 0.53369140625 0.380859375 0.5322265625 0.3798828125 0.5302734375 0.380859375 0.529296875 0.3837890625
8 0.54736328125 0.447265625 0.5478515625 0.4501953125 0.54931640625 0.4521484375 0.5498046875 0.4453125 0.54931640625 0.4365234375 0.55078125 0.4326171875 0.55078125 0.4208984375 0.5498046875 0.4111328125 0.54833984375 0.404296875 0.5458984375 0.4052734375 0.5439453125 0.4072265625 0.54638671875 0.4375 0.54736328125 0.447265625
8 0.54150390625 0.408203125 0.5419921875 0.41015625 0.54150390625 0.416015625 0.54150390625 0.423828125 0.54248046875 0.4326171875 0.54345703125 0.4384765625 0.5439453125 0.4462890625 0.54443359375 0.4501953125 0.54345703125 0.4521484375 0.5478515625 0.453125 0.548828125 0.4443359375 0.54736328125 0.42578125 0.54638671875 0.4091796875 0.54541015625 0.40625 0.54541015625 0.4052734375 0.54541015625 0.40234375 0.54345703125 0.4013671875 0.54150390625 0.4033203125 0.54150390625 0.4052734375 0.54150390625 0.408203125
11 0.5703125 0.2646484375 0.5693359375 0.224609375 0.56005859375 0.2255859375 0.560546875 0.265625 0.5703125 0.2646484375
11 0.56591796875 0.3486328125 0.56591796875 0.3515625 0.564453125 0.353515625 0.5625 0.3544921875 0.5625 0.357421875 0.56494140625 0.359375 0.56591796875 0.359375 0.56494140625 0.3623046875 0.56396484375 0.36328125 0.56298828125 0.36328125 0.56298828125 0.369140625 0.56494140625 0.37109375 0.5673828125 0.369140625 0.56787109375 0.369140625 0.5673828125 0.3408203125 0.5654296875 0.341796875 0.56201171875 0.34375 0.56201171875 0.349609375 0.5634765625 0.349609375 0.56591796875 0.3486328125
11 0.57177734375 0.3720703125 0.57080078125 0.3408203125 0.56640625 0.341796875 0.56640625 0.373046875 0.57177734375 0.3720703125
12 0.580078125 0.3359375 0.580078125 0.3310546875 0.578125 0.326171875 0.57666015625 0.3232421875 0.57470703125 0.3232421875 0.5732421875 0.32421875 0.572265625 0.3271484375 0.57177734375 0.33203125 0.572265625 0.337890625 0.5732421875 0.3427734375 0.57568359375 0.3447265625 0.57763671875 0.3447265625 0.5791015625 0.3408203125 0.580078125 0.3359375
12 0.57275390625 0.3525390625 0.578125 0.3623046875 0.5830078125 0.3525390625 0.578125 0.3427734375 0.57275390625 0.3525390625
11 0.634765625 0.35546875 0.63525390625 0.376953125 0.64013671875 0.376953125 0.6396484375 0.353515625 0.634765625 0.35546875
8 0.61083984375 0.4013671875 0.60693359375 0.4189453125 0.60791015625 0.4326171875 0.6103515625 0.4365234375 0.611328125 0.44921875 0.61181640625 0.470703125 0.615234375 0.474609375 0.61767578125 0.4638671875 0.619140625 0.447265625 0.62060546875 0.4365234375 0.623046875 0.42578125 0.623046875 0.4130859375 0.6201171875 0.400390625 0.6181640625 0.3935546875 0.6181640625 0.388671875 0.61767578125 0.384765625 0.61572265625 0.3837890625 0.61181640625 0.384765625 0.611328125 0.3955078125 0.61083984375 0.4013671875
8 0.62841796875 0.42578125 0.630859375 0.4599609375 0.63623046875 0.46875 0.64111328125 0.4677734375 0.64013671875 0.4482421875 0.64013671875 0.4248046875 0.64111328125 0.412109375 0.64306640625 0.4091796875 0.64404296875 0.3955078125 0.63916015625 0.384765625 0.6357421875 0.3798828125 0.6357421875 0.373046875 0.6318359375 0.3720703125 0.630859375 0.3798828125 0.630859375 0.384765625 0.6298828125 0.3896484375 0.6259765625 0.396484375 0.625 0.40234375 0.626953125 0.41015625 0.62841796875 0.42578125
12 0.66357421875 0.3203125 0.666015625 0.314453125 0.66845703125 0.3037109375 0.66796875 0.291015625 0.66552734375 0.28125 0.66064453125 0.27734375 0.65576171875 0.2783203125 0.65234375 0.2822265625 0.65087890625 0.2900390625 0.64990234375 0.2998046875 0.65087890625 0.31640625 0.654296875 0.3193359375 0.65869140625 0.32421875 0.66357421875 0.3203125
12 0.5810546875 0.2666015625 0.58056640625 0.318359375 0.6201171875 0.31640625 0.61865234375 0.265625 0.5810546875 0.2666015625
3 0.46826171875 0.4287109375 0.46728515625 0.4228515625 0.4658203125 0.4169921875 0.4609375 0.416015625 0.45703125 0.4169921875 0.455078125 0.4189453125 0.45458984375 0.431640625 0.4560546875 0.44140625 0.46044921875 0.4443359375 0.46630859375 0.44140625 0.4677734375 0.44140625 0.46875 0.44140625 0.46923828125 0.4365234375 0.46826171875 0.4287109375
11 0.45703125 0.3779296875 0.458984375 0.376953125 0.46044921875 0.3759765625 0.4609375 0.3720703125 0.45751953125 0.37109375 0.45751953125 0.3671875 0.46044921875 0.365234375 0.4609375 0.36328125 0.4609375 0.361328125 0.45947265625 0.361328125 0.45751953125 0.3603515625 0.45751953125 0.3564453125 0.45947265625 0.3564453125 0.4609375 0.3544921875 0.4609375 0.3525390625 0.4580078125 0.3525390625 0.4560546875 0.3525390625 0.4560546875 0.3779296875 0.45703125 0.3779296875
3 0.0654296875 0.4990234375 0.11181640625 0.4931640625 0.13037109375 0.4921875 0.13330078125 0.4755859375 0.12353515625 0.4638671875 0.115234375 0.4580078125 0.11083984375 0.4560546875 0.10302734375 0.4482421875 0.0927734375 0.4423828125 0.06494140625 0.443359375 0.056640625 0.443359375 0.05322265625 0.4462890625 0.05029296875 0.4560546875 0.04931640625 0.466796875 0.04833984375 0.4775390625 0.05078125 0.5 0.0654296875 0.4990234375
8 0.43896484375 0.412109375 0.43701171875 0.404296875 0.4326171875 0.404296875 0.42822265625 0.4033203125 0.4287109375 0.43359375 0.43408203125 0.4306640625 0.4404296875 0.4248046875 0.43896484375 0.412109375
0 0.20947265625 0.4638671875 0.2080078125 0.470703125 0.20654296875 0.4833984375 0.20849609375 0.4931640625 0.21240234375 0.498046875 0.21484375 0.490234375 0.21875 0.4853515625 0.2197265625 0.49609375 0.22314453125 0.4990234375 0.2255859375 0.4921875 0.2275390625 0.4853515625 0.22900390625 0.4755859375 0.22900390625 0.46484375 0.22900390625 0.4580078125 0.22705078125 0.455078125 0.22998046875 0.4541015625 0.23193359375 0.4541015625 0.2216796875 0.451171875 0.21728515625 0.451171875 0.2158203125 0.4541015625 0.21728515625 0.458984375 0.21826171875 0.4638671875 0.21826171875 0.466796875 0.21630859375 0.4677734375 0.21630859375 0.4638671875 0.21240234375 0.4599609375 0.20947265625 0.4638671875
11 0.23388671875 0.265625 0.23291015625 0.2666015625 0.23291015625 0.2705078125 0.23583984375 0.2705078125 0.23583984375 0.275390625 0.23291015625 0.2763671875 0.23388671875 0.279296875 0.2353515625 0.2822265625 0.23486328125 0.2861328125 0.232421875 0.287109375 0.2333984375 0.2900390625 0.23583984375 0.2900390625 0.2353515625 0.29296875 0.23779296875 0.294921875 0.240234375 0.291015625 0.23974609375 0.26953125 0.2421875 0.2685546875 0.24072265625 0.2607421875 0.23828125 0.2607421875 0.236328125 0.2587890625 0.23486328125 0.2587890625 0.2353515625 0.2626953125 0.23388671875 0.265625
12 0.21142578125 0.349609375 0.2119140625 0.3583984375 0.22216796875 0.3583984375 0.2216796875 0.3486328125 0.21142578125 0.349609375
11 0.337890625 0.236328125 0.33837890625 0.2763671875 0.3486328125 0.2763671875 0.3466796875 0.2353515625 0.337890625 0.236328125
12 0.40234375 0.2822265625 0.404296875 0.3583984375 0.42626953125 0.359375 0.42333984375 0.283203125 0.40234375 0.2822265625
8 0.40771484375 0.40234375 0.40234375 0.40625 0.40087890625 0.419921875 0.41015625 0.431640625 0.41845703125 0.4384765625 0.43115234375 0.43359375 0.4326171875 0.42578125 0.431640625 0.419921875 0.43115234375 0.4033203125 0.42626953125 0.4033203125 0.41943359375 0.392578125 0.41455078125 0.380859375 0.4091796875 0.3818359375 0.40673828125 0.3935546875 0.40771484375 0.40234375
3 0.4951171875 0.4208984375 0.49169921875 0.423828125 0.49267578125 0.43359375 0.49658203125 0.439453125 0.49951171875 0.439453125 0.50048828125 0.4345703125 0.49853515625 0.423828125 0.4951171875 0.4208984375
3 0.49658203125 0.4453125 0.498046875 0.443359375 0.498046875 0.4365234375 0.4970703125 0.42578125 0.49462890625 0.41796875 0.48388671875 0.41796875 0.482421875 0.4248046875 0.4814453125 0.4296875 0.48095703125 0.439453125 0.4814453125 0.4443359375 0.48388671875 0.4443359375 0.484375 0.4404296875 0.4951171875 0.4404296875 0.4951171875 0.443359375 0.49658203125 0.4453125