14 0.35986328125 0.4140625 0.36572265625 0.4169921875 0.3728002171875 0.41922720625 0.373046875 0.4189453125 0.37890625 0.4189453125 0.38623046875 0.4443359375 0.3896484375 0.435546875 0.3916015625 0.421875 0.3935546875 0.423828125 0.3974609375 0.4189453125 0.3994140625 0.41796875 0.3994140625 0.3701171875 0.3984375 0.3330078125 0.3994140625 0.3115234375 0.3955078125 0.3115234375 0.38720703125 0.31640625 0.3818359375 0.326171875 0.3779296875 0.3310546875 0.3701171875 0.3310546875 0.36474609375 0.3330078125 0.35791015625 0.3408203125 0.3544921875 0.35546875 0.35546875 0.375 0.35791015625 0.384765625 0.3583984375 0.4013671875 0.35986328125 0.4140625
12 0.4306640625 0.40234375 0.43115234375 0.396484375 0.4287109375 0.3896484375 0.42529296875 0.3896484375 0.4248046875 0.3974609375 0.42724609375 0.404296875 0.427734375 0.4033203125 0.4306640625 0.40234375
3 0.44140625 0.4296875 0.43994140625 0.4248046875 0.43603515625 0.419921875 0.43115234375 0.421875 0.43017578125 0.42578125 0.43505859375 0.435546875 0.4375 0.4619140625 0.439453125 0.4658203125 0.443359375 0.4658203125 0.44384765625 0.44921875 0.44091796875 0.43359375 0.44140625 0.4296875
3 0.43408203125 0.4345703125 0.4287109375 0.419921875 0.4210831921875 0.42081925625 0.421875 0.421875 0.42626953125 0.4248046875 0.43115234375 0.439453125 0.43505859375 0.4599609375 0.4365234375 0.4794921875 0.4384765625 0.4794921875 0.43701171875 0.4609375 0.4365234375 0.4443359375 0.43994140625 0.4443359375 0.43994140625 0.435546875 0.43505859375 0.4345703125 0.43408203125 0.4345703125
3 0.42919921875 0.4677734375 0.42822265625 0.494140625 0.431640625 0.4892578125 0.43359375 0.4931640625 0.43701171875 0.4912109375 0.43701171875 0.484375 0.43701171875 0.4599609375 0.43505859375 0.4541015625 0.435546875 0.4482421875 0.4345703125 0.4443359375 0.43115234375 0.439453125 0.4287109375 0.4296875 0.4248046875 0.4248046875 0.41845703125 0.4208984375 0.423828125 0.4423828125 0.427734375 0.453125 0.42919921875 0.4677734375
3 0.42431640625 0.5068359375 0.4267578125 0.505859375 0.42822265625 0.4931640625 0.42919921875 0.48046875 0.4296875 0.46875 0.42919921875 0.4580078125 0.42822265625 0.4521484375 0.4287109375 0.4462890625 0.42431640625 0.4423828125 0.42333984375 0.435546875 0.419921875 0.421875 0.4150390625 0.4189453125 0.4052734375 0.4189453125 0.39794921875 0.4189453125 0.38525390625 0.4208984375 0.38330078125 0.421875 0.38427734375 0.4267578125 0.388671875 0.439453125 0.392578125 0.453125 0.39306640625 0.4677734375 0.39599609375 0.4814453125 0.3984375 0.5 0.41357421875 0.5 0.416015625 0.505859375 0.4189453125 0.509765625 0.42431640625 0.5068359375
3 0.35546875 0.421875 0.35888671875 0.43359375 0.36328125 0.44921875 0.3662109375 0.4638671875 0.36767578125 0.478515625 0.3701171875 0.4931640625 0.37158203125 0.50390625 0.37255859375 0.5205078125 0.37255859375 0.5380859375 0.39013671875 0.5341796875 0.38916015625 0.5205078125 0.390625 0.5205078125 0.392578125 0.5244140625 0.3974609375 0.5234375 0.400390625 0.517578125 0.400390625 0.5 0.39599609375 0.455078125 0.38623046875 0.435546875 0.3798828125 0.4189453125 0.3662109375 0.4150390625 0.35498046875 0.4150390625 0.35546875 0.421875
3 0.37255859375 0.48828125 0.36767578125 0.4580078125 0.35888671875 0.419921875 0.35498046875 0.412109375 0.34814453125 0.408203125 0.296875 0.41796875 0.29150390625 0.427734375 0.2880859375 0.4384765625 0.28466796875 0.453125 0.2822265625 0.453125 0.28125 0.4521484375 0.28076171875 0.4521484375 0.27880859375 0.453125 0.27783203125 0.4609375 0.2763671875 0.4658203125 0.27783203125 0.4697265625 0.279296875 0.47265625 0.2783203125 0.4755859375 0.27197265625 0.5 0.27197265625 0.50390625 0.2724609375 0.5185546875 0.2724609375 0.53515625 0.2744140625 0.5537109375 0.2744140625 0.564453125 0.2880859375 0.564453125 0.29345703125 0.5625 0.29443359375 0.55078125 0.29638671875 0.560546875 0.3037109375 0.5625 0.30810546875 0.548828125 0.33447265625 0.54296875 0.341796875 0.5419921875 0.34423828125 0.5595703125 0.34716796875 0.5595703125 0.35107421875 0.5595703125 0.3544921875 0.560546875 0.35791015625 0.560546875 0.3623046875 0.552734375 0.36185008125 0.5372777484375 0.36376953125 0.546875 0.369140625 0.5478515625 0.373046875 0.5458984375 0.37548828125 0.5380859375 0.37255859375 0.48828125
12 0.1318359375 0.2216796875 0.115234375 0.21484375 0.11474609375 0.21875 0.11328125 0.2666015625 0.13134765625 0.2724609375 0.1328125 0.228515625 0.1318359375 0.2216796875
12 0.138671875 0.333984375 0.142578125 0.3271484375 0.1435546875 0.3095703125 0.1435546875 0.291015625 0.14013671875 0.2685546875 0.1318359375 0.263671875 0.12939453125 0.267578125 0.12744140625 0.275390625 0.1259765625 0.298828125 0.12646484375 0.3076171875 0.13134765625 0.3310546875 0.138671875 0.333984375
12 0.4736328125 0.3857421875 0.47607421875 0.3818359375 0.4716796875 0.380859375 0.4697265625 0.3798828125 0.4697265625 0.3759765625 0.46533203125 0.375 0.46484375 0.38671875 0.4697265625 0.388671875 0.470703125 0.3857421875 0.4736328125 0.3857421875
12 0.53125 0.359375 0.5234375 0.359375 0.5234375 0.3916015625 0.53125 0.392578125 0.53173828125 0.369140625 0.53125 0.359375
3 0.48291015625 0.466796875 0.48291015625 0.46484375 0.4853515625 0.46484375 0.4873046875 0.47265625 0.48876953125 0.4697265625 0.49267578125 0.462890625 0.4931640625 0.4501953125 0.4970703125 0.44140625 0.50048828125 0.431640625 0.501953125 0.4228515625 0.49169921875 0.4208984375 0.48779296875 0.421875 0.48388671875 0.4267578125 0.48193359375 0.4345703125 0.4765625 0.453125 0.4765625 0.46484375 0.4794921875 0.4697265625 0.48095703125 0.4697265625 0.48291015625 0.466796875
3 0.49169921875 0.46875 0.49462890625 0.4697265625 0.49462890625 0.4638671875 0.498046875 0.46484375 0.49951171875 0.4658203125 0.5029296875 0.4716796875 0.50439453125 0.46875 0.50634765625 0.46484375 0.51025390625 0.46484375 0.51220703125 0.44140625 0.515625 0.42578125 0.51953125 0.4208984375 0.50048828125 0.421875 0.4912109375 0.4453125 0.48974609375 0.4580078125 0.48974609375 0.4638671875 0.49169921875 0.46875
3 0.51318359375 0.4697265625 0.513671875 0.462890625 0.515625 0.47265625 0.52099609375 0.4716796875 0.521484375 0.4677734375 0.52490234375 0.4677734375 0.5263671875 0.4716796875 0.52587890625 0.4765625 0.5361328125 0.4736328125 0.53759765625 0.4697265625 0.53662109375 0.451171875 0.54052734375 0.4404296875 0.54541015625 0.4287109375 0.5390625 0.419921875 0.53662109375 0.416015625 0.51953125 0.4169921875 0.51416015625 0.4248046875 0.5087890625 0.4521484375 0.50732421875 0.4619140625 0.509765625 0.4697265625 0.51318359375 0.4697265625
3 0.56103515625 0.4287109375 0.56005859375 0.421875 0.54736328125 0.4208984375 0.5419921875 0.4287109375 0.53955078125 0.4365234375 0.53564453125 0.4443359375 0.53369140625 0.458984375 0.533203125 0.4677734375 0.533203125 0.4755859375 0.53515625 0.478515625 0.5380859375 0.474609375 0.53955078125 0.48046875 0.5458984375 0.4833984375 0.54638671875 0.470703125 0.54638671875 0.4765625 0.5478515625 0.4736328125 0.55419921875 0.47265625 0.5546875 0.4560546875 0.556640625 0.443359375 0.56103515625 0.4287109375
3 0.55810546875 0.4921875 0.55908203125 0.4892578125 0.56201171875 0.4677734375 0.56396484375 0.4423828125 0.568359375 0.427734375 0.572265625 0.416015625 0.56201171875 0.416015625 0.552734375 0.44921875 0.55078125 0.4814453125 0.55224609375 0.48828125 0.55810546875 0.4921875
3 0.55908203125 0.5 0.56298828125 0.50390625 0.56689453125 0.5048828125 0.5712890625 0.5048828125 0.5712890625 0.49609375 0.57470703125 0.494140625 0.57568359375 0.478515625 0.5751953125 0.4697265625 0.57666015625 0.4541015625 0.58251953125 0.4453125 0.5869140625 0.4287109375 0.59033203125 0.41796875 0.6005859375 0.4169921875 0.60693359375 0.416015625 0.599609375 0.4130859375 0.58740234375 0.4130859375 0.57421875 0.4111328125 0.56298828125 0.4404296875 0.56005859375 0.4638671875 0.55908203125 0.490234375 0.55908203125 0.5
3 0.5712890625 0.48046875 0.5712890625 0.494140625 0.57177734375 0.5009765625 0.57470703125 0.5146484375 0.57958984375 0.5146484375 0.58056640625 0.5205078125 0.58935546875 0.5224609375 0.59228515625 0.525390625 0.59228515625 0.5126953125 0.59912109375 0.5126953125 0.60498046875 0.5107421875 0.60498046875 0.486328125 0.60986328125 0.4697265625 0.62060546875 0.4267578125 0.62353515625 0.421875 0.6240234375 0.4111328125 0.61279296875 0.4130859375 0.5859375 0.419921875 0.5791015625 0.4453125 0.572265625 0.4609375 0.5712890625 0.48046875
3 0.61328125 0.556640625 0.615234375 0.5390625 0.61572265625 0.5673828125 0.61865234375 0.572265625 0.6201171875 0.5673828125 0.62158203125 0.552734375 0.62158203125 0.5244140625 0.62158203125 0.4951171875 0.6220703125 0.4697265625 0.62744140625 0.44140625 0.630859375 0.421875 0.62255859375 0.427734375 0.61865234375 0.42578125 0.61181640625 0.4462890625 0.607421875 0.4453125 0.603515625 0.4453125 0.60009765625 0.4501953125 0.59814453125 0.458984375 0.60400390625 0.462890625 0.607421875 0.462890625 0.60498046875 0.4755859375 0.6025390625 0.486328125 0.60205078125 0.5009765625 0.6005859375 0.5224609375 0.6005859375 0.541015625 0.60205078125 0.5576171875 0.60302734375 0.556640625 0.61328125 0.556640625
12 0.64013671875 0.3349609375 0.640625 0.3486328125 0.6484375 0.34765625 0.6494140625 0.3349609375 0.64013671875 0.3349609375
3 0.623046875 0.41796875 0.623046875 0.4345703125 0.62548828125 0.4375 0.62646484375 0.4423828125 0.62451171875 0.447265625 0.62255859375 0.4599609375 0.6201171875 0.4775390625 0.6162109375 0.494140625 0.61572265625 0.505859375 0.615234375 0.517578125 0.615234375 0.5361328125 0.615234375 0.5478515625 0.61572265625 0.5576171875 0.61572265625 0.5771484375 0.619140625 0.583984375 0.62548828125 0.587890625 0.63232421875 0.587890625 0.6376953125 0.587890625 0.6376953125 0.5810546875 0.6376953125 0.576171875 0.6455078125 0.580078125 0.6455078125 0.5927734375 0.6455078125 0.6103515625 0.6513671875 0.6279296875 0.67919921875 0.6279296875 0.68505859375 0.6044921875 0.6884765625 0.599609375 0.77099609375 0.5966796875 0.78369140625 0.5908203125 0.80126953125 0.525390625 0.802734375 0.4970703125 0.81689453125 0.484375 0.80078125 0.3291015625 0.79833984375 0.322265625 0.724609375 0.3125 0.6796875 0.3134765625 0.67041015625 0.314453125 0.65380859375 0.3251953125 0.6474609375 0.3369140625 0.63232421875 0.3974609375 0.626953125 0.400390625 0.623046875 0.40234375 0.623046875 0.41796875
8 0.8095703125 0.419921875 0.81103515625 0.4326171875 0.81396484375 0.4404296875 0.8154296875 0.44140625 0.81591796875 0.4658203125 0.81640625 0.4755859375 0.81689453125 0.48828125 0.82177734375 0.48828125 0.830078125 0.484375 0.83935546875 0.466796875 0.8447265625 0.4609375 0.84765625 0.4384765625 0.85205078125 0.4296875 0.8515625 0.4033203125 0.84765625 0.3876953125 0.8388671875 0.3740234375 0.83447265625 0.3720703125 0.83349609375 0.3662109375 0.83544921875 0.357421875 0.83203125 0.341796875 0.82568359375 0.341796875 0.82080078125 0.345703125 0.81787109375 0.359375 0.82080078125 0.375 0.81396484375 0.3876953125 0.80810546875 0.412109375 0.8095703125 0.419921875
3 0.796875 0.4853515625 0.7958984375 0.5244140625 0.79248046875 0.541015625 0.7861328125 0.5576171875 0.78271484375 0.5654296875 0.77783203125 0.576171875 0.77490234375 0.5947265625 0.77587890625 0.615234375 0.7763671875 0.64453125 0.7763671875 0.669921875 0.78076171875 0.70703125 0.7841796875 0.7236328125 0.783203125 0.75390625 0.7841796875 0.7783203125 0.794921875 0.794921875 0.80810546875 0.80078125 0.82080078125 0.8017578125 0.82421875 0.7900390625 0.81982421875 0.7421875 0.90087890625 0.830078125 0.90966796875 0.83984375 0.91259765625 0.8779296875 0.9189453125 0.916015625 0.9326171875 0.9599609375 0.95068359375 0.9765625 0.970703125 0.9833984375 0.99560546875 0.9873046875 0.99951171875 0.986328125 0.99951171875 0.3369140625 0.98046875 0.3388671875 0.94482421875 0.3427734375 0.91015625 0.3505859375 0.89794921875 0.3603515625 0.82373046875 0.4716796875 0.80126953125 0.4794921875 0.796875 0.4853515625
3 0 0.7890625 0.0048828125 0.7880859375 0.0224609375 0.783203125 0.04443359375 0.771484375 0.06494140625 0.7587890625 0.06689453125 0.7646484375 0.07177734375 0.79296875 0.08642578125 0.7978515625 0.099609375 0.7939453125 0.10986328125 0.783203125 0.1142578125 0.7578125 0.1142578125 0.7353515625 0.1142578125 0.712890625 0.12646484375 0.701171875 0.13671875 0.693359375 0.15673828125 0.6787109375 0.1669921875 0.6748046875 0.1708984375 0.693359375 0.177734375 0.708984375 0.1865234375 0.7119140625 0.19482421875 0.7109375 0.203125 0.7080078125 0.20556640625 0.689453125 0.20703125 0.6591796875 0.20703125 0.6376953125 0.20849609375 0.611328125 0.2080078125 0.5927734375 0.2080078125 0.578125 0.2001953125 0.490234375 0.16943359375 0.421875 0.1494140625 0.4130859375 0.03271484375 0.41015625 0.01416015625 0.41796875 0 0.4287109375 0 0.7890625
10 0.443359375 0.4111328125 0.439453125 0.4404296875 0.43798828125 0.451171875 0.44140625 0.458984375 0.44287109375 0.4697265625 0.44287109375 0.48046875 0.447265625 0.482421875 0.447265625 0.4697265625 0.44970703125 0.4619140625 0.45263671875 0.486328125 0.45361328125 0.5029296875 0.45751953125 0.5029296875 0.45849609375 0.49609375 0.45556640625 0.48046875 0.45849609375 0.4658203125 0.4580078125 0.451171875 0.4580078125 0.439453125 0.4599609375 0.4365234375 0.45556640625 0.4150390625 0.45166015625 0.3974609375 0.447265625 0.4013671875 0.4453125 0.4091796875 0.443359375 0.4111328125
0 0.4462890625 0.4775390625 0.4462890625 0.484375 0.447265625 0.4873046875 0.44775390625 0.494140625 0.44873046875 0.5 0.4501953125 0.509765625 0.45166015625 0.5087890625 0.45166015625 0.4951171875 0.45166015625 0.48828125 0.45166015625 0.4833984375 0.45166015625 0.482421875 0.45166015625 0.48046875 0.451171875 0.478515625 0.45068359375 0.4697265625 0.4501953125 0.46484375 0.4501953125 0.4599609375 0.4501953125 0.458984375 0.44970703125 0.453125 0.44873046875 0.44921875 0.4462890625 0.45703125 0.44580078125 0.46875 0.44580078125 0.47265625 0.4462890625 0.4775390625
12 0.640625 0.2998046875 0.64794921875 0.302734375 0.6533203125 0.296875 0.65478515625 0.28515625 0.6533203125 0.271484375 0.646484375 0.265625 0.6396484375 0.26953125 0.63671875 0.27734375 0.63671875 0.2900390625 0.640625 0.2998046875
12 0.65283203125 0.3037109375 0.64013671875 0.3046875 0.638671875 0.31640625 0.65234375 0.31640625 0.65283203125 0.3037109375
12 0.64013671875 0.33203125 0.65234375 0.33203125 0.65234375 0.3193359375 0.6396484375 0.3193359375 0.64013671875 0.33203125
12 0.10693359375 0.27734375 0.083984375 0.27734375 0.08251953125 0.2900390625 0.10693359375 0.2900390625 0.10693359375 0.27734375