14 0.98974609375 0.0478515625 0.98291015625 0.048828125 0.98095703125 0.060546875 0.98486328125 0.0693359375 0.97802734375 0.072265625 0.97705078125 0.0869140625 0.9755859375 0.0908203125 0.966796875 0.1064453125 0.96240234375 0.1162109375 0.9755859375 0.1171875 0.9755859375 0.12109375 0.98388671875 0.1259765625 0.984375 0.1328125 0.9814453125 0.140625 0.9833984375 0.150390625 0.98193359375 0.162109375 0.97607421875 0.1669921875 0.9716796875 0.173828125 0.984375 0.2119140625 0.978515625 0.2255859375 0.97412109375 0.234375 0.97509765625 0.2421875 0.982421875 0.2548828125 0.99365234375 0.2607421875 0.99853515625 0.2685546875 0.9931640625 0.27734375 0.99951171875 0.2841796875 0.99951171875 0.01953125 0.99609375 0.0166015625 0.99560546875 0.03125 0.9931640625 0.0322265625 0.99267578125 0.0458984375 0.98974609375 0.0478515625
14 0 0.3212890625 0.00048828125 0.3212890625 0.0078125 0.3193359375 0.0126953125 0.30859375 0.017578125 0.30859375 0.021484375 0.32421875 0.02783203125 0.3232421875 0.03369140625 0.31640625 0.03662109375 0.302734375 0.04052734375 0.2890625 0.041015625 0.2763671875 0.0361328125 0.27734375 0.0302734375 0.275390625 0.02783203125 0.2666015625 0.0244140625 0.259765625 0.025390625 0.2490234375 0.01806640625 0.2529296875 0.01025390625 0.25390625 0 0.251953125 0 0.3212890625
14 0.53173828125 0.353515625 0.53759765625 0.3466796875 0.54345703125 0.337890625 0.5458984375 0.3349609375 0.5478515625 0.328125 0.54833984375 0.3203125 0.54833984375 0.3115234375 0.548828125 0.30078125 0.54833984375 0.294921875 0.546875 0.2783203125 0.54541015625 0.2724609375 0.5458984375 0.26171875 0.548828125 0.2490234375 0.55029296875 0.2392578125 0.55224609375 0.2275390625 0.5546875 0.212890625 0.5556640625 0.2001953125 0.55419921875 0.1904296875 0.5498046875 0.173828125 0.5478515625 0.173828125 0.54541015625 0.16796875 0.53955078125 0.16796875 0.53515625 0.158203125 0.5302734375 0.1533203125 0.5263671875 0.1494140625 0.52197265625 0.1435546875 0.5185546875 0.1396484375 0.51611328125 0.12890625 0.513671875 0.126953125 0.51123046875 0.1318359375 0.50927734375 0.1259765625 0.505859375 0.1142578125 0.5 0.1142578125 0.4951171875 0.103515625 0.486328125 0.1064453125 0.48583984375 0.115234375 0.48486328125 0.12109375 0.48046875 0.1240234375 0.4775390625 0.12890625 0.47412109375 0.1240234375 0.4697265625 0.1259765625 0.46826171875 0.130859375 0.46484375 0.1328125 0.466796875 0.1201171875 0.46044921875 0.1171875 0.45654296875 0.1201171875 0.4541015625 0.12890625 0.44873046875 0.126953125 0.44677734375 0.134765625 0.44482421875 0.1416015625 0.44189453125 0.140625 0.44189453125 0.146484375 0.4384765625 0.154296875 0.4365234375 0.1513671875 0.43359375 0.14453125 0.42822265625 0.140625 0.42431640625 0.138671875 0.42041015625 0.1533203125 0.42236328125 0.1591796875 0.41845703125 0.1591796875 0.416015625 0.1650390625 0.4130859375 0.1748046875 0.41162109375 0.1826171875 0.4140625 0.193359375 0.412109375 0.19921875 0.41455078125 0.20703125 0.41015625 0.2138671875 0.404296875 0.216796875 0.396484375 0.2275390625 0.3955078125 0.2236328125 0.39306640625 0.2158203125 0.3916015625 0.2060546875 0.38671875 0.1884765625 0.3818359375 0.1904296875 0.37939453125 0.18359375 0.37353515625 0.181640625 0.3701171875 0.1923828125 0.36572265625 0.18359375 0.35693359375 0.19921875 0.34521484375 0.1923828125 0.33837890625 0.1826171875 0.333984375 0.1865234375 0.32861328125 0.1982421875 0.32568359375 0.1953125 0.32080078125 0.1923828125 0.3193359375 0.19921875 0.302734375 0.201171875 0.298828125 0.205078125 0.29638671875 0.212890625 0.29541015625 0.2197265625 0.29638671875 0.2353515625 0.294921875 0.248046875 0.29345703125 0.2431640625 0.291015625 0.236328125 0.28076171875 0.23828125 0.28173828125 0.25 0.28076171875 0.2568359375 0.283203125 0.2666015625 0.28125 0.2705078125 0.2783203125 0.2783203125 0.2783203125 0.2880859375 0.2783203125 0.2978515625 0.28173828125 0.302734375 0.28759765625 0.361328125 0.4384765625 0.3671875 0.52490234375 0.3662109375 0.53173828125 0.353515625
12 0.8271484375 0.275390625 0.8291015625 0.291015625 0.83447265625 0.2939453125 0.833984375 0.2529296875 0.8291015625 0.26171875 0.8271484375 0.275390625
12 0.982421875 0.21484375 0.98095703125 0.2099609375 0.9580078125 0.2158203125 0.9580078125 0.23046875 0.982421875 0.2265625 0.982421875 0.21484375
3 0 0.4951171875 0.01123046875 0.4931640625 0.017578125 0.4873046875 0.021484375 0.4775390625 0.02587890625 0.4892578125 0.033203125 0.4931640625 0.0390625 0.4892578125 0.04638671875 0.4794921875 0.04931640625 0.4677734375 0.0615234375 0.4658203125 0.0615234375 0.451171875 0.06689453125 0.4423828125 0.0654296875 0.41796875 0 0.396484375 0 0.4951171875
12 0.77392578125 0.201171875 0.77197265625 0.201171875 0.75537109375 0.20703125 0.75537109375 0.224609375 0.7900390625 0.2119140625 0.7900390625 0.1943359375 0.77392578125 0.201171875
12 0.8046875 0.265625 0.79638671875 0.25 0.787109375 0.2490234375 0.78125 0.2646484375 0.7861328125 0.2939453125 0.79296875 0.30078125 0.79931640625 0.2939453125 0.8046875 0.283203125 0.8046875 0.265625
12 0.80517578125 0.2978515625 0.78515625 0.296875 0.7841796875 0.3212890625 0.80419921875 0.3212890625 0.80517578125 0.2978515625
8 0.08447265625 0.384765625 0.0859375 0.388671875 0.08837890625 0.388671875 0.0888671875 0.384765625 0.08837890625 0.380859375 0.0888671875 0.376953125 0.08935546875 0.37109375 0.08935546875 0.3662109375 0.08837890625 0.357421875 0.08740234375 0.3544921875 0.0869140625 0.353515625 0.0869140625 0.349609375 0.08544921875 0.3486328125 0.08447265625 0.34765625 0.08349609375 0.3486328125 0.0830078125 0.349609375 0.0830078125 0.353515625 0.08251953125 0.35546875 0.0810546875 0.3583984375 0.08203125 0.369140625 0.08251953125 0.3720703125 0.08349609375 0.37890625 0.08447265625 0.384765625
8 0.07763671875 0.3818359375 0.07763671875 0.3701171875 0.07568359375 0.3623046875 0.07373046875 0.3583984375 0.07275390625 0.357421875 0.0712890625 0.3525390625 0.06787109375 0.3505859375 0.06689453125 0.353515625 0.06689453125 0.3583984375 0.06640625 0.37109375 0.06591796875 0.3798828125 0.06591796875 0.3916015625 0.06982421875 0.3916015625 0.07568359375 0.3876953125 0.07763671875 0.3818359375
12 0.099609375 0.423828125 0.09375 0.3876953125 0.08740234375 0.3798828125 0.07861328125 0.380859375 0.07080078125 0.388671875 0.064453125 0.4052734375 0.0634765625 0.421875 0.06689453125 0.44921875 0.0732421875 0.458984375 0.07861328125 0.46484375 0.09033203125 0.462890625 0.099609375 0.4521484375 0.099609375 0.423828125
8 0.19677734375 0.4833984375 0.2060546875 0.5947265625 0.20068359375 0.607421875 0.19189453125 0.6123046875 0.19091796875 0.6220703125 0.2021484375 0.6220703125 0.224609375 0.60546875 0.23193359375 0.5908203125 0.23876953125 0.5732421875 0.23388671875 0.5673828125 0.220703125 0.5478515625 0.21923828125 0.5361328125 0.2177734375 0.515625 0.2216796875 0.484375 0.2275390625 0.46484375 0.22998046875 0.4384765625 0.22705078125 0.408203125 0.22607421875 0.3779296875 0.228515625 0.34765625 0.21826171875 0.302734375 0.2119140625 0.2744140625 0.205078125 0.2685546875 0.19677734375 0.2724609375 0.19287109375 0.291015625 0.20166015625 0.32421875 0.20166015625 0.33203125 0.197265625 0.341796875 0.18994140625 0.3828125 0.19873046875 0.4599609375 0.19677734375 0.4833984375
14 0.12646484375 0.3857421875 0.126953125 0.4150390625 0.1298828125 0.4140625 0.126953125 0.384765625 0.130859375 0.3837890625 0.13623046875 0.3720703125 0.13037109375 0.3603515625 0.125 0.3564453125 0.12109375 0.3642578125 0.12060546875 0.3681640625 0.11767578125 0.3818359375 0.12646484375 0.3857421875
8 0.087890625 0.46484375 0.0908203125 0.4697265625 0.09521484375 0.4697265625 0.09912109375 0.45703125 0.10498046875 0.4755859375 0.10693359375 0.4892578125 0.10302734375 0.513671875 0.09765625 0.548828125 0.0927734375 0.5693359375 0.09716796875 0.580078125 0.10546875 0.5859375 0.11376953125 0.587890625 0.1201171875 0.5830078125 0.1181640625 0.5791015625 0.11181640625 0.572265625 0.10791015625 0.5634765625 0.109375 0.5498046875 0.1123046875 0.525390625 0.11767578125 0.509765625 0.12158203125 0.5 0.12353515625 0.4853515625 0.1201171875 0.4638671875 0.12109375 0.44140625 0.12109375 0.4189453125 0.1240234375 0.4306640625 0.1240234375 0.4501953125 0.12158203125 0.458984375 0.12548828125 0.4560546875 0.12841796875 0.4501953125 0.12939453125 0.439453125 0.12841796875 0.421875 0.123046875 0.3955078125 0.12548828125 0.3828125 0.12353515625 0.3671875 0.12060546875 0.3505859375 0.1201171875 0.341796875 0.11376953125 0.3330078125 0.115234375 0.32421875 0.119140625 0.32421875 0.119140625 0.3115234375 0.11865234375 0.2978515625 0.11669921875 0.287109375 0.10595703125 0.28125 0.099609375 0.28515625 0.095703125 0.306640625 0.09521484375 0.322265625 0.09033203125 0.3486328125 0.09033203125 0.4052734375 0.09375 0.4287109375 0.0908203125 0.4482421875 0.087890625 0.46484375
8 0.15380859375 0.275390625 0.1484375 0.275390625 0.1455078125 0.27734375 0.14306640625 0.28125 0.14111328125 0.2861328125 0.140625 0.291015625 0.14111328125 0.2998046875 0.1416015625 0.3056640625 0.1416015625 0.3095703125 0.140625 0.3134765625 0.138671875 0.318359375 0.1357421875 0.322265625 0.1328125 0.32421875 0.13134765625 0.330078125 0.1298828125 0.3359375 0.12939453125 0.341796875 0.1298828125 0.353515625 0.13037109375 0.3583984375 0.130859375 0.3671875 0.1318359375 0.3740234375 0.13525390625 0.396484375 0.13427734375 0.4072265625 0.134765625 0.419921875 0.13525390625 0.4365234375 0.13916015625 0.4501953125 0.142578125 0.462890625 0.14453125 0.4697265625 0.14501953125 0.4765625 0.1474609375 0.4892578125 0.14306640625 0.4990234375 0.142578125 0.50390625 0.14111328125 0.5126953125 0.138671875 0.53125 0.13720703125 0.53515625 0.1357421875 0.5380859375 0.13427734375 0.5400390625 0.1328125 0.5439453125 0.130859375 0.5498046875 0.1298828125 0.552734375 0.13037109375 0.556640625 0.134765625 0.5625 0.13671875 0.5673828125 0.13818359375 0.5693359375 0.14013671875 0.5712890625 0.14501953125 0.5712890625 0.154296875 0.5732421875 0.1572265625 0.578125 0.16015625 0.5791015625 0.16259765625 0.580078125 0.16552734375 0.576171875 0.166015625 0.572265625 0.1640625 0.5693359375 0.1611328125 0.568359375 0.16015625 0.5625 0.15625 0.5390625 0.16552734375 0.431640625 0.15576171875 0.3310546875 0.15380859375 0.3291015625 0.15283203125 0.32421875 0.1533203125 0.3212890625 0.15576171875 0.3212890625 0.15673828125 0.31640625 0.1572265625 0.3125 0.1591796875 0.310546875 0.16015625 0.306640625 0.16064453125 0.3017578125 0.16064453125 0.2939453125 0.16162109375 0.2880859375 0.1611328125 0.2783203125 0.16064453125 0.2783203125 0.158203125 0.27734375 0.15380859375 0.275390625
8 0.1376953125 0.369140625 0.13623046875 0.37890625 0.13037109375 0.37890625 0.13037109375 0.3828125 0.134765625 0.384765625 0.13671875 0.388671875 0.1416015625 0.3857421875 0.14453125 0.384765625 0.1484375 0.390625 0.138671875 0.4140625 0.134765625 0.4208984375 0.12939453125 0.4248046875 0.1298828125 0.443359375 0.13525390625 0.4482421875 0.138671875 0.4453125 0.1455078125 0.42578125 0.15087890625 0.41015625 0.15380859375 0.4091796875 0.1552734375 0.419921875 0.15625 0.43359375 0.15478515625 0.4482421875 0.15966796875 0.44921875 0.158203125 0.462890625 0.15087890625 0.4931640625 0.14892578125 0.5009765625 0.14697265625 0.515625 0.14697265625 0.5322265625 0.1455078125 0.548828125 0.142578125 0.560546875 0.140625 0.5703125 0.13330078125 0.59765625 0.12744140625 0.6103515625 0.1201171875 0.6142578125 0.1171875 0.6123046875 0.10986328125 0.6123046875 0.109375 0.6201171875 0.11376953125 0.630859375 0.12060546875 0.634765625 0.12646484375 0.6357421875 0.13671875 0.646484375 0.142578125 0.6416015625 0.14404296875 0.6259765625 0.15673828125 0.580078125 0.158203125 0.5712890625 0.15966796875 0.5625 0.16650390625 0.5302734375 0.173828125 0.4990234375 0.17822265625 0.4873046875 0.1865234375 0.52734375 0.19140625 0.53515625 0.1962890625 0.546875 0.2080078125 0.59765625 0.20849609375 0.619140625 0.205078125 0.630859375 0.1904296875 0.6357421875 0.18701171875 0.642578125 0.18994140625 0.650390625 0.201171875 0.650390625 0.2177734375 0.6455078125 0.22705078125 0.6416015625 0.22607421875 0.6123046875 0.21923828125 0.564453125 0.20947265625 0.5263671875 0.2021484375 0.4990234375 0.19970703125 0.4794921875 0.19775390625 0.462890625 0.2001953125 0.443359375 0.20263671875 0.443359375 0.2041015625 0.4287109375 0.203125 0.41015625 0.201171875 0.390625 0.19677734375 0.37109375 0.19775390625 0.3583984375 0.19775390625 0.3359375 0.1982421875 0.3115234375 0.19580078125 0.287109375 0.19091796875 0.2744140625 0.18408203125 0.265625 0.18359375 0.26171875 0.1806640625 0.2548828125 0.17919921875 0.2451171875 0.1767578125 0.2197265625 0.17041015625 0.2119140625 0.1630859375 0.2109375 0.154296875 0.2177734375 0.15478515625 0.2265625 0.15478515625 0.2373046875 0.15380859375 0.2451171875 0.15478515625 0.25 0.15625 0.2666015625 0.162109375 0.2763671875 0.1611328125 0.2939453125 0.16162109375 0.30078125 0.1591796875 0.3076171875 0.1572265625 0.3173828125 0.15625 0.330078125 0.154296875 0.3427734375 0.1513671875 0.3583984375 0.1513671875 0.3671875 0.14501953125 0.365234375 0.1416015625 0.3642578125 0.1376953125 0.369140625
8 0.2763671875 0.4716796875 0.27490234375 0.5390625 0.26708984375 0.541015625 0.26513671875 0.5478515625 0.2744140625 0.5556640625 0.26708984375 0.564453125 0.2744140625 0.5712890625 0.28466796875 0.5703125 0.29345703125 0.5693359375 0.28564453125 0.521484375 0.29736328125 0.4814453125 0.3115234375 0.5234375 0.3115234375 0.5556640625 0.3115234375 0.5732421875 0.31884765625 0.564453125 0.32568359375 0.5556640625 0.33154296875 0.51953125 0.31787109375 0.4951171875 0.31103515625 0.4765625 0.31103515625 0.47265625 0.3076171875 0.4658203125 0.30615234375 0.4521484375 0.30859375 0.44140625 0.30615234375 0.4208984375 0.31201171875 0.4169921875 0.3134765625 0.41015625 0.310546875 0.3935546875 0.31103515625 0.3828125 0.310546875 0.3671875 0.31103515625 0.345703125 0.3095703125 0.326171875 0.30615234375 0.3134765625 0.30029296875 0.2998046875 0.30029296875 0.2880859375 0.2978515625 0.2744140625 0.29296875 0.263671875 0.2861328125 0.263671875 0.28173828125 0.2734375 0.2822265625 0.2880859375 0.28662109375 0.30078125 0.28173828125 0.3095703125 0.27783203125 0.3125 0.27490234375 0.3232421875 0.27587890625 0.34375 0.2705078125 0.33203125 0.265625 0.337890625 0.2685546875 0.3447265625 0.27587890625 0.3642578125 0.26953125 0.388671875 0.2685546875 0.40234375 0.26904296875 0.4638671875 0.2763671875 0.4716796875
8 0.32177734375 0.458984375 0.3212890625 0.4931640625 0.3271484375 0.501953125 0.326171875 0.525390625 0.3271484375 0.548828125 0.31982421875 0.5546875 0.31787109375 0.5625 0.3388671875 0.564453125 0.3388671875 0.5087890625 0.34033203125 0.5087890625 0.34521484375 0.5224609375 0.35107421875 0.5263671875 0.3505859375 0.544921875 0.3466796875 0.5546875 0.349609375 0.55859375 0.35791015625 0.55078125 0.36181640625 0.533203125 0.365234375 0.5185546875 0.36083984375 0.5107421875 0.3525390625 0.4990234375 0.34375 0.4814453125 0.337890625 0.4755859375 0.341796875 0.45703125 0.34765625 0.44140625 0.3525390625 0.44140625 0.3515625 0.3876953125 0.35205078125 0.37109375 0.349609375 0.353515625 0.345703125 0.333984375 0.33837890625 0.322265625 0.33740234375 0.3095703125 0.33740234375 0.2978515625 0.33447265625 0.28515625 0.32861328125 0.2783203125 0.32275390625 0.28125 0.31787109375 0.291015625 0.31591796875 0.30859375 0.3212890625 0.326171875 0.3193359375 0.34765625 0.3154296875 0.369140625 0.31884765625 0.3798828125 0.31591796875 0.3974609375 0.3154296875 0.4375 0.31982421875 0.44140625 0.32177734375 0.458984375
8 0.62646484375 0.4140625 0.626953125 0.3974609375 0.62841796875 0.3896484375 0.63037109375 0.3828125 0.63037109375 0.41015625 0.634765625 0.41015625 0.63330078125 0.4013671875 0.63525390625 0.3798828125 0.63671875 0.388671875 0.638671875 0.412109375 0.642578125 0.408203125 0.642578125 0.4013671875 0.640625 0.4013671875 0.6416015625 0.3740234375 0.64501953125 0.376953125 0.6455078125 0.408203125 0.64990234375 0.4130859375 0.6494140625 0.4052734375 0.6494140625 0.396484375 0.64990234375 0.3896484375 0.65234375 0.3779296875 0.65380859375 0.3671875 0.65478515625 0.3662109375 0.65576171875 0.361328125 0.65576171875 0.349609375 0.654296875 0.33984375 0.64990234375 0.33203125 0.6494140625 0.3349609375 0.6494140625 0.33203125 0.6484375 0.3369140625 0.6474609375 0.3310546875 0.6455078125 0.33203125 0.64013671875 0.3291015625 0.63671875 0.3232421875 0.6357421875 0.3173828125 0.634765625 0.3134765625 0.63232421875 0.3134765625 0.63037109375 0.318359375 0.6298828125 0.3251953125 0.62451171875 0.322265625 0.62255859375 0.3203125 0.6201171875 0.3212890625 0.61865234375 0.326171875 0.61572265625 0.3232421875 0.6142578125 0.3251953125 0.61328125 0.337890625 0.60986328125 0.3447265625 0.6083984375 0.3505859375 0.609375 0.359375 0.61279296875 0.3740234375 0.61376953125 0.3994140625 0.6142578125 0.4072265625 0.61572265625 0.4130859375 0.62646484375 0.4140625
8 0.6201171875 0.3212890625 0.61865234375 0.326171875 0.61572265625 0.3232421875 0.6142578125 0.3251953125 0.61328125 0.337890625 0.6123046875 0.3408203125 0.611328125 0.3544921875 0.61279296875 0.373046875 0.61279296875 0.3740234375 0.61279296875 0.376953125 0.615234375 0.4091796875 0.619140625 0.4130859375 0.623046875 0.4140625 0.62451171875 0.412109375 0.6259765625 0.376953125 0.62744140625 0.3623046875 0.6298828125 0.3603515625 0.62939453125 0.353515625 0.62841796875 0.3466796875 0.62646484375 0.341796875 0.625 0.3349609375 0.62548828125 0.328125 0.625 0.322265625 0.62451171875 0.322265625 0.62255859375 0.3203125 0.6201171875 0.3212890625
8 0.71240234375 0.4140625 0.7060546875 0.40625 0.70751953125 0.3935546875 0.7099609375 0.3818359375 0.7099609375 0.3759765625 0.71044921875 0.359375 0.71044921875 0.3349609375 0.71240234375 0.31640625 0.70849609375 0.3056640625 0.708984375 0.302734375 0.70947265625 0.29296875 0.70654296875 0.2900390625 0.703125 0.2939453125 0.7021484375 0.3046875 0.69482421875 0.31640625 0.689453125 0.3291015625 0.697265625 0.3408203125 0.69775390625 0.376953125 0.69775390625 0.3896484375 0.701171875 0.4130859375 0.71240234375 0.4140625
8 0.71826171875 0.4140625 0.7216796875 0.4169921875 0.72216796875 0.41015625 0.72265625 0.4033203125 0.72412109375 0.3955078125 0.7255859375 0.388671875 0.7265625 0.4140625 0.7314453125 0.4150390625 0.734375 0.4130859375 0.73046875 0.4072265625 0.7314453125 0.390625 0.7333984375 0.373046875 0.73193359375 0.3466796875 0.74169921875 0.34375 0.740234375 0.3779296875 0.74267578125 0.3818359375 0.7431640625 0.3955078125 0.74267578125 0.4052734375 0.740234375 0.4091796875 0.73876953125 0.4150390625 0.744140625 0.404296875 0.7451171875 0.40625 0.75390625 0.412109375 0.751953125 0.4072265625 0.7509765625 0.39453125 0.75 0.380859375 0.75146484375 0.3701171875 0.75341796875 0.3544921875 0.75244140625 0.345703125 0.751953125 0.3349609375 0.751953125 0.328125 0.75146484375 0.3212890625 0.74755859375 0.3125 0.74560546875 0.310546875 0.74462890625 0.302734375 0.740234375 0.30078125 0.73779296875 0.30859375 0.74072265625 0.3173828125 0.73974609375 0.322265625 0.73779296875 0.3330078125 0.73486328125 0.3359375 0.73291015625 0.328125 0.7314453125 0.3173828125 0.732421875 0.3115234375 0.72998046875 0.30078125 0.72509765625 0.302734375 0.72216796875 0.3134765625 0.72119140625 0.3193359375 0.7177734375 0.326171875 0.716796875 0.33984375 0.7197265625 0.3544921875 0.72021484375 0.3642578125 0.72021484375 0.37109375 0.7197265625 0.3798828125 0.71923828125 0.3935546875 0.71923828125 0.4052734375 0.71826171875 0.4140625
12 0.95361328125 0.21484375 0.98046875 0.2099609375 0.98095703125 0.1748046875 0.95361328125 0.17578125 0.95361328125 0.21484375
12 0.82275390625 0.173828125 0.79248046875 0.171875 0.7919921875 0.1875 0.8232421875 0.1875 0.82275390625 0.173828125
12 0.80908203125 0.0947265625 0.791015625 0.095703125 0.7900390625 0.1201171875 0.80908203125 0.12109375 0.80908203125 0.0947265625
12 0.80029296875 0.12109375 0.78564453125 0.123046875 0.7880859375 0.146484375 0.80126953125 0.1455078125 0.80029296875 0.12109375
12 0.638671875 0.2802734375 0.63720703125 0.263671875 0.6318359375 0.251953125 0.62548828125 0.25390625 0.62109375 0.263671875 0.62060546875 0.2802734375 0.62451171875 0.2900390625 0.62890625 0.294921875 0.6357421875 0.291015625 0.638671875 0.2802734375
12 0.60498046875 0.2451171875 0.603515625 0.2314453125 0.59912109375 0.2265625 0.59423828125 0.23046875 0.5908203125 0.2412109375 0.5927734375 0.26171875 0.59912109375 0.263671875 0.6025390625 0.259765625 0.60498046875 0.2451171875
12 0.609375 0.271484375 0.603515625 0.2646484375 0.59765625 0.2705078125 0.5947265625 0.2841796875 0.599609375 0.294921875 0.60791015625 0.291015625 0.61181640625 0.283203125 0.609375 0.271484375
12 0.4140625 0.2568359375 0.41455078125 0.3056640625 0.4404296875 0.306640625 0.43994140625 0.2568359375 0.4140625 0.2568359375
12 0.4130859375 0.23046875 0.4140625 0.2705078125 0.4404296875 0.26953125 0.4404296875 0.2314453125 0.4130859375 0.23046875
12 0.248046875 0.34765625 0.25439453125 0.3486328125 0.25048828125 0.3359375 0.248046875 0.34765625
11 0.92431640625 0.1142578125 0.919921875 0.115234375 0.91845703125 0.12109375 0.91650390625 0.1318359375 0.91748046875 0.1435546875 0.91796875 0.1552734375 0.9169921875 0.171875 0.9150390625 0.18359375 0.91845703125 0.19140625 0.92138671875 0.2138671875 0.93017578125 0.2255859375 0.93408203125 0.107421875 0.92431640625 0.1083984375 0.92431640625 0.1142578125
11 0.7919921875 0.1650390625 0.7958984375 0.16015625 0.7958984375 0.1220703125 0.794921875 0.001953125 0.77001953125 0 0.76953125 0.01953125 0.76318359375 0.0224609375 0.76318359375 0.0283203125 0.7607421875 0.03515625 0.7451171875 0.0390625 0.7421875 0.046875 0.7421875 0.0634765625 0.7451171875 0.064453125 0.759765625 0.0703125 0.75927734375 0.0830078125 0.7431640625 0.08984375 0.74267578125 0.095703125 0.74365234375 0.111328125 0.76025390625 0.1181640625 0.76025390625 0.119140625 0.76025390625 0.1298828125 0.74853515625 0.1318359375 0.74462890625 0.134765625 0.7431640625 0.142578125 0.7431640625 0.158203125 0.76025390625 0.1650390625 0.7607421875 0.173828125 0.76611328125 0.173828125 0.7666015625 0.1796875 0.77197265625 0.1796875 0.7724609375 0.1669921875 0.7822265625 0.173828125 0.791015625 0.1748046875 0.7919921875 0.1650390625
8 0.26904296875 0.4052734375 0.2685546875 0.435546875 0.26904296875 0.4501953125 0.27001953125 0.4638671875 0.2724609375 0.4677734375 0.275390625 0.47265625 0.27783203125 0.4775390625 0.2783203125 0.4892578125 0.27734375 0.5283203125 0.27587890625 0.552734375 0.275390625 0.55859375 0.27197265625 0.5595703125 0.27001953125 0.560546875 0.26953125 0.5634765625 0.271484375 0.568359375 0.275390625 0.5703125 0.2880859375 0.5703125 0.29248046875 0.5703125 0.29345703125 0.568359375 0.29296875 0.5634765625 0.29248046875 0.5615234375 0.29248046875 0.5576171875 0.291015625 0.5517578125 0.291015625 0.5439453125 0.291015625 0.5263671875 0.291015625 0.5234375 0.2939453125 0.5283203125 0.30029296875 0.5380859375 0.3046875 0.544921875 0.30908203125 0.5517578125 0.31201171875 0.556640625 0.31201171875 0.5615234375 0.3115234375 0.5693359375 0.31298828125 0.5712890625 0.314453125 0.5712890625 0.31689453125 0.56640625 0.322265625 0.544921875 0.32470703125 0.5341796875 0.3232421875 0.5283203125 0.3212890625 0.52734375 0.31396484375 0.521484375 0.30810546875 0.515625 0.30029296875 0.5029296875 0.296875 0.498046875 0.29638671875 0.4951171875 0.296875 0.4853515625 0.298828125 0.48046875 0.30029296875 0.4794921875 0.30322265625 0.4716796875 0.3046875 0.4609375 0.30712890625 0.4541015625 0.30810546875 0.4482421875 0.30810546875 0.4404296875 0.30810546875 0.431640625 0.30615234375 0.42578125 0.30615234375 0.421875 0.30810546875 0.4208984375 0.31201171875 0.4140625 0.31298828125 0.408203125 0.3115234375 0.40234375 0.31005859375 0.3935546875 0.30517578125 0.380859375 0.30224609375 0.3701171875 0.29736328125 0.357421875 0.294921875 0.3505859375 0.29345703125 0.34765625 0.29248046875 0.3427734375 0.2939453125 0.33984375 0.294921875 0.3349609375 0.2939453125 0.330078125 0.2939453125 0.3251953125 0.294921875 0.318359375 0.29345703125 0.3115234375 0.29248046875 0.30859375 0.2900390625 0.306640625 0.28466796875 0.306640625 0.28369140625 0.3115234375 0.28369140625 0.3125 0.28076171875 0.3125 0.27978515625 0.3125 0.27783203125 0.31640625 0.27734375 0.3232421875 0.27587890625 0.326171875 0.275390625 0.33203125 0.27587890625 0.3359375 0.2763671875 0.3427734375 0.27783203125 0.345703125 0.279296875 0.349609375 0.27880859375 0.3583984375 0.27783203125 0.3623046875 0.27490234375 0.3720703125 0.27197265625 0.3818359375 0.26953125 0.3896484375 0.26904296875 0.4052734375
8 0.61328125 0.337890625 0.60986328125 0.3447265625 0.6083984375 0.3505859375 0.609375 0.359375 0.61279296875 0.3740234375 0.61376953125 0.3994140625 0.6142578125 0.4072265625 0.61572265625 0.4130859375 0.61669921875 0.4130859375 0.6171875 0.412109375 0.61767578125 0.4072265625 0.6181640625 0.396484375 0.61865234375 0.388671875 0.6171875 0.380859375 0.615234375 0.376953125 0.61328125 0.37109375 0.61376953125 0.365234375 0.61376953125 0.3583984375 0.61474609375 0.3486328125 0.61669921875 0.33984375 0.6181640625 0.333984375 0.61865234375 0.326171875 0.61572265625 0.3232421875 0.6142578125 0.3251953125 0.61328125 0.337890625
8 0.63916015625 0.345703125 0.63671875 0.353515625 0.63525390625 0.357421875 0.63330078125 0.3642578125 0.63525390625 0.369140625 0.638671875 0.37109375 0.64208984375 0.373046875 0.64208984375 0.3740234375 0.64501953125 0.376953125 0.6455078125 0.408203125 0.64990234375 0.4130859375 0.6494140625 0.4052734375 0.6494140625 0.396484375 0.64990234375 0.3896484375 0.65234375 0.3779296875 0.65380859375 0.3671875 0.65478515625 0.3662109375 0.65576171875 0.361328125 0.65576171875 0.349609375 0.654296875 0.33984375 0.6533203125 0.333984375 0.65283203125 0.3291015625 0.650390625 0.3251953125 0.64892578125 0.3193359375 0.64697265625 0.3193359375 0.64501953125 0.3232421875 0.64501953125 0.328125 0.64453125 0.328125 0.64208984375 0.33203125 0.6416015625 0.341796875 0.63916015625 0.345703125
8 0.74267578125 0.3818359375 0.74267578125 0.4052734375 0.73828125 0.4130859375 0.73876953125 0.4150390625 0.75390625 0.412109375 0.75 0.380859375 0.75146484375 0.3701171875 0.75341796875 0.3544921875 0.751953125 0.3349609375 0.75146484375 0.3251953125 0.75048828125 0.3193359375 0.74755859375 0.3125 0.74462890625 0.302734375 0.740234375 0.30078125 0.73779296875 0.30859375 0.74072265625 0.3173828125 0.73974609375 0.322265625 0.73779296875 0.3330078125 0.73486328125 0.3359375 0.73486328125 0.345703125 0.74169921875 0.34375 0.740234375 0.3779296875 0.74267578125 0.3818359375
11 0.25244140625 0.3564453125 0.25244140625 0.37109375 0.25732421875 0.37109375 0.25732421875 0.3564453125 0.25244140625 0.3564453125
12 0.98486328125 0.171875 0.98486328125 0.212890625 0.99951171875 0.2099609375 0.99951171875 0.169921875 0.98486328125 0.171875