8 0.59716796875 0.318359375 0.59619140625 0.31640625 0.595703125 0.3125 0.5947265625 0.3125 0.5947265625 0.31640625 0.59521484375 0.322265625 0.5966796875 0.32421875 0.59765625 0.3212890625 0.59716796875 0.318359375
14 0.7685546875 0 0.76806640625 0.0146484375 0.76318359375 0.0234375 0.75830078125 0.0302734375 0.7568359375 0.03515625 0.75634765625 0.041015625 0.75927734375 0.0439453125 0.75927734375 0.0498046875 0.76171875 0.0517578125 0.76513671875 0.0498046875 0.7685546875 0.046875 0.77001953125 0.0517578125 0.77197265625 0.0556640625 0.771484375 0.060546875 0.7685546875 0.0625 0.767578125 0.068359375 0.7666015625 0.0751953125 0.7666015625 0.083984375 0.76611328125 0.0859375 0.7607421875 0.0859375 0.7607421875 0.091796875 0.76513671875 0.0927734375 0.76416015625 0.0986328125 0.76611328125 0.10546875 0.76318359375 0.109375 0.7607421875 0.1162109375 0.7578125 0.1201171875 0.755859375 0.1279296875 0.75341796875 0.1328125 0.74951171875 0.1396484375 0.748046875 0.1435546875 0.75 0.14453125 0.7548828125 0.14453125 0.759765625 0.142578125 0.76220703125 0.140625 0.76708984375 0.140625 0.765625 0.14453125 0.76220703125 0.1494140625 0.76123046875 0.1533203125 0.76025390625 0.16015625 0.7607421875 0.1640625 0.76318359375 0.1640625 0.76708984375 0.16015625 0.76953125 0.1533203125 0.7724609375 0.1572265625 0.77392578125 0.1630859375 0.77001953125 0.16796875 0.771484375 0.171875 0.77392578125 0.1748046875 0.77392578125 0.1787109375 0.7705078125 0.1865234375 0.767578125 0.1923828125 0.7666015625 0.1953125 0.7685546875 0.197265625 0.77392578125 0.1904296875 0.77392578125 0.193359375 0.77001953125 0.2001953125 0.77197265625 0.2021484375 0.77490234375 0.201171875 0.77978515625 0.197265625 0.77978515625 0.201171875 0.783203125 0.2021484375 0.78466796875 0.2041015625 0.7841796875 0.208984375 0.783203125 0.2158203125 0.78125 0.21875 0.77490234375 0.2236328125 0.77880859375 0.2255859375 0.78369140625 0.2265625 0.7861328125 0.2294921875 0.7900390625 0.2294921875 0.79150390625 0.224609375 0.794921875 0.2255859375 0.7958984375 0.240234375 0.7958984375 0.2802734375 0.794921875 0.310546875 0.794921875 0.341796875 0.80029296875 0.34765625 0.81787109375 0.3466796875 0.8193359375 0.373046875 0.8330078125 0.3720703125 0.85546875 0.37109375 0.87353515625 0.37109375 0.88916015625 0.37109375 0.92724609375 0.3701171875 0.99951171875 0.3623046875 0.99951171875 0 0.7685546875 0
8 0.5615234375 0.322265625 0.56103515625 0.3193359375 0.56005859375 0.3193359375 0.5595703125 0.322265625 0.5595703125 0.326171875 0.560546875 0.3291015625 0.5615234375 0.328125 0.5615234375 0.322265625
8 0.5859375 0.318359375 0.58544921875 0.314453125 0.58447265625 0.31640625 0.583984375 0.3193359375 0.58447265625 0.32421875 0.5859375 0.32421875 0.5869140625 0.3232421875 0.5859375 0.318359375
14 0.5830078125 0.3017578125 0.5791015625 0.306640625 0.60009765625 0.306640625 0.60205078125 0.3115234375 0.630859375 0.3095703125 0.63623046875 0.30859375 0.6376953125 0.3046875 0.63818359375 0.2890625 0.63330078125 0.287109375 0.626953125 0.2880859375 0.61962890625 0.2900390625 0.61572265625 0.2900390625 0.61181640625 0.2890625 0.60986328125 0.2861328125 0.6064453125 0.28125 0.60302734375 0.2802734375 0.60107421875 0.287109375 0.5966796875 0.29296875 0.59375 0.29296875 0.5888671875 0.291015625 0.58740234375 0.2978515625 0.58447265625 0.298828125 0.5830078125 0.3017578125
14 0.57080078125 0.3251953125 0.576171875 0.322265625 0.5771484375 0.3203125 0.5751953125 0.3134765625 0.572265625 0.3095703125 0.56982421875 0.30859375 0.56689453125 0.3076171875 0.564453125 0.3076171875 0.56298828125 0.310546875 0.56005859375 0.3193359375 0.56298828125 0.3251953125 0.56591796875 0.3251953125 0.57080078125 0.3251953125
8 0.56494140625 0.3291015625 0.56494140625 0.322265625 0.56494140625 0.318359375 0.56396484375 0.318359375 0.56298828125 0.3203125 0.56298828125 0.3251953125 0.5634765625 0.3291015625 0.56396484375 0.3291015625 0.56494140625 0.3291015625
8 0.587890625 0.3134765625 0.5859375 0.3134765625 0.5869140625 0.3212890625 0.58837890625 0.3203125 0.587890625 0.3173828125 0.587890625 0.3134765625
8 0.6044921875 0.3173828125 0.60546875 0.318359375 0.60693359375 0.318359375 0.60693359375 0.3134765625 0.60498046875 0.310546875 0.6044921875 0.3115234375 0.6044921875 0.314453125 0.6044921875 0.3173828125
9 0.62109375 0.3095703125 0.62060546875 0.3095703125 0.61962890625 0.3095703125 0.607421875 0.3115234375 0.60693359375 0.3193359375 0.6142578125 0.318359375 0.61669921875 0.318359375 0.62158203125 0.3173828125 0.62255859375 0.3134765625 0.62255859375 0.310546875 0.62109375 0.3095703125
8 0.609375 0.310546875 0.60791015625 0.310546875 0.60693359375 0.3115234375 0.607421875 0.3193359375 0.60986328125 0.318359375 0.60986328125 0.3125 0.609375 0.310546875
9 0.626953125 0.3095703125 0.625 0.3095703125 0.62451171875 0.3125 0.6240234375 0.318359375 0.62548828125 0.3203125 0.6259765625 0.322265625 0.62744140625 0.322265625 0.630859375 0.3232421875 0.630859375 0.3203125 0.63232421875 0.3212890625 0.63525390625 0.3203125 0.6357421875 0.310546875 0.63134765625 0.310546875 0.6298828125 0.3095703125 0.62841796875 0.310546875 0.626953125 0.3095703125
8 0.59130859375 0.3125 0.59130859375 0.31640625 0.591796875 0.322265625 0.59326171875 0.31640625 0.59326171875 0.3125 0.59130859375 0.3125
8 0.59375 0.3125 0.5927734375 0.314453125 0.5927734375 0.318359375 0.59326171875 0.3232421875 0.5947265625 0.3193359375 0.5947265625 0.314453125 0.59375 0.3125
3 0.630859375 0.3359375 0.62841796875 0.3330078125 0.62548828125 0.3359375 0.6240234375 0.3486328125 0.62646484375 0.349609375 0.630859375 0.3427734375 0.630859375 0.3359375
11 0.62744140625 0.3251953125 0.62744140625 0.33203125 0.63037109375 0.33203125 0.63037109375 0.3251953125 0.62744140625 0.3251953125
3 0.63916015625 0.359375 0.63916015625 0.337890625 0.6318359375 0.337890625 0.62890625 0.33984375 0.626953125 0.34375 0.6259765625 0.3564453125 0.6259765625 0.3662109375 0.63720703125 0.3671875 0.63916015625 0.359375
3 0.61474609375 0.3359375 0.61376953125 0.3291015625 0.6064453125 0.3291015625 0.60498046875 0.330078125 0.603515625 0.3427734375 0.60546875 0.353515625 0.6142578125 0.353515625 0.61474609375 0.3359375
3 0.61376953125 0.330078125 0.6123046875 0.349609375 0.619140625 0.345703125 0.61865234375 0.330078125 0.61376953125 0.330078125
3 0.6025390625 0.3525390625 0.60205078125 0.341796875 0.599609375 0.3330078125 0.58740234375 0.3330078125 0.58740234375 0.3369140625 0.59130859375 0.34375 0.59326171875 0.353515625 0.599609375 0.353515625 0.6025390625 0.3525390625
3 0.59521484375 0.345703125 0.59423828125 0.3408203125 0.591796875 0.3359375 0.5869140625 0.3359375 0.5869140625 0.353515625 0.5927734375 0.359375 0.59375 0.353515625 0.59521484375 0.349609375 0.59521484375 0.345703125
3 0.580078125 0.345703125 0.580078125 0.3603515625 0.59033203125 0.3623046875 0.59033203125 0.345703125 0.580078125 0.345703125
3 0.59521484375 0.3525390625 0.58984375 0.353515625 0.58984375 0.3642578125 0.59521484375 0.3662109375 0.59765625 0.3583984375 0.59521484375 0.3525390625
3 0.6025390625 0.361328125 0.6025390625 0.3505859375 0.59521484375 0.3505859375 0.59375 0.3525390625 0.59423828125 0.361328125 0.6025390625 0.361328125
3 0.59423828125 0.369140625 0.59375 0.359375 0.59130859375 0.3564453125 0.58154296875 0.357421875 0.57958984375 0.3701171875 0.58251953125 0.3857421875 0.59033203125 0.3828125 0.59423828125 0.369140625
3 0.5849609375 0.3720703125 0.5849609375 0.3837890625 0.58544921875 0.3876953125 0.58837890625 0.388671875 0.58984375 0.388671875 0.60302734375 0.388671875 0.60205078125 0.361328125 0.59765625 0.359375 0.587890625 0.3603515625 0.58544921875 0.3662109375 0.5849609375 0.3720703125
3 0.62744140625 0.388671875 0.63037109375 0.388671875 0.6328125 0.388671875 0.63330078125 0.384765625 0.63427734375 0.3798828125 0.63671875 0.3798828125 0.63720703125 0.3740234375 0.63818359375 0.3681640625 0.63671875 0.361328125 0.634765625 0.357421875 0.6328125 0.3564453125 0.630859375 0.3564453125 0.6298828125 0.34765625 0.62744140625 0.34375 0.62353515625 0.34375 0.623046875 0.341796875 0.623046875 0.3369140625 0.62109375 0.333984375 0.61865234375 0.33203125 0.61572265625 0.33203125 0.61328125 0.333984375 0.611328125 0.3369140625 0.611328125 0.341796875 0.61181640625 0.345703125 0.609375 0.34765625 0.60791015625 0.349609375 0.6064453125 0.361328125 0.615234375 0.3857421875 0.62646484375 0.3857421875 0.62744140625 0.388671875
10 0.5732421875 0.345703125 0.572265625 0.34375 0.57080078125 0.3447265625 0.56982421875 0.3505859375 0.5693359375 0.3603515625 0.57275390625 0.359375 0.57373046875 0.349609375 0.5732421875 0.345703125
3 0.5546875 0.3447265625 0.5546875 0.3623046875 0.5595703125 0.3681640625 0.564453125 0.3603515625 0.56396484375 0.3447265625 0.5546875 0.3447265625
14 0.80224609375 0.3701171875 0.8046875 0.369140625 0.8046875 0.3623046875 0.80517578125 0.3583984375 0.80419921875 0.353515625 0.8037109375 0.34765625 0.80224609375 0.345703125 0.80029296875 0.3408203125 0.798828125 0.3369140625 0.7978515625 0.3408203125 0.7978515625 0.345703125 0.79736328125 0.3505859375 0.79638671875 0.357421875 0.794921875 0.361328125 0.7939453125 0.369140625 0.796875 0.37109375 0.7998046875 0.3701171875 0.80224609375 0.3701171875
8 0.8232421875 0.3583984375 0.8232421875 0.365234375 0.8232421875 0.37109375 0.822265625 0.3740234375 0.82275390625 0.3779296875 0.826171875 0.3779296875 0.828125 0.3740234375 0.82958984375 0.3662109375 0.82958984375 0.345703125 0.82958984375 0.326171875 0.826171875 0.3212890625 0.8232421875 0.3173828125 0.8212890625 0.3173828125 0.82080078125 0.3203125 0.82080078125 0.32421875 0.8193359375 0.3291015625 0.81787109375 0.337890625 0.81787109375 0.3466796875 0.8203125 0.3544921875 0.8232421875 0.3583984375
8 0.81103515625 0.3564453125 0.81201171875 0.359375 0.81201171875 0.3681640625 0.8115234375 0.3720703125 0.81005859375 0.3759765625 0.810546875 0.37890625 0.81396484375 0.37890625 0.8154296875 0.376953125 0.8154296875 0.37109375 0.8154296875 0.3603515625 0.81640625 0.359375 0.8173828125 0.3759765625 0.81884765625 0.3779296875 0.8203125 0.376953125 0.8203125 0.3662109375 0.81982421875 0.3544921875 0.81982421875 0.3466796875 0.82080078125 0.3427734375 0.82080078125 0.3349609375 0.8203125 0.330078125 0.81884765625 0.32421875 0.8173828125 0.3193359375 0.81591796875 0.31640625 0.814453125 0.314453125 0.8134765625 0.31640625 0.81201171875 0.318359375 0.8115234375 0.322265625 0.81201171875 0.3251953125 0.8115234375 0.3291015625 0.81103515625 0.333984375 0.810546875 0.34375 0.8095703125 0.3505859375 0.81005859375 0.3544921875 0.81103515625 0.3564453125
12 0.8232421875 0.31640625 0.82373046875 0.3212890625 0.82666015625 0.3251953125 0.82958984375 0.3251953125 0.8330078125 0.322265625 0.833984375 0.318359375 0.833984375 0.3115234375 0.83251953125 0.3076171875 0.8291015625 0.3056640625 0.82568359375 0.3056640625 0.8232421875 0.3095703125 0.8232421875 0.31640625
3 0.99267578125 0.3759765625 0.98486328125 0.3623046875 0.9775390625 0.35546875 0.97265625 0.3525390625 0.9619140625 0.3505859375 0.94140625 0.3505859375 0.9404296875 0.34375 0.93359375 0.3427734375 0.9248046875 0.345703125 0.9248046875 0.3544921875 0.92236328125 0.353515625 0.91650390625 0.35546875 0.91064453125 0.3603515625 0.904296875 0.3701171875 0.8974609375 0.380859375 0.89208984375 0.3896484375 0.88134765625 0.400390625 0.88037109375 0.41015625 0.88134765625 0.4443359375 0.884765625 0.455078125 0.8916015625 0.4560546875 0.89404296875 0.455078125 0.89501953125 0.4521484375 0.8955078125 0.447265625 0.91552734375 0.453125 0.91796875 0.455078125 0.919921875 0.4609375 0.9208984375 0.4658203125 0.93115234375 0.4677734375 0.93408203125 0.458984375 0.93994140625 0.4560546875 0.95703125 0.455078125 0.98095703125 0.453125 0.9814453125 0.45703125 0.9833984375 0.462890625 0.98583984375 0.4658203125 0.98974609375 0.4658203125 0.994140625 0.4638671875 0.99755859375 0.4599609375 0.99853515625 0.453125 0.99951171875 0.4482421875 0.99951171875 0.40625 0.99951171875 0.3818359375 0.99560546875 0.380859375 0.99267578125 0.3759765625
3 0.7705078125 0.3955078125 0.7705078125 0.3798828125 0.76953125 0.37109375 0.76708984375 0.3662109375 0.76416015625 0.3623046875 0.76123046875 0.3662109375 0.76220703125 0.404296875 0.76904296875 0.4013671875 0.7705078125 0.3955078125
13 0.64794921875 0.4130859375 0.65283203125 0.4130859375 0.65625 0.4130859375 0.65869140625 0.412109375 0.6591796875 0.408203125 0.6591796875 0.400390625 0.67041015625 0.4013671875 0.6728515625 0.4150390625 0.6787109375 0.423828125 0.68994140625 0.431640625 0.748046875 0.4326171875 0.75634765625 0.43359375 0.75927734375 0.4306640625 0.75830078125 0.41796875 0.76416015625 0.4169921875 0.765625 0.4091796875 0.76611328125 0.396484375 0.76611328125 0.3671875 0.76611328125 0.3466796875 0.76416015625 0.3125 0.7626953125 0.2744140625 0.763671875 0.2744140625 0.765625 0.2763671875 0.7666015625 0.310546875 0.771484375 0.310546875 0.7724609375 0.3095703125 0.77197265625 0.275390625 0.76953125 0.2744140625 0.765625 0.271484375 0.76220703125 0.2685546875 0.7607421875 0.2490234375 0.75927734375 0.2392578125 0.75732421875 0.2333984375 0.755859375 0.228515625 0.75244140625 0.2275390625 0.748046875 0.2265625 0.74755859375 0.216796875 0.6904296875 0.21875 0.67919921875 0.2197265625 0.67138671875 0.2255859375 0.64453125 0.2412109375 0.63720703125 0.2470703125 0.63623046875 0.251953125 0.638671875 0.3564453125 0.64111328125 0.4033203125 0.64453125 0.412109375 0.64794921875 0.4130859375
14 0.55517578125 0.341796875 0.55712890625 0.337890625 0.5556640625 0.3349609375 0.55322265625 0.3349609375 0.55224609375 0.3330078125 0.55224609375 0.328125 0.55224609375 0.322265625 0.552734375 0.3173828125 0.5498046875 0.3173828125 0.5478515625 0.3193359375 0.54541015625 0.3173828125 0.54248046875 0.31640625 0.54052734375 0.314453125 0.5380859375 0.3173828125 0.53564453125 0.314453125 0.53515625 0.310546875 0.53173828125 0.3115234375 0.52734375 0.3173828125 0.51953125 0.3173828125 0.5361328125 0.3369140625 0.55224609375 0.34375 0.55517578125 0.341796875
11 0.55517578125 0.3017578125 0.5498046875 0.3017578125 0.5498046875 0.3193359375 0.5498046875 0.3232421875 0.55517578125 0.3232421875 0.55517578125 0.3017578125
14 0.27197265625 0 0.41796875 0.216796875 0.52197265625 0.3251953125 0.5302734375 0.3193359375 0.53466796875 0.3173828125 0.5361328125 0.3134765625 0.5361328125 0.310546875 0.53515625 0.3056640625 0.5380859375 0.3056640625 0.54150390625 0.302734375 0.54541015625 0.306640625 0.54833984375 0.3076171875 0.54931640625 0.3046875 0.55126953125 0.2998046875 0.55322265625 0.2978515625 0.55517578125 0.2939453125 0.55712890625 0.2880859375 0.55712890625 0.283203125 0.55908203125 0.2763671875 0.5576171875 0.2724609375 0.5546875 0.2685546875 0.55224609375 0.263671875 0.54931640625 0.2626953125 0.5458984375 0.2587890625 0.54931640625 0.2568359375 0.5517578125 0.2529296875 0.5537109375 0.2509765625 0.5546875 0.25 0.55419921875 0.2451171875 0.55029296875 0.236328125 0.552734375 0.2353515625 0.55517578125 0.240234375 0.55859375 0.24609375 0.56103515625 0.2451171875 0.56494140625 0.2421875 0.56689453125 0.240234375 0.5693359375 0.23828125 0.57275390625 0.236328125 0.57275390625 0.2294921875 0.57080078125 0.2255859375 0.56787109375 0.2255859375 0.56884765625 0.2197265625 0.5712890625 0.21484375 0.57080078125 0.2119140625 0.56689453125 0.20703125 0.56591796875 0.203125 0.56787109375 0.2021484375 0.5703125 0.19921875 0.57275390625 0.197265625 0.576171875 0.1953125 0.5771484375 0.19140625 0.57958984375 0.1875 0.58154296875 0.181640625 0.5791015625 0.1787109375 0.57666015625 0.17578125 0.57470703125 0.1748046875 0.5703125 0.17578125 0.56982421875 0.171875 0.56787109375 0.16796875 0.5654296875 0.166015625 0.56201171875 0.1640625 0.5654296875 0.1591796875 0.5673828125 0.1572265625 0.56689453125 0.15234375 0.56494140625 0.14453125 0.56396484375 0.140625 0.5634765625 0.138671875 0.56494140625 0.1337890625 0.5634765625 0.1318359375 0.56103515625 0.12890625 0.56201171875 0.1240234375 0.5654296875 0.1259765625 0.56591796875 0.1220703125 0.56494140625 0.115234375 0.56640625 0.107421875 0.5673828125 0.103515625 0.5693359375 0.0966796875 0.56494140625 0.09765625 0.564453125 0.0927734375 0.5615234375 0.091796875 0.55908203125 0.08984375 0.55712890625 0.083984375 0.5615234375 0.080078125 0.56494140625 0.080078125 0.5693359375 0.0791015625 0.56982421875 0.072265625 0.5693359375 0.068359375 0.5654296875 0.068359375 0.56396484375 0.0673828125 0.56201171875 0.064453125 0.56494140625 0.0615234375 0.56982421875 0.05859375 0.57373046875 0.056640625 0.57470703125 0.05078125 0.57470703125 0.0439453125 0.576171875 0.037109375 0.57568359375 0.0341796875 0.56787109375 0.03515625 0.5693359375 0.03125 0.572265625 0.0263671875 0.5732421875 0.0224609375 0.572265625 0.015625 0.5712890625 0.0126953125 0.5703125 0.0078125 0.5693359375 0 0.3798828125 0 0.27197265625 0
14 0 0.6103515625 0.0078125 0.609375 0.02197265625 0.6064453125 0.0322265625 0.5986328125 0.04248046875 0.5947265625 0.05615234375 0.58984375 0.06591796875 0.5869140625 0.0673828125 0.5849609375 0.06591796875 0.580078125 0.06689453125 0.572265625 0.0673828125 0.5693359375 0.064453125 0.56640625 0.0556640625 0.5712890625 0.052734375 0.5751953125 0.05029296875 0.58203125 0.0458984375 0.58203125 0.041015625 0.5751953125 0.03759765625 0.5712890625 0.04296875 0.5625 0.04638671875 0.55078125 0.04931640625 0.5439453125 0.04736328125 0.5361328125 0.04345703125 0.5400390625 0.03955078125 0.548828125 0.0341796875 0.55859375 0.02734375 0.5673828125 0.0234375 0.560546875 0.02294921875 0.5517578125 0.0205078125 0.5400390625 0.0205078125 0.5341796875 0.0185546875 0.52734375 0.017578125 0.5234375 0.01171875 0.5166015625 0.01025390625 0.5205078125 0.01025390625 0.5283203125 0.0107421875 0.5341796875 0.00830078125 0.5400390625 0.0078125 0.546875 0.00732421875 0.552734375 0.00439453125 0.552734375 0.001953125 0.5556640625 0 0.55859375 0 0.6103515625
14 0.1650390625 0.537109375 0.1748046875 0.53515625 0.18994140625 0.5322265625 0.1982421875 0.5234375 0.2109375 0.515625 0.22216796875 0.5126953125 0.23193359375 0.5078125 0.244140625 0.501953125 0.25341796875 0.4970703125 0.2626953125 0.4931640625 0.2666015625 0.490234375 0.267578125 0.4794921875 0.2685546875 0.466796875 0.2666015625 0.45703125 0.26513671875 0.4482421875 0.26123046875 0.4326171875 0.26025390625 0.4482421875 0.25830078125 0.455078125 0.255859375 0.45703125 0.25390625 0.453125 0.2509765625 0.447265625 0.248046875 0.4423828125 0.24658203125 0.451171875 0.24755859375 0.4638671875 0.24560546875 0.45703125 0.244140625 0.447265625 0.24169921875 0.4443359375 0.240234375 0.455078125 0.23876953125 0.4482421875 0.2373046875 0.4404296875 0.23486328125 0.4482421875 0.23583984375 0.4619140625 0.23291015625 0.4482421875 0.23046875 0.447265625 0.22998046875 0.458984375 0.2294921875 0.4677734375 0.22802734375 0.458984375 0.2255859375 0.4423828125 0.22412109375 0.439453125 0.22265625 0.4453125 0.22265625 0.451171875 0.2236328125 0.4619140625 0.22216796875 0.4677734375 0.220703125 0.4609375 0.21875 0.4560546875 0.21484375 0.453125 0.2109375 0.458984375 0.20947265625 0.46875 0.2080078125 0.4765625 0.20654296875 0.48046875 0.2060546875 0.4697265625 0.20458984375 0.46484375 0.203125 0.466796875 0.20166015625 0.4775390625 0.2001953125 0.484375 0.2001953125 0.4716796875 0.19970703125 0.4609375 0.19873046875 0.451171875 0.197265625 0.4599609375 0.1962890625 0.474609375 0.19580078125 0.4638671875 0.19482421875 0.451171875 0.19287109375 0.439453125 0.19140625 0.443359375 0.18994140625 0.44921875 0.185546875 0.4453125 0.18359375 0.439453125 0.1826171875 0.4296875 0.1806640625 0.4248046875 0.1787109375 0.421875 0.17529296875 0.423828125 0.17626953125 0.4296875 0.1748046875 0.4404296875 0.173828125 0.4482421875 0.17138671875 0.455078125 0.16845703125 0.4609375 0.1640625 0.4521484375 0.16064453125 0.443359375 0.15673828125 0.4326171875 0.15478515625 0.4287109375 0.15478515625 0.4404296875 0.15576171875 0.451171875 0.15625 0.4619140625 0.15625 0.4716796875 0.15673828125 0.4794921875 0.15478515625 0.48828125 0.15283203125 0.4921875 0.14794921875 0.4921875 0.146484375 0.4990234375 0.1455078125 0.5068359375 0.1435546875 0.4990234375 0.1416015625 0.490234375 0.13671875 0.4912109375 0.13525390625 0.501953125 0.13330078125 0.513671875 0.134765625 0.5224609375 0.13427734375 0.5341796875 0.134765625 0.54296875 0.13525390625 0.548828125 0.1376953125 0.5498046875 0.146484375 0.546875 0.15087890625 0.544921875 0.16015625 0.541015625 0.1650390625 0.537109375
14 0.27880859375 0.486328125 0.28466796875 0.486328125 0.2919921875 0.4873046875 0.294921875 0.4833984375 0.29150390625 0.4794921875 0.2880859375 0.4794921875 0.28369140625 0.4794921875 0.2841796875 0.4775390625 0.28564453125 0.474609375 0.287109375 0.4677734375 0.28759765625 0.4638671875 0.28564453125 0.46484375 0.28564453125 0.4609375 0.2861328125 0.455078125 0.2861328125 0.44921875 0.28369140625 0.4453125 0.283203125 0.4404296875 0.28076171875 0.4384765625 0.27783203125 0.4384765625 0.2734375 0.4404296875 0.2734375 0.43359375 0.27001953125 0.435546875 0.27001953125 0.4501953125 0.27001953125 0.4619140625 0.271484375 0.4736328125 0.2724609375 0.4833984375 0.27197265625 0.48828125 0.27587890625 0.4892578125 0.27880859375 0.486328125
14 0.296875 0.4775390625 0.3017578125 0.4765625 0.3046875 0.4755859375 0.3076171875 0.47265625 0.3095703125 0.4677734375 0.31103515625 0.4609375 0.31201171875 0.455078125 0.31005859375 0.4541015625 0.30810546875 0.4560546875 0.30810546875 0.4501953125 0.3076171875 0.4443359375 0.3056640625 0.4404296875 0.30322265625 0.44140625 0.3017578125 0.4375 0.298828125 0.4375 0.2958984375 0.4375 0.29345703125 0.435546875 0.29248046875 0.435546875 0.29150390625 0.443359375 0.2919921875 0.4501953125 0.2919921875 0.458984375 0.29296875 0.46875 0.2919921875 0.48046875 0.29541015625 0.4794921875 0.296875 0.4775390625
12 0.552734375 0.390625 0.5556640625 0.3955078125 0.55908203125 0.3994140625 0.56591796875 0.3955078125 0.56201171875 0.3681640625 0.55712890625 0.369140625 0.5537109375 0.373046875 0.55224609375 0.3818359375 0.552734375 0.390625
11 0.62890625 0.212890625 0.62841796875 0.1904296875 0.62255859375 0.1904296875 0.62109375 0.1923828125 0.62158203125 0.208984375 0.62158203125 0.2197265625 0.626953125 0.2197265625 0.62890625 0.212890625
11 0.60205078125 0.3095703125 0.6044921875 0.3076171875 0.60498046875 0.302734375 0.6044921875 0.28125 0.5966796875 0.28125 0.5966796875 0.2958984375 0.59716796875 0.306640625 0.59912109375 0.3095703125 0.60205078125 0.3095703125
12 0.66455078125 0.2568359375 0.66845703125 0.2490234375 0.67333984375 0.236328125 0.6728515625 0.208984375 0.6630859375 0.1923828125 0.6494140625 0.1923828125 0.64013671875 0.2119140625 0.640625 0.2412109375 0.6494140625 0.2568359375 0.66455078125 0.2568359375
12 0.65966796875 0.2412109375 0.65966796875 0.2509765625 0.66064453125 0.2626953125 0.662109375 0.2724609375 0.66455078125 0.2763671875 0.66748046875 0.27734375 0.6708984375 0.2734375 0.671875 0.263671875 0.671875 0.251953125 0.67138671875 0.2421875 0.6689453125 0.2353515625 0.66650390625 0.2294921875 0.6640625 0.23046875 0.6611328125 0.2353515625 0.65966796875 0.2412109375
11 0.62158203125 0.3017578125 0.6240234375 0.3017578125 0.62646484375 0.3017578125 0.6357421875 0.302734375 0.6357421875 0.298828125 0.630859375 0.298828125 0.6298828125 0.2421875 0.63330078125 0.2421875 0.63330078125 0.23828125 0.62255859375 0.240234375 0.61962890625 0.2421875 0.619140625 0.2490234375 0.61962890625 0.2529296875 0.61962890625 0.265625 0.619140625 0.271484375 0.6201171875 0.283203125 0.6201171875 0.29296875 0.62060546875 0.2978515625 0.62158203125 0.3017578125
11 0.53564453125 0.07421875 0.53515625 0.0634765625 0.53515625 0.0556640625 0.53515625 0.046875 0.53662109375 0.04296875 0.53662109375 0.03515625 0.53564453125 0.02734375 0.53369140625 0.0234375 0.529296875 0.0224609375 0.52490234375 0.0234375 0.5234375 0.02734375 0.52294921875 0.0341796875 0.5234375 0.0400390625 0.525390625 0.0458984375 0.52490234375 0.0517578125 0.52490234375 0.0634765625 0.525390625 0.0859375 0.53564453125 0.0859375 0.53564453125 0.07421875
11 0.63916015625 0.2822265625 0.63916015625 0.2880859375 0.64013671875 0.29296875 0.64013671875 0.30078125 0.6474609375 0.30078125 0.64794921875 0.2958984375 0.6474609375 0.2587890625 0.64501953125 0.2578125 0.6376953125 0.2578125 0.63818359375 0.2744140625 0.64111328125 0.275390625 0.64111328125 0.28125 0.63916015625 0.2822265625
12 0.62451171875 0.1943359375 0.623046875 0.2021484375 0.623046875 0.2099609375 0.62353515625 0.2158203125 0.6259765625 0.22265625 0.63037109375 0.2255859375 0.63525390625 0.2255859375 0.638671875 0.22265625 0.64111328125 0.216796875 0.64208984375 0.2109375 0.642578125 0.203125 0.6416015625 0.1943359375 0.638671875 0.1884765625 0.63525390625 0.185546875 0.6298828125 0.1865234375 0.62646484375 0.189453125 0.62451171875 0.1943359375
0 0.57275390625 0.4541015625 0.57275390625 0.458984375 0.57470703125 0.4609375 0.5771484375 0.4609375 0.578125 0.4677734375 0.5791015625 0.478515625 0.580078125 0.4873046875 0.5830078125 0.48828125 0.58349609375 0.4853515625 0.58251953125 0.4755859375 0.5830078125 0.4736328125 0.583984375 0.478515625 0.5859375 0.48828125 0.58837890625 0.4921875 0.58984375 0.4921875 0.59033203125 0.48828125 0.59033203125 0.4814453125 0.5908203125 0.4765625 0.58984375 0.46875 0.58740234375 0.45703125 0.5849609375 0.447265625 0.58251953125 0.43359375 0.5810546875 0.4248046875 0.58349609375 0.419921875 0.58251953125 0.4072265625 0.57861328125 0.40234375 0.57275390625 0.396484375 0.5693359375 0.408203125 0.57177734375 0.43359375 0.57470703125 0.451171875 0.57275390625 0.4541015625
0 0.58935546875 0.3974609375 0.58935546875 0.40234375 0.59326171875 0.4033203125 0.5947265625 0.40625 0.59716796875 0.4150390625 0.595703125 0.431640625 0.595703125 0.4482421875 0.59423828125 0.4619140625 0.59326171875 0.47265625 0.59326171875 0.478515625 0.59423828125 0.4833984375 0.595703125 0.4833984375 0.59716796875 0.4775390625 0.5986328125 0.4697265625 0.5986328125 0.4765625 0.5986328125 0.4833984375 0.599609375 0.4873046875 0.60205078125 0.486328125 0.60302734375 0.48046875 0.60498046875 0.4697265625 0.6064453125 0.46484375 0.60791015625 0.4599609375 0.607421875 0.455078125 0.60791015625 0.453125 0.6083984375 0.44921875 0.60791015625 0.4453125 0.609375 0.4267578125 0.60986328125 0.4052734375 0.6083984375 0.3935546875 0.6005859375 0.3994140625 0.5966796875 0.3994140625 0.59375 0.400390625 0.58935546875 0.3974609375
0 0.537109375 0.4287109375 0.537109375 0.4326171875 0.537109375 0.439453125 0.53759765625 0.4453125 0.537109375 0.453125 0.53759765625 0.4609375 0.53466796875 0.4619140625 0.5341796875 0.46484375 0.53466796875 0.4716796875 0.5390625 0.4716796875 0.541015625 0.46875 0.54150390625 0.474609375 0.54248046875 0.4833984375 0.54345703125 0.48828125 0.5458984375 0.4892578125 0.54736328125 0.48828125 0.5478515625 0.484375 0.5498046875 0.4833984375 0.55029296875 0.478515625 0.55029296875 0.4697265625 0.5498046875 0.4609375 0.548828125 0.44921875 0.54638671875 0.4306640625 0.54345703125 0.4248046875 0.54296875 0.4169921875 0.54296875 0.4072265625 0.546875 0.4052734375 0.55029296875 0.4033203125 0.5517578125 0.400390625 0.54931640625 0.3974609375 0.5458984375 0.3994140625 0.54150390625 0.4013671875 0.5390625 0.40234375 0.5390625 0.388671875 0.5419921875 0.3916015625 0.54541015625 0.3916015625 0.5458984375 0.3876953125 0.54052734375 0.3828125 0.5361328125 0.3837890625 0.53466796875 0.390625 0.5341796875 0.40234375 0.53076171875 0.41015625 0.53076171875 0.4189453125 0.53515625 0.4248046875 0.537109375 0.4287109375
10 0.58935546875 0.44921875 0.5908203125 0.47265625 0.59521484375 0.4755859375 0.5966796875 0.4736328125 0.5966796875 0.46875 0.59619140625 0.4609375 0.5966796875 0.4501953125 0.5966796875 0.4404296875 0.59716796875 0.43359375 0.5986328125 0.4306640625 0.60009765625 0.427734375 0.60107421875 0.421875 0.6025390625 0.4189453125 0.6025390625 0.4140625 0.60205078125 0.4091796875 0.6015625 0.404296875 0.6025390625 0.4033203125 0.60595703125 0.40234375 0.607421875 0.404296875 0.60693359375 0.4091796875 0.60595703125 0.416015625 0.60546875 0.4189453125 0.6064453125 0.423828125 0.60791015625 0.4267578125 0.60791015625 0.431640625 0.6083984375 0.4384765625 0.609375 0.447265625 0.60986328125 0.4541015625 0.61083984375 0.4619140625 0.609375 0.466796875 0.6083984375 0.4736328125 0.609375 0.4765625 0.6123046875 0.4775390625 0.615234375 0.4775390625 0.61572265625 0.4755859375 0.61572265625 0.4677734375 0.61572265625 0.4609375 0.61669921875 0.44921875 0.61572265625 0.44140625 0.6142578125 0.43359375 0.61376953125 0.4287109375 0.61376953125 0.419921875 0.61328125 0.412109375 0.61328125 0.40234375 0.615234375 0.4013671875 0.61767578125 0.396484375 0.61767578125 0.3916015625 0.6201171875 0.390625 0.619140625 0.384765625 0.6181640625 0.3779296875 0.615234375 0.369140625 0.6142578125 0.365234375 0.61376953125 0.3583984375 0.61279296875 0.353515625 0.61083984375 0.3505859375 0.60693359375 0.349609375 0.60693359375 0.3447265625 0.60595703125 0.33984375 0.6044921875 0.333984375 0.6015625 0.33203125 0.59912109375 0.3330078125 0.59716796875 0.3369140625 0.5966796875 0.341796875 0.59765625 0.345703125 0.59912109375 0.3505859375 0.6005859375 0.3544921875 0.59765625 0.3603515625 0.59765625 0.3671875 0.5966796875 0.3759765625 0.5966796875 0.380859375 0.59765625 0.384765625 0.59765625 0.3935546875 0.59716796875 0.4013671875 0.59521484375 0.40625 0.5927734375 0.41796875 0.59130859375 0.423828125 0.58984375 0.4326171875 0.58935546875 0.44921875
10 0.5576171875 0.4033203125 0.55859375 0.408203125 0.560546875 0.41015625 0.56298828125 0.41015625 0.5634765625 0.4140625 0.5634765625 0.423828125 0.56494140625 0.4326171875 0.56640625 0.443359375 0.5654296875 0.453125 0.5654296875 0.462890625 0.56640625 0.4697265625 0.56591796875 0.478515625 0.564453125 0.484375 0.564453125 0.4892578125 0.5673828125 0.4912109375 0.5712890625 0.4912109375 0.57177734375 0.486328125 0.5712890625 0.478515625 0.57080078125 0.47265625 0.57080078125 0.4677734375 0.57177734375 0.462890625 0.57177734375 0.45703125 0.5712890625 0.451171875 0.57177734375 0.443359375 0.57275390625 0.4404296875 0.57275390625 0.42578125 0.5732421875 0.41796875 0.572265625 0.4140625 0.57275390625 0.4091796875 0.57470703125 0.40625 0.5771484375 0.4052734375 0.57958984375 0.4052734375 0.580078125 0.4072265625 0.57958984375 0.4091796875 0.578125 0.4150390625 0.578125 0.41796875 0.57958984375 0.42578125 0.5830078125 0.4326171875 0.58544921875 0.435546875 0.58544921875 0.4404296875 0.5859375 0.447265625 0.58740234375 0.453125 0.58837890625 0.4599609375 0.58837890625 0.466796875 0.58837890625 0.47265625 0.58935546875 0.4765625 0.591796875 0.4775390625 0.59521484375 0.4775390625 0.59521484375 0.474609375 0.59423828125 0.47265625 0.59326171875 0.4658203125 0.591796875 0.4609375 0.591796875 0.4541015625 0.591796875 0.4453125 0.591796875 0.43359375 0.5927734375 0.4287109375 0.591796875 0.4248046875 0.58984375 0.4189453125 0.5849609375 0.408203125 0.58203125 0.400390625 0.58349609375 0.3994140625 0.583984375 0.3955078125 0.583984375 0.390625 0.58447265625 0.3818359375 0.583984375 0.376953125 0.58203125 0.3671875 0.5791015625 0.359375 0.5771484375 0.3544921875 0.57470703125 0.3505859375 0.57177734375 0.3505859375 0.5703125 0.34765625 0.57080078125 0.3447265625 0.5712890625 0.33984375 0.57080078125 0.3349609375 0.5693359375 0.33203125 0.56640625 0.33203125 0.56396484375 0.333984375 0.56298828125 0.33984375 0.56298828125 0.3447265625 0.5634765625 0.3486328125 0.5634765625 0.353515625 0.5595703125 0.3583984375 0.55712890625 0.3623046875 0.5556640625 0.3701171875 0.5556640625 0.380859375 0.5556640625 0.390625 0.55712890625 0.396484375 0.5576171875 0.4033203125
10 0.525390625 0.416015625 0.525390625 0.4248046875 0.52587890625 0.4306640625 0.52783203125 0.435546875 0.52880859375 0.44140625 0.529296875 0.44921875 0.529296875 0.4560546875 0.52978515625 0.462890625 0.53125 0.46875 0.53173828125 0.4775390625 0.53076171875 0.4814453125 0.53125 0.4853515625 0.53515625 0.4853515625 0.5361328125 0.4833984375 0.5361328125 0.4765625 0.53564453125 0.466796875 0.53564453125 0.4599609375 0.53515625 0.44921875 0.53515625 0.44140625 0.53515625 0.431640625 0.53466796875 0.421875 0.53564453125 0.4208984375 0.53662109375 0.4189453125 0.5361328125 0.4150390625 0.53564453125 0.4130859375 0.53369140625 0.41015625 0.5341796875 0.408203125 0.5361328125 0.40625 0.5390625 0.40625 0.53955078125 0.408203125 0.5380859375 0.4130859375 0.5380859375 0.41796875 0.5400390625 0.4208984375 0.541015625 0.421875 0.54296875 0.4248046875 0.54296875 0.4306640625 0.5439453125 0.4375 0.54541015625 0.4443359375 0.546875 0.4541015625 0.54931640625 0.4560546875 0.55224609375 0.458984375 0.55419921875 0.458984375 0.55419921875 0.453125 0.552734375 0.451171875 0.55029296875 0.4443359375 0.54931640625 0.4375 0.548828125 0.4287109375 0.54736328125 0.4189453125 0.54638671875 0.408203125 0.5419921875 0.396484375 0.54052734375 0.3916015625 0.54052734375 0.384765625 0.541015625 0.3818359375 0.54345703125 0.3896484375 0.54296875 0.3955078125 0.54638671875 0.3955078125 0.54736328125 0.400390625 0.5498046875 0.400390625 0.5498046875 0.3955078125 0.54931640625 0.3916015625 0.5498046875 0.388671875 0.5478515625 0.3828125 0.544921875 0.3740234375 0.54296875 0.3662109375 0.541015625 0.361328125 0.53662109375 0.357421875 0.5380859375 0.3564453125 0.5400390625 0.353515625 0.5400390625 0.34765625 0.5380859375 0.3427734375 0.5361328125 0.337890625 0.5322265625 0.3359375 0.529296875 0.337890625 0.52783203125 0.34375 0.52783203125 0.34765625 0.52880859375 0.3525390625 0.52880859375 0.357421875 0.525390625 0.3583984375 0.5234375 0.361328125 0.52294921875 0.3671875 0.52392578125 0.373046875 0.52490234375 0.3818359375 0.52490234375 0.392578125 0.52490234375 0.400390625 0.525390625 0.408203125 0.525390625 0.416015625