14 0.5322265625 0.236328125 0.52197265625 0.236328125 0.51318359375 0.2373046875 0.4970703125 0.23828125 0.48388671875 0.2392578125 0.46630859375 0.2412109375 0.453125 0.25 0.43505859375 0.25 0.421875 0.2490234375 0.40966796875 0.25390625 0.39794921875 0.2587890625 0.39404296875 0.26171875 0.38916015625 0.267578125 0.384765625 0.2666015625 0.37939453125 0.265625 0.37646484375 0.34765625 0.5458984375 0.376953125 0.5322265625 0.236328125
14 0.48291015625 0.31640625 0.47509765625 0.3046875 0.4677734375 0.30078125 0.45751953125 0.3056640625 0.45166015625 0.3056640625 0.44775390625 0.306640625 0.44189453125 0.310546875 0.43603515625 0.314453125 0.43212890625 0.30859375 0.427734375 0.3037109375 0.41748046875 0.302734375 0.4111328125 0.2998046875 0.39599609375 0.298828125 0.384765625 0.298828125 0.3720703125 0.296875 0.37890625 0.3525390625 0.4794921875 0.359375 0.48291015625 0.31640625
14 0.47607421875 0.287109375 0.47216796875 0.296875 0.470703125 0.3095703125 0.470703125 0.322265625 0.470703125 0.3330078125 0.466796875 0.330078125 0.46533203125 0.3193359375 0.4638671875 0.3193359375 0.45751953125 0.314453125 0.44921875 0.3134765625 0.4443359375 0.314453125 0.43701171875 0.3232421875 0.435546875 0.353515625 0.43212890625 0.3603515625 0.42919921875 0.3671875 0.42919921875 0.3818359375 0.43310546875 0.3955078125 0.47412109375 0.4091796875 0.5087890625 0.4052734375 0.51904296875 0.4072265625 0.533203125 0.400390625 0.53076171875 0.2939453125 0.5185546875 0.2958984375 0.509765625 0.2919921875 0.50537109375 0.2880859375 0.4912109375 0.275390625 0.48388671875 0.271484375 0.48095703125 0.27734375 0.47998046875 0.2802734375 0.47607421875 0.287109375
14 0.49658203125 0 0.50341796875 0.0087890625 0.50341796875 0.015625 0.49609375 0.0185546875 0.490234375 0.021484375 0.486328125 0.0283203125 0.48974609375 0.0341796875 0.49365234375 0.044921875 0.490234375 0.046875 0.486328125 0.046875 0.484375 0.0498046875 0.48046875 0.05859375 0.4765625 0.0615234375 0.4755859375 0.0654296875 0.4794921875 0.07421875 0.4794921875 0.0810546875 0.478515625 0.0869140625 0.4775390625 0.0927734375 0.48095703125 0.09375 0.484375 0.0966796875 0.48876953125 0.1103515625 0.4921875 0.1171875 0.4931640625 0.123046875 0.48583984375 0.1259765625 0.48681640625 0.1318359375 0.49072265625 0.1337890625 0.49560546875 0.140625 0.494140625 0.14453125 0.49072265625 0.146484375 0.48486328125 0.1513671875 0.48681640625 0.16015625 0.49169921875 0.169921875 0.49658203125 0.173828125 0.50390625 0.1748046875 0.50341796875 0.1826171875 0.5009765625 0.19140625 0.49755859375 0.1982421875 0.4990234375 0.2021484375 0.501953125 0.2080078125 0.50634765625 0.2099609375 0.51025390625 0.216796875 0.51220703125 0.224609375 0.5126953125 0.2333984375 0.509765625 0.236328125 0.50341796875 0.236328125 0.5009765625 0.244140625 0.49658203125 0.2490234375 0.49658203125 0.2548828125 0.498046875 0.2626953125 0.49951171875 0.2666015625 0.498046875 0.2724609375 0.498046875 0.28125 0.50244140625 0.291015625 0.5087890625 0.30078125 0.5126953125 0.306640625 0.5126953125 0.3154296875 0.5146484375 0.33203125 0.5224609375 0.3359375 0.56396484375 0.3486328125 0.5654296875 0.3505859375 0.57080078125 0 0.49658203125 0
14 0.09423828125 0.28515625 0.0859375 0.2783203125 0.07470703125 0.2705078125 0.0673828125 0.26171875 0.05712890625 0.25 0.04736328125 0.25 0.0380859375 0.25 0.0263671875 0.259765625 0.01708984375 0.2724609375 0.0107421875 0.337890625 0.01025390625 0.3759765625 0.01708984375 0.4189453125 0.03076171875 0.423828125 0.04052734375 0.4189453125 0.046875 0.419921875 0.052734375 0.4208984375 0.06494140625 0.421875 0.076171875 0.4189453125 0.08349609375 0.4169921875 0.091796875 0.4111328125 0.103515625 0.408203125 0.107421875 0.4130859375 0.11181640625 0.4150390625 0.11865234375 0.4091796875 0.12451171875 0.4033203125 0.13525390625 0.4013671875 0.14208984375 0.40234375 0.146484375 0.4091796875 0.15185546875 0.416015625 0.158203125 0.4140625 0.16552734375 0.4150390625 0.16943359375 0.4140625 0.17626953125 0.4091796875 0.1884765625 0.400390625 0.208984375 0.4013671875 0.22998046875 0.3984375 0.23779296875 0.384765625 0.2265625 0.376953125 0.2197265625 0.3642578125 0.21484375 0.3466796875 0.2119140625 0.3310546875 0.2099609375 0.3056640625 0.2060546875 0.2958984375 0.2099609375 0.2822265625 0.21337890625 0.263671875 0.20947265625 0.259765625 0.19384765625 0.263671875 0.185546875 0.26953125 0.17333984375 0.271484375 0.16650390625 0.26953125 0.15869140625 0.2724609375 0.15234375 0.2783203125 0.14453125 0.2822265625 0.13818359375 0.28125 0.1318359375 0.2822265625 0.12548828125 0.2861328125 0.11376953125 0.30078125 0.107421875 0.30078125 0.099609375 0.294921875 0.09423828125 0.28515625
11 0.51416015625 0.353515625 0.513671875 0.3388671875 0.51025390625 0.3408203125 0.51025390625 0.3544921875 0.51416015625 0.353515625
12 0.50341796875 0.3671875 0.5048828125 0.3701171875 0.5078125 0.3671875 0.50927734375 0.3701171875 0.5107421875 0.3662109375 0.50927734375 0.357421875 0.5126953125 0.349609375 0.5107421875 0.3466796875 0.5078125 0.3515625 0.5048828125 0.3447265625 0.50341796875 0.349609375 0.50634765625 0.361328125 0.50341796875 0.3671875
11 0.5 0.3701171875 0.50439453125 0.3720703125 0.50439453125 0.3505859375 0.4951171875 0.3525390625 0.4951171875 0.3642578125 0.5 0.3642578125 0.5 0.3701171875
8 0.4765625 0.3984375 0.47705078125 0.4052734375 0.47998046875 0.40234375 0.4814453125 0.39453125 0.4814453125 0.38671875 0.48046875 0.3798828125 0.47802734375 0.3779296875 0.47705078125 0.384765625 0.47705078125 0.3896484375 0.4765625 0.3984375
3 0.4765625 0.404296875 0.4765625 0.3876953125 0.47509765625 0.384765625 0.4716796875 0.3828125 0.4697265625 0.3837890625 0.4658203125 0.384765625 0.46630859375 0.4072265625 0.47021484375 0.41015625 0.4765625 0.404296875
3 0.462890625 0.4091796875 0.4677734375 0.4130859375 0.4697265625 0.4140625 0.47021484375 0.4033203125 0.4697265625 0.3994140625 0.4697265625 0.39453125 0.46923828125 0.3896484375 0.46875 0.3828125 0.4638671875 0.37890625 0.45947265625 0.3779296875 0.45947265625 0.3896484375 0.45947265625 0.3984375 0.462890625 0.4091796875
3 0.44140625 0.3984375 0.44189453125 0.41015625 0.44580078125 0.4150390625 0.44921875 0.41015625 0.45947265625 0.41015625 0.4609375 0.4140625 0.46484375 0.4140625 0.46630859375 0.4091796875 0.46484375 0.388671875 0.458984375 0.3779296875 0.453125 0.3759765625 0.44775390625 0.3798828125 0.44384765625 0.3837890625 0.44140625 0.392578125 0.44140625 0.3984375
8 0.42578125 0.3701171875 0.42138671875 0.3701171875 0.419921875 0.3740234375 0.42138671875 0.384765625 0.42919921875 0.3857421875 0.42919921875 0.376953125 0.42578125 0.3701171875
11 0.40478515625 0.373046875 0.40380859375 0.3623046875 0.39892578125 0.361328125 0.3984375 0.3720703125 0.40478515625 0.373046875
3 0.41455078125 0.4169921875 0.41748046875 0.423828125 0.4287109375 0.423828125 0.43701171875 0.423828125 0.4375 0.42578125 0.44091796875 0.42578125 0.4443359375 0.423828125 0.44580078125 0.41796875 0.44580078125 0.404296875 0.44287109375 0.384765625 0.43896484375 0.3798828125 0.43017578125 0.3779296875 0.4228515625 0.3798828125 0.4189453125 0.3857421875 0.416015625 0.3935546875 0.4130859375 0.400390625 0.41259765625 0.408203125 0.41455078125 0.4169921875
8 0.373046875 0.400390625 0.37890625 0.3994140625 0.37841796875 0.384765625 0.376953125 0.3701171875 0.375 0.3671875 0.3740234375 0.369140625 0.37255859375 0.3740234375 0.37109375 0.3798828125 0.369140625 0.3916015625 0.3701171875 0.3974609375 0.37060546875 0.3984375 0.373046875 0.400390625
8 0.36083984375 0.3720703125 0.35888671875 0.3671875 0.35791015625 0.3671875 0.35546875 0.3701171875 0.35400390625 0.37890625 0.35302734375 0.384765625 0.35302734375 0.392578125 0.36181640625 0.388671875 0.361328125 0.3779296875 0.36083984375 0.3720703125
12 0.474609375 0.3828125 0.47216796875 0.38671875 0.47216796875 0.392578125 0.47265625 0.39453125 0.47509765625 0.3974609375 0.478515625 0.3984375 0.47900390625 0.3916015625 0.47900390625 0.3857421875 0.47802734375 0.3837890625 0.474609375 0.3828125
14 0.58251953125 0.2587890625 0.5751953125 0.259765625 0.57080078125 0.26171875 0.56591796875 0.2685546875 0.56396484375 0.2802734375 0.55810546875 0.291015625 0.55078125 0.2919921875 0.5439453125 0.28125 0.537109375 0.263671875 0.53271484375 0.265625 0.52734375 0.2802734375 0.5234375 0.2978515625 0.51904296875 0.318359375 0.51611328125 0.337890625 0.51708984375 0.349609375 0.52197265625 0.359375 0.52294921875 0.375 0.52197265625 0.3974609375 0.5234375 0.4150390625 0.5234375 0.4326171875 0.5234375 0.4599609375 0.52880859375 0.47265625 0.54345703125 0.4814453125 0.58056640625 0.4853515625 0.6513671875 0.4853515625 0.69384765625 0.4853515625 0.6767578125 0.4765625 0.669921875 0.46875 0.677734375 0.4658203125 0.69580078125 0.4658203125 0.69921875 0.4580078125 0.6962890625 0.4541015625 0.68798828125 0.453125 0.67919921875 0.4462890625 0.67626953125 0.435546875 0.67724609375 0.421875 0.6787109375 0.4091796875 0.6787109375 0.3974609375 0.67919921875 0.38671875 0.68359375 0.3828125 0.70751953125 0.384765625 0.7197265625 0.384765625 0.734375 0.3837890625 0.73974609375 0.380859375 0.74658203125 0.3818359375 0.76171875 0.3837890625 0.7802734375 0.3837890625 0.7890625 0.3837890625 0.802734375 0.384765625 0.81689453125 0.384765625 0.83447265625 0.3876953125 0.84423828125 0.3837890625 0.8486328125 0.3837890625 0.8662109375 0.384765625 0.93359375 0.390625 0.97314453125 0.3662109375 0.94873046875 0.3583984375 0.93505859375 0.3564453125 0.9208984375 0.3564453125 0.90771484375 0.3544921875 0.8935546875 0.3515625 0.8818359375 0.3525390625 0.869140625 0.353515625 0.85888671875 0.3583984375 0.8505859375 0.3623046875 0.83837890625 0.3583984375 0.82763671875 0.357421875 0.81787109375 0.3583984375 0.80078125 0.361328125 0.78662109375 0.3583984375 0.77099609375 0.3525390625 0.76025390625 0.349609375 0.75 0.3486328125 0.740234375 0.3466796875 0.73046875 0.345703125 0.72265625 0.3486328125 0.712890625 0.3466796875 0.7060546875 0.345703125 0.69775390625 0.3486328125 0.68896484375 0.3515625 0.681640625 0.3486328125 0.67626953125 0.34765625 0.66455078125 0.3447265625 0.6533203125 0.3486328125 0.640625 0.34765625 0.63330078125 0.34765625 0.62939453125 0.3466796875 0.62548828125 0.33984375 0.6240234375 0.326171875 0.62841796875 0.3154296875 0.630859375 0.3037109375 0.62744140625 0.2958984375 0.62255859375 0.287109375 0.61376953125 0.26953125 0.60986328125 0.2578125 0.60009765625 0.2431640625 0.59423828125 0.2490234375 0.58935546875 0.2568359375 0.58251953125 0.2587890625
3 0.8232421875 0.435546875 0.82470703125 0.4423828125 0.82763671875 0.453125 0.8291015625 0.4609375 0.83203125 0.4658203125 0.8359375 0.466796875 0.83935546875 0.4658203125 0.841796875 0.4638671875 0.84326171875 0.4609375 0.84814453125 0.4619140625 0.85009765625 0.462890625 0.85205078125 0.462890625 0.8544921875 0.462890625 0.85693359375 0.462890625 0.8603515625 0.462890625 0.8642578125 0.462890625 0.87548828125 0.46484375 0.88232421875 0.4775390625 0.88525390625 0.4794921875 0.88916015625 0.4794921875 0.8955078125 0.4765625 0.8974609375 0.46875 0.9072265625 0.466796875 0.9228515625 0.46484375 0.9248046875 0.4755859375 0.92822265625 0.4794921875 0.93603515625 0.4794921875 0.94091796875 0.4619140625 0.9345703125 0.392578125 0.927734375 0.3798828125 0.919921875 0.3759765625 0.89306640625 0.375 0.8681640625 0.380859375 0.86376953125 0.3857421875 0.85498046875 0.3955078125 0.84912109375 0.40234375 0.84521484375 0.4052734375 0.84521484375 0.4091796875 0.83935546875 0.412109375 0.828125 0.4189453125 0.826171875 0.41796875 0.82421875 0.4248046875 0.8232421875 0.435546875
8 0.30322265625 0.3974609375 0.3076171875 0.3974609375 0.30908203125 0.3837890625 0.30859375 0.3720703125 0.3076171875 0.3603515625 0.3056640625 0.3583984375 0.3037109375 0.3583984375 0.302734375 0.359375 0.3017578125 0.3662109375 0.30078125 0.3740234375 0.30078125 0.3896484375 0.30322265625 0.3974609375
8 0.2939453125 0.392578125 0.29541015625 0.3984375 0.298828125 0.3994140625 0.302734375 0.3984375 0.30322265625 0.3935546875 0.30322265625 0.3798828125 0.30126953125 0.3720703125 0.2998046875 0.3681640625 0.2978515625 0.37109375 0.294921875 0.3798828125 0.2939453125 0.392578125
8 0.25341796875 0.3720703125 0.251953125 0.3798828125 0.2529296875 0.384765625 0.25390625 0.388671875 0.25439453125 0.3984375 0.25537109375 0.40625 0.2568359375 0.408203125 0.26025390625 0.408203125 0.26171875 0.3984375 0.26171875 0.3818359375 0.26025390625 0.3681640625 0.25732421875 0.359375 0.25537109375 0.361328125 0.25537109375 0.365234375 0.25341796875 0.3720703125
8 0.23974609375 0.380859375 0.24072265625 0.3896484375 0.2431640625 0.39453125 0.2451171875 0.3984375 0.24658203125 0.4033203125 0.24853515625 0.41015625 0.2548828125 0.41015625 0.2529296875 0.392578125 0.24951171875 0.384765625 0.24951171875 0.376953125 0.24658203125 0.3642578125 0.2421875 0.3642578125 0.240234375 0.3720703125 0.23974609375 0.380859375
8 0.22802734375 0.3740234375 0.2265625 0.3818359375 0.22900390625 0.390625 0.234375 0.3916015625 0.23583984375 0.3984375 0.23876953125 0.412109375 0.2451171875 0.412109375 0.24658203125 0.408203125 0.2451171875 0.4013671875 0.24072265625 0.388671875 0.23974609375 0.373046875 0.23828125 0.3642578125 0.23583984375 0.3662109375 0.23193359375 0.37109375 0.22802734375 0.3740234375
8 0.19287109375 0.361328125 0.1923828125 0.369140625 0.19140625 0.3759765625 0.1904296875 0.384765625 0.19189453125 0.388671875 0.1923828125 0.3984375 0.1923828125 0.41015625 0.1923828125 0.4169921875 0.19482421875 0.4189453125 0.1962890625 0.4189453125 0.1962890625 0.4130859375 0.1982421875 0.4189453125 0.2001953125 0.4189453125 0.20068359375 0.41796875 0.20068359375 0.4111328125 0.201171875 0.4013671875 0.20166015625 0.3974609375 0.2021484375 0.3876953125 0.201171875 0.376953125 0.19921875 0.3701171875 0.19921875 0.3583984375 0.19775390625 0.35546875 0.1953125 0.35546875 0.19287109375 0.361328125
3 0.3916015625 0.478515625 0.40380859375 0.48046875 0.41015625 0.48046875 0.4111328125 0.4892578125 0.41259765625 0.4931640625 0.4169921875 0.4931640625 0.42041015625 0.490234375 0.42236328125 0.4873046875 0.42431640625 0.4833984375 0.4248046875 0.4541015625 0.423828125 0.4404296875 0.42236328125 0.431640625 0.4267578125 0.4287109375 0.4267578125 0.4208984375 0.42626953125 0.4169921875 0.42333984375 0.4169921875 0.41943359375 0.4130859375 0.41552734375 0.3984375 0.41064453125 0.3935546875 0.40234375 0.390625 0.3896484375 0.3916015625 0.375 0.39453125 0.3671875 0.408203125 0.3720703125 0.4375 0.3828125 0.46484375 0.3916015625 0.478515625
3 0.28662109375 0.439453125 0.28173828125 0.4609375 0.28076171875 0.505859375 0.28076171875 0.5400390625 0.28369140625 0.5517578125 0.287109375 0.556640625 0.2890625 0.556640625 0.2939453125 0.5556640625 0.29638671875 0.5556640625 0.29736328125 0.5478515625 0.2978515625 0.5341796875 0.30126953125 0.5341796875 0.30615234375 0.5341796875 0.30810546875 0.5390625 0.3115234375 0.5400390625 0.31494140625 0.5361328125 0.31787109375 0.533203125 0.32275390625 0.5341796875 0.3291015625 0.5341796875 0.3359375 0.5341796875 0.34814453125 0.5341796875 0.361328125 0.533203125 0.3662109375 0.53515625 0.3681640625 0.548828125 0.37109375 0.5576171875 0.37890625 0.5556640625 0.3828125 0.5478515625 0.38427734375 0.5390625 0.388671875 0.537109375 0.39306640625 0.5341796875 0.3935546875 0.515625 0.39404296875 0.4736328125 0.390625 0.45703125 0.39013671875 0.44921875 0.392578125 0.443359375 0.39697265625 0.44140625 0.3974609375 0.439453125 0.39501953125 0.431640625 0.39111328125 0.4287109375 0.38720703125 0.4287109375 0.38623046875 0.4326171875 0.3818359375 0.419921875 0.376953125 0.400390625 0.3671875 0.3876953125 0.3515625 0.384765625 0.330078125 0.3828125 0.31103515625 0.3876953125 0.30078125 0.3955078125 0.296875 0.400390625 0.2939453125 0.4091796875 0.29296875 0.4140625 0.2900390625 0.427734375 0.28662109375 0.439453125