14 0.548828125 0.306640625 0.5537109375 0.283203125 0.54931640625 0.283203125 0.5478515625 0.283203125 0.5419921875 0.2822265625 0.54052734375 0.28125 0.5361328125 0.28125 0.53564453125 0.2861328125 0.53564453125 0.2900390625 0.53466796875 0.298828125 0.533203125 0.3017578125 0.53759765625 0.298828125 0.5361328125 0.302734375 0.53564453125 0.3076171875 0.5341796875 0.310546875 0.53125 0.3125 0.529296875 0.3134765625 0.52734375 0.31640625 0.5263671875 0.3291015625 0.52783203125 0.3291015625 0.52783203125 0.33984375 0.52880859375 0.3466796875 0.5263671875 0.34375 0.5234375 0.34375 0.51904296875 0.3408203125 0.51416015625 0.33984375 0.51123046875 0.33984375 0.50732421875 0.3408203125 0.50439453125 0.3408203125 0.50341796875 0.341796875 0.501953125 0.341796875 0.50048828125 0.345703125 0.5009765625 0.35546875 0.5478515625 0.3544921875 0.548828125 0.306640625
14 0.486328125 0.345703125 0.48876953125 0.3525390625 0.490234375 0.357421875 0.4921875 0.369140625 0.4931640625 0.3779296875 0.49609375 0.373046875 0.49609375 0.3671875 0.49560546875 0.359375 0.49560546875 0.3505859375 0.494140625 0.3466796875 0.4921875 0.345703125 0.49169921875 0.345703125 0.49169921875 0.3427734375 0.49365234375 0.3349609375 0.49169921875 0.33203125 0.48876953125 0.3310546875 0.48876953125 0.328125 0.4873046875 0.3193359375 0.484375 0.314453125 0.48193359375 0.3212890625 0.4892578125 0.337890625 0.48828125 0.34375 0.486328125 0.345703125
2 0.44384765625 0.3662109375 0.44384765625 0.3740234375 0.4453125 0.376953125 0.4462890625 0.369140625 0.44677734375 0.369140625 0.44677734375 0.4150390625 0.451171875 0.416015625 0.4521484375 0.4189453125 0.455078125 0.4208984375 0.45703125 0.41796875 0.462890625 0.4189453125 0.46435546875 0.4189453125 0.4697265625 0.419921875 0.4716796875 0.4150390625 0.474609375 0.4150390625 0.47607421875 0.41796875 0.47802734375 0.4189453125 0.4814453125 0.4150390625 0.4833984375 0.4150390625 0.484375 0.4189453125 0.48876953125 0.4189453125 0.48974609375 0.416015625 0.49365234375 0.4140625 0.4931640625 0.361328125 0.474609375 0.3544921875 0.44677734375 0.35546875 0.44580078125 0.3623046875 0.44384765625 0.3662109375
2 0.5361328125 0.421875 0.54052734375 0.423828125 0.544921875 0.4208984375 0.5478515625 0.423828125 0.552734375 0.4208984375 0.5546875 0.41796875 0.61083984375 0.4169921875 0.61181640625 0.419921875 0.61669921875 0.4208984375 0.62158203125 0.41796875 0.646484375 0.4150390625 0.658203125 0.41015625 0.6572265625 0.3818359375 0.654296875 0.35546875 0.6552734375 0.34375 0.5126953125 0.34375 0.49658203125 0.3466796875 0.49755859375 0.416015625 0.5107421875 0.4189453125 0.53369140625 0.419921875 0.5361328125 0.421875
12 0.634765625 0.3544921875 0.63525390625 0.3642578125 0.63525390625 0.37890625 0.64013671875 0.37890625 0.63916015625 0.359375 0.63916015625 0.345703125 0.638671875 0.33984375 0.63671875 0.333984375 0.63525390625 0.3359375 0.6357421875 0.34765625 0.6357421875 0.3505859375 0.634765625 0.3544921875
11 0.65380859375 0.3173828125 0.654296875 0.3115234375 0.6533203125 0.3115234375 0.65283203125 0.310546875 0.65478515625 0.3095703125 0.6533203125 0.3056640625 0.65478515625 0.3017578125 0.64990234375 0.302734375 0.64990234375 0.314453125 0.65087890625 0.318359375 0.65380859375 0.3173828125
12 0.6240234375 0.3251953125 0.62841796875 0.326171875 0.630859375 0.3232421875 0.63232421875 0.31640625 0.62939453125 0.30859375 0.62548828125 0.3076171875 0.62158203125 0.3125 0.62255859375 0.3203125 0.6240234375 0.3251953125
12 0.62744140625 0.328125 0.623046875 0.3359375 0.62744140625 0.345703125 0.63232421875 0.3349609375 0.62744140625 0.328125
11 0.5263671875 0.275390625 0.529296875 0.2763671875 0.5322265625 0.2724609375 0.53173828125 0.25 0.5283203125 0.24609375 0.525390625 0.2470703125 0.5244140625 0.2548828125 0.5244140625 0.2705078125 0.5263671875 0.275390625
11 0.537109375 0.271484375 0.53955078125 0.2666015625 0.5390625 0.2529296875 0.53662109375 0.2509765625 0.53466796875 0.25390625 0.53466796875 0.265625 0.5361328125 0.271484375 0.537109375 0.271484375
11 0.6083984375 0.337890625 0.6083984375 0.3447265625 0.60791015625 0.3466796875 0.607421875 0.353515625 0.607421875 0.359375 0.60888671875 0.365234375 0.61279296875 0.3681640625 0.61572265625 0.3623046875 0.6171875 0.365234375 0.61767578125 0.3662109375 0.623046875 0.3662109375 0.6240234375 0.3486328125 0.62255859375 0.330078125 0.61767578125 0.3232421875 0.61181640625 0.328125 0.6123046875 0.3310546875 0.61376953125 0.3349609375 0.6083984375 0.337890625
12 0.654296875 0.2939453125 0.654296875 0.3251953125 0.66552734375 0.3251953125 0.66455078125 0.2939453125 0.654296875 0.2939453125
0 0.77294921875 0.4638671875 0.7705078125 0.46875 0.77197265625 0.4755859375 0.77392578125 0.474609375 0.775390625 0.4775390625 0.77783203125 0.4765625 0.78125 0.484375 0.7841796875 0.478515625 0.7822265625 0.458984375 0.78466796875 0.453125 0.783203125 0.4423828125 0.78564453125 0.4375 0.7822265625 0.4375 0.78125 0.4306640625 0.7802734375 0.4169921875 0.77734375 0.4169921875 0.77734375 0.408203125 0.7734375 0.408203125 0.77001953125 0.4091796875 0.771484375 0.400390625 0.779296875 0.3955078125 0.78173828125 0.3916015625 0.78515625 0.3916015625 0.78466796875 0.3876953125 0.78125 0.3857421875 0.7783203125 0.3916015625 0.77294921875 0.3935546875 0.76806640625 0.3916015625 0.76220703125 0.3857421875 0.75634765625 0.390625 0.75634765625 0.3935546875 0.759765625 0.3935546875 0.7626953125 0.3935546875 0.77001953125 0.4140625 0.7705078125 0.42578125 0.77294921875 0.4638671875
12 0.7578125 0.3046875 0.76416015625 0.30859375 0.77197265625 0.3017578125 0.7744140625 0.2890625 0.77294921875 0.27734375 0.76513671875 0.2705078125 0.75732421875 0.2744140625 0.7548828125 0.287109375 0.75537109375 0.2958984375 0.7578125 0.3046875
11 0.4443359375 0.380859375 0.4423828125 0.37890625 0.4443359375 0.376953125 0.4423828125 0.37109375 0.4384765625 0.37109375 0.43896484375 0.3837890625 0.44287109375 0.3837890625 0.4443359375 0.380859375
9 0.43505859375 0.404296875 0.4326171875 0.3994140625 0.42919921875 0.40625 0.4248046875 0.404296875 0.4228515625 0.400390625 0.42138671875 0.396484375 0.419921875 0.4013671875 0.41845703125 0.408203125 0.423828125 0.4091796875 0.43408203125 0.4091796875 0.43505859375 0.404296875
11 0.4130859375 0.3876953125 0.41455078125 0.3818359375 0.4150390625 0.37890625 0.4150390625 0.3759765625 0.41259765625 0.3759765625 0.4111328125 0.3720703125 0.40966796875 0.3759765625 0.41015625 0.390625 0.412109375 0.390625 0.4130859375 0.3876953125
11 0.38818359375 0.3681640625 0.39013671875 0.3642578125 0.38720703125 0.361328125 0.38720703125 0.3740234375 0.38818359375 0.373046875 0.38916015625 0.37109375 0.38818359375 0.3681640625
11 0.36962890625 0.359375 0.36767578125 0.357421875 0.3681640625 0.35546875 0.369140625 0.35546875 0.369140625 0.3505859375 0.36376953125 0.3486328125 0.3642578125 0.3662109375 0.3671875 0.3662109375 0.36865234375 0.3623046875 0.36962890625 0.359375
12 0.3623046875 0.37890625 0.3623046875 0.390625 0.3671875 0.390625 0.3671875 0.37890625 0.36572265625 0.3779296875 0.3671875 0.373046875 0.3671875 0.369140625 0.36474609375 0.3662109375 0.36279296875 0.369140625 0.36279296875 0.3759765625 0.3642578125 0.37890625 0.3623046875 0.37890625
11 0.34423828125 0.3857421875 0.3447265625 0.3779296875 0.34375 0.369140625 0.3408203125 0.369140625 0.3408203125 0.3828125 0.341796875 0.384765625 0.34423828125 0.3857421875
11 0.3330078125 0.3740234375 0.3310546875 0.373046875 0.32958984375 0.373046875 0.3271484375 0.369140625 0.32763671875 0.380859375 0.33154296875 0.3798828125 0.33203125 0.376953125 0.3330078125 0.3740234375
11 0.322265625 0.365234375 0.32275390625 0.369140625 0.3212890625 0.369140625 0.3212890625 0.37109375 0.32275390625 0.373046875 0.32275390625 0.3798828125 0.3251953125 0.380859375 0.3251953125 0.361328125 0.32080078125 0.3623046875 0.3203125 0.365234375 0.322265625 0.365234375
14 0 0.19140625 0.00390625 0.2294921875 0.0078125 0.2529296875 0.01220703125 0.27734375 0.01171875 0.2900390625 0.013671875 0.3125 0.01904296875 0.3349609375 0.0234375 0.3466796875 0.03125 0.359375 0.04345703125 0.359375 0.0517578125 0.3544921875 0.05908203125 0.3427734375 0.06103515625 0.337890625 0.0634765625 0.3544921875 0.05908203125 0.4248046875 0.06689453125 0.427734375 0.0712890625 0.3583984375 0.083984375 0.333984375 0.08544921875 0.3193359375 0.09521484375 0.30078125 0.1044921875 0.275390625 0.1494140625 0.263671875 0.16845703125 0.263671875 0.19140625 0.2822265625 0.2109375 0.283203125 0.21240234375 0.2490234375 0.21484375 0.2470703125 0.21630859375 0.2822265625 0.224609375 0.271484375 0.2294921875 0.26171875 0.23046875 0.236328125 0.224609375 0.2099609375 0.21533203125 0.1806640625 0.2099609375 0.166015625 0.2109375 0.1572265625 0.21435546875 0.154296875 0.22265625 0.1513671875 0.2265625 0.1474609375 0.23779296875 0.1435546875 0.23779296875 0.1396484375 0.23388671875 0.09765625 0.2294921875 0.0703125 0.2158203125 0.064453125 0.203125 0.060546875 0.1923828125 0.0400390625 0.20703125 0.0029296875 0.13818359375 0 0.1298828125 0.0029296875 0.11328125 0.009765625 0.07666015625 0 0.06396484375 0.0087890625 0.04931640625 0.013671875 0.03564453125 0.0263671875 0.0283203125 0.0732421875 0.015625 0.0830078125 0.001953125 0.087890625 0 0.0986328125 0 0.1650390625 0 0.1748046875 0 0.19140625
14 0.12890625 0.3662109375 0.1484375 0.3671875 0.15087890625 0.3642578125 0.1591796875 0.361328125 0.16748046875 0.359375 0.173828125 0.35546875 0.17822265625 0.3525390625 0.18603515625 0.345703125 0.19482421875 0.3349609375 0.19580078125 0.3212890625 0.201171875 0.302734375 0.19775390625 0.294921875 0.19482421875 0.2685546875 0.1923828125 0.2509765625 0.189453125 0.2373046875 0.17626953125 0.2265625 0.17041015625 0.224609375 0.16455078125 0.21875 0.1572265625 0.216796875 0.15576171875 0.1982421875 0.1533203125 0.1943359375 0.1484375 0.18359375 0.134765625 0.1904296875 0.12451171875 0.189453125 0.115234375 0.197265625 0.10888671875 0.2041015625 0.10205078125 0.216796875 0.09375 0.23046875 0.08837890625 0.2392578125 0.08349609375 0.2509765625 0.0810546875 0.265625 0.07568359375 0.2763671875 0.0810546875 0.2958984375 0.0859375 0.3046875 0.0859375 0.337890625 0.087890625 0.3427734375 0.087890625 0.3466796875 0.091796875 0.3623046875 0.0947265625 0.3759765625 0.0986328125 0.3779296875 0.1025390625 0.376953125 0.10791015625 0.373046875 0.115234375 0.373046875 0.12109375 0.369140625 0.12451171875 0.3642578125 0.12646484375 0.3623046875 0.1259765625 0.3759765625 0.125 0.3935546875 0.12451171875 0.404296875 0.1259765625 0.4091796875 0.13037109375 0.404296875 0.12890625 0.3662109375
14 0.17822265625 0.421875 0.17919921875 0.419921875 0.18017578125 0.412109375 0.1767578125 0.4072265625 0.17041015625 0.404296875 0.16845703125 0.40625 0.1669921875 0.4072265625 0.16552734375 0.408203125 0.158203125 0.4072265625 0.15576171875 0.4072265625 0.15478515625 0.4091796875 0.15283203125 0.4130859375 0.15283203125 0.416015625 0.15380859375 0.419921875 0.15625 0.4296875 0.169921875 0.4296875 0.17236328125 0.4306640625 0.17822265625 0.421875
11 0.30517578125 0.3681640625 0.302734375 0.3642578125 0.30517578125 0.361328125 0.30517578125 0.359375 0.3017578125 0.3564453125 0.3017578125 0.3544921875 0.30517578125 0.3505859375 0.30517578125 0.3486328125 0.29833984375 0.345703125 0.298828125 0.376953125 0.30224609375 0.373046875 0.3046875 0.37109375 0.30517578125 0.3681640625
10 0.31201171875 0.4052734375 0.310546875 0.41015625 0.310546875 0.4130859375 0.31298828125 0.4140625 0.3134765625 0.423828125 0.3134765625 0.431640625 0.314453125 0.439453125 0.3134765625 0.4453125 0.3134765625 0.4501953125 0.31494140625 0.447265625 0.3154296875 0.431640625 0.31591796875 0.421875 0.3173828125 0.4248046875 0.3193359375 0.43359375 0.32080078125 0.4384765625 0.3212890625 0.435546875 0.3203125 0.423828125 0.31982421875 0.416015625 0.32275390625 0.4150390625 0.32177734375 0.4052734375 0.3203125 0.3994140625 0.31787109375 0.3994140625 0.31787109375 0.3916015625 0.31591796875 0.390625 0.314453125 0.3935546875 0.314453125 0.3994140625 0.31298828125 0.400390625 0.31201171875 0.4052734375
0 0.31201171875 0.416015625 0.31396484375 0.423828125 0.3134765625 0.4296875 0.3134765625 0.435546875 0.314453125 0.4482421875 0.3154296875 0.453125 0.3173828125 0.44921875 0.31982421875 0.451171875 0.3203125 0.447265625 0.31982421875 0.439453125 0.3193359375 0.4296875 0.31787109375 0.4296875 0.3173828125 0.4248046875 0.3193359375 0.4208984375 0.3203125 0.4150390625 0.32177734375 0.412109375 0.314453125 0.41015625 0.31005859375 0.41015625 0.31103515625 0.4140625 0.31201171875 0.4150390625 0.31201171875 0.416015625