14 0.4033203125 0.337890625 0.40234375 0.3515625 0.4130859375 0.3779296875 0.43359375 0.3837890625 0.43603515625 0.365234375 0.43505859375 0.3515625 0.4326171875 0.3291015625 0.4267578125 0.310546875 0.42236328125 0.3193359375 0.41943359375 0.3447265625 0.4033203125 0.337890625
14 0.412109375 0.3544921875 0.41455078125 0.365234375 0.4150390625 0.3740234375 0.41455078125 0.3798828125 0.41650390625 0.3896484375 0.4228515625 0.376953125 0.4228515625 0.37109375 0.42138671875 0.3662109375 0.42529296875 0.361328125 0.423828125 0.349609375 0.4150390625 0.3447265625 0.412109375 0.3544921875
12 0.271484375 0.3681640625 0.26953125 0.37890625 0.26611328125 0.4658203125 0.27294921875 0.474609375 0.26220703125 0.482421875 0.26220703125 0.4873046875 0.28076171875 0.4873046875 0.287109375 0.4853515625 0.2861328125 0.478515625 0.27490234375 0.4755859375 0.28125 0.4697265625 0.2822265625 0.3818359375 0.28076171875 0.3798828125 0.28173828125 0.3720703125 0.27978515625 0.3662109375 0.2802734375 0.3564453125 0.27978515625 0.3515625 0.2763671875 0.34765625 0.2734375 0.349609375 0.271484375 0.357421875 0.271484375 0.3681640625
0 0.181640625 0.3955078125 0.17919921875 0.4296875 0.1728515625 0.4345703125 0.17138671875 0.44921875 0.16455078125 0.4580078125 0.16015625 0.4677734375 0.15625 0.4921875 0.1552734375 0.515625 0.15966796875 0.5361328125 0.1650390625 0.5400390625 0.17041015625 0.5361328125 0.17529296875 0.52734375 0.18017578125 0.4990234375 0.1806640625 0.4736328125 0.1787109375 0.4619140625 0.18017578125 0.4541015625 0.1904296875 0.4921875 0.1875 0.5 0.1884765625 0.5078125 0.1904296875 0.513671875 0.1943359375 0.513671875 0.19580078125 0.5029296875 0.19580078125 0.5205078125 0.20263671875 0.52734375 0.208984375 0.537109375 0.2177734375 0.53125 0.22216796875 0.5224609375 0.22509765625 0.5078125 0.2275390625 0.486328125 0.2265625 0.46484375 0.22265625 0.455078125 0.22509765625 0.4423828125 0.21142578125 0.44140625 0.20166015625 0.4345703125 0.181640625 0.4248046875 0.18505859375 0.39453125 0.19970703125 0.3955078125 0.19921875 0.3916015625 0.17431640625 0.3837890625 0.16845703125 0.38671875 0.16943359375 0.3935546875 0.181640625 0.3955078125
10 0.19287109375 0.328125 0.1884765625 0.3291015625 0.181640625 0.349609375 0.1748046875 0.365234375 0.16455078125 0.380859375 0.16455078125 0.3896484375 0.16796875 0.3935546875 0.1767578125 0.3857421875 0.1884765625 0.3720703125 0.19140625 0.3974609375 0.1826171875 0.41015625 0.181640625 0.423828125 0.18896484375 0.43359375 0.1982421875 0.421875 0.20361328125 0.4248046875 0.2001953125 0.45703125 0.20068359375 0.484375 0.19677734375 0.51171875 0.193359375 0.5185546875 0.19970703125 0.5234375 0.2080078125 0.51953125 0.2080078125 0.5068359375 0.2109375 0.466796875 0.208984375 0.451171875 0.21337890625 0.427734375 0.2177734375 0.421875 0.22119140625 0.40625 0.21923828125 0.3837890625 0.21728515625 0.345703125 0.212890625 0.3291015625 0.20751953125 0.32421875 0.20556640625 0.31640625 0.20361328125 0.3017578125 0.1982421875 0.2978515625 0.19384765625 0.2958984375 0.19189453125 0.2998046875 0.18896484375 0.3115234375 0.19287109375 0.328125
3 0.37646484375 0.4462890625 0.376953125 0.482421875 0.384765625 0.48046875 0.3857421875 0.470703125 0.38720703125 0.470703125 0.38818359375 0.4765625 0.39453125 0.4755859375 0.39404296875 0.4697265625 0.42529296875 0.470703125 0.4296875 0.474609375 0.4306640625 0.48046875 0.43017578125 0.484375 0.4384765625 0.484375 0.4404296875 0.4794921875 0.44384765625 0.4775390625 0.44482421875 0.4482421875 0.44482421875 0.4345703125 0.4423828125 0.416015625 0.44873046875 0.416015625 0.44921875 0.4091796875 0.4443359375 0.4052734375 0.4404296875 0.41015625 0.43359375 0.3798828125 0.41796875 0.376953125 0.4013671875 0.376953125 0.3896484375 0.37890625 0.3876953125 0.3798828125 0.38037109375 0.41015625 0.37646484375 0.4462890625
5 0.5068359375 0.38671875 0.5029296875 0.384765625 0.5029296875 0.3818359375 0.49853515625 0.3818359375 0.498046875 0.3857421875 0.4951171875 0.3857421875 0.494140625 0.392578125 0.48486328125 0.3916015625 0.48095703125 0.4140625 0.484375 0.42578125 0.4921875 0.427734375 0.509765625 0.4140625 0.509765625 0.41015625 0.5126953125 0.4091796875 0.51318359375 0.4072265625 0.513671875 0.40234375 0.51025390625 0.390625 0.50732421875 0.3935546875 0.5068359375 0.38671875
3 0.447265625 0.4375 0.45263671875 0.439453125 0.45361328125 0.4345703125 0.47998046875 0.4345703125 0.4794921875 0.44140625 0.48583984375 0.4384765625 0.48583984375 0.4111328125 0.48486328125 0.3525390625 0.47705078125 0.349609375 0.4638671875 0.3466796875 0.45166015625 0.3486328125 0.45068359375 0.3525390625 0.44921875 0.365234375 0.447265625 0.4375
14 0.52783203125 0.369140625 0.52587890625 0.373046875 0.52490234375 0.3779296875 0.52392578125 0.37890625 0.521484375 0.380859375 0.51953125 0.380859375 0.5166015625 0.3798828125 0.51318359375 0.3818359375 0.51416015625 0.384765625 0.51513671875 0.38671875 0.51611328125 0.388671875 0.51953125 0.390625 0.52099609375 0.392578125 0.52294921875 0.3955078125 0.52587890625 0.396484375 0.53076171875 0.388671875 0.53271484375 0.3818359375 0.53173828125 0.3564453125 0.5302734375 0.357421875 0.5283203125 0.361328125 0.5283203125 0.365234375 0.52783203125 0.369140625
12 0.55078125 0.3740234375 0.552734375 0.3779296875 0.5556640625 0.3759765625 0.55615234375 0.373046875 0.55615234375 0.3681640625 0.5546875 0.365234375 0.55224609375 0.365234375 0.55126953125 0.3671875 0.55029296875 0.3701171875 0.55078125 0.3740234375
12 0.5908203125 0.3125 0.59326171875 0.3173828125 0.59033203125 0.318359375 0.5908203125 0.337890625 0.59814453125 0.337890625 0.5986328125 0.318359375 0.5947265625 0.318359375 0.59619140625 0.3154296875 0.59716796875 0.30859375 0.5966796875 0.3037109375 0.59521484375 0.30078125 0.591796875 0.302734375 0.59130859375 0.306640625 0.5908203125 0.3125
12 0.60888671875 0.2919921875 0.61181640625 0.2958984375 0.607421875 0.2978515625 0.60791015625 0.322265625 0.6201171875 0.3203125 0.61962890625 0.2958984375 0.6162109375 0.2958984375 0.6181640625 0.2939453125 0.619140625 0.2841796875 0.61865234375 0.2783203125 0.615234375 0.275390625 0.6123046875 0.2744140625 0.609375 0.2783203125 0.60888671875 0.28515625 0.60888671875 0.2919921875
5 0.54443359375 0.41796875 0.55029296875 0.421875 0.552734375 0.4248046875 0.5576171875 0.4228515625 0.56005859375 0.4287109375 0.5654296875 0.4248046875 0.58544921875 0.3818359375 0.5810546875 0.37890625 0.5634765625 0.3837890625 0.556640625 0.384765625 0.5498046875 0.3857421875 0.54248046875 0.3916015625 0.537109375 0.392578125 0.53662109375 0.3837890625 0.52783203125 0.3837890625 0.52685546875 0.39453125 0.5234375 0.3974609375 0.52001953125 0.4052734375 0.5205078125 0.40625 0.52392578125 0.4072265625 0.529296875 0.408203125 0.53759765625 0.408203125 0.5380859375 0.4130859375 0.54443359375 0.41796875
3 0.5703125 0.439453125 0.5703125 0.4384765625 0.57080078125 0.435546875 0.572265625 0.43359375 0.59521484375 0.421875 0.5947265625 0.38671875 0.5908203125 0.37890625 0.57666015625 0.37890625 0.5673828125 0.3857421875 0.5634765625 0.40234375 0.5625 0.400390625 0.5595703125 0.4013671875 0.56005859375 0.40625 0.56298828125 0.40625 0.56103515625 0.4150390625 0.56201171875 0.4375 0.56494140625 0.4375 0.56689453125 0.439453125 0.5703125 0.439453125
3 0.59033203125 0.40234375 0.5859375 0.404296875 0.58642578125 0.4111328125 0.5888671875 0.4111328125 0.5869140625 0.4189453125 0.58544921875 0.4306640625 0.58740234375 0.4560546875 0.58935546875 0.4677734375 0.59521484375 0.46875 0.59521484375 0.4736328125 0.6044921875 0.474609375 0.6044921875 0.4638671875 0.6455078125 0.4501953125 0.6494140625 0.3974609375 0.638671875 0.369140625 0.62158203125 0.3701171875 0.60107421875 0.375 0.59814453125 0.376953125 0.59375 0.3916015625 0.59033203125 0.40234375
3 0.66162109375 0.3427734375 0.6533203125 0.3681640625 0.6474609375 0.3935546875 0.6435546875 0.412109375 0.64111328125 0.4033203125 0.63134765625 0.4091796875 0.6318359375 0.4208984375 0.64306640625 0.4189453125 0.63671875 0.4384765625 0.634765625 0.455078125 0.634765625 0.46875 0.63525390625 0.48828125 0.63720703125 0.5146484375 0.64013671875 0.5283203125 0.6513671875 0.529296875 0.65185546875 0.51953125 0.6533203125 0.51171875 0.65869140625 0.5146484375 0.65869140625 0.533203125 0.66162109375 0.5478515625 0.673828125 0.55078125 0.673828125 0.5390625 0.67578125 0.5205078125 0.685546875 0.515625 0.69970703125 0.5166015625 0.7470703125 0.333984375 0.74365234375 0.328125 0.73974609375 0.3212890625 0.734375 0.3203125 0.72802734375 0.322265625 0.72216796875 0.330078125 0.69775390625 0.3330078125 0.67578125 0.3369140625 0.67578125 0.3310546875 0.66943359375 0.3330078125 0.66162109375 0.3427734375
3 0.71826171875 0.361328125 0.7109375 0.3837890625 0.7041015625 0.4150390625 0.70263671875 0.408203125 0.69921875 0.41015625 0.69384765625 0.4248046875 0.6953125 0.4306640625 0.6982421875 0.4345703125 0.693359375 0.4609375 0.68994140625 0.484375 0.6904296875 0.5029296875 0.6904296875 0.515625 0.6904296875 0.5400390625 0.69384765625 0.5673828125 0.6982421875 0.583984375 0.7109375 0.5849609375 0.7138671875 0.5771484375 0.716796875 0.5634765625 0.7294921875 0.572265625 0.72998046875 0.5908203125 0.73291015625 0.61328125 0.73486328125 0.62109375 0.74365234375 0.626953125 0.75 0.623046875 0.75390625 0.6171875 0.75830078125 0.599609375 0.759765625 0.5810546875 0.7841796875 0.580078125 0.83935546875 0.4775390625 0.8603515625 0.3369140625 0.85400390625 0.3271484375 0.84228515625 0.3203125 0.82568359375 0.318359375 0.7978515625 0.3193359375 0.75732421875 0.3291015625 0.744140625 0.3330078125 0.7294921875 0.3408203125 0.71826171875 0.361328125
3 0.8203125 0.388671875 0.80224609375 0.4482421875 0.7998046875 0.4404296875 0.7822265625 0.4462890625 0.78125 0.470703125 0.7841796875 0.474609375 0.77685546875 0.482421875 0.77001953125 0.513671875 0.77001953125 0.53125 0.76806640625 0.5439453125 0.7685546875 0.560546875 0.77001953125 0.5771484375 0.76953125 0.6171875 0.77490234375 0.650390625 0.7802734375 0.6787109375 0.79248046875 0.6884765625 0.80859375 0.681640625 0.8125 0.6728515625 0.8173828125 0.65625 0.81787109375 0.646484375 0.869140625 0.6923828125 0.873046875 0.7412109375 0.87890625 0.7724609375 0.88525390625 0.7900390625 0.89599609375 0.7998046875 0.9140625 0.796875 0.91943359375 0.78125 0.9208984375 0.759765625 0.921875 0.7431640625 0.92724609375 0.7421875 0.93408203125 0.7412109375 0.99951171875 0.728515625 0.99951171875 0.3046875 0.93701171875 0.3134765625 0.88525390625 0.3271484375 0.857421875 0.3369140625 0.8330078125 0.353515625 0.8203125 0.388671875