14 0.521484375 0.2275390625 0.5166015625 0.2255859375 0.51220703125 0.2275390625 0.50927734375 0.236328125 0.50830078125 0.2373046875 0.50732421875 0.2392578125 0.50390625 0.240234375 0.49560546875 0.2333984375 0.49560546875 0.2392578125 0.49462890625 0.2451171875 0.494140625 0.2490234375 0.494140625 0.2529296875 0.49365234375 0.2578125 0.4892578125 0.2685546875 0.48876953125 0.2783203125 0.48876953125 0.2822265625 0.48876953125 0.287109375 0.48876953125 0.2998046875 0.48876953125 0.302734375 0.48828125 0.3056640625 0.4873046875 0.3125 0.48828125 0.314453125 0.48876953125 0.3173828125 0.48828125 0.3193359375 0.48681640625 0.3232421875 0.484375 0.326171875 0.48486328125 0.330078125 0.48583984375 0.33203125 0.48681640625 0.3349609375 0.4873046875 0.33984375 0.48876953125 0.3408203125 0.490234375 0.3408203125 0.4892578125 0.3447265625 0.49072265625 0.3447265625 0.4921875 0.349609375 0.49365234375 0.349609375 0.494140625 0.3505859375 0.4990234375 0.3544921875 0.50048828125 0.359375 0.50439453125 0.3603515625 0.5078125 0.365234375 0.50927734375 0.3662109375 0.515625 0.3681640625 0.51953125 0.3701171875 0.52734375 0.369140625 0.53466796875 0.37109375 0.537109375 0.3681640625 0.53564453125 0.2470703125 0.529296875 0.2431640625 0.52734375 0.2412109375 0.52587890625 0.2353515625 0.521484375 0.2275390625
14 0.45947265625 0.3408203125 0.45947265625 0.33984375 0.4599609375 0.337890625 0.4619140625 0.3330078125 0.4619140625 0.3310546875 0.46044921875 0.328125 0.46044921875 0.32421875 0.4609375 0.3232421875 0.46240234375 0.3173828125 0.46044921875 0.3125 0.4599609375 0.310546875 0.4599609375 0.30859375 0.4609375 0.3046875 0.4619140625 0.302734375 0.46044921875 0.296875 0.45947265625 0.2939453125 0.4560546875 0.2880859375 0.45458984375 0.2861328125 0.453125 0.2744140625 0.45068359375 0.271484375 0.44873046875 0.271484375 0.44970703125 0.26171875 0.44384765625 0.2568359375 0.4560546875 0.345703125 0.45849609375 0.3466796875 0.45849609375 0.341796875 0.45849609375 0.3408203125 0.45947265625 0.3408203125
14 0.49951171875 0.3603515625 0.49658203125 0.359375 0.49560546875 0.359375 0.4921875 0.359375 0.490234375 0.3681640625 0.50146484375 0.3681640625 0.50048828125 0.361328125 0.49951171875 0.3603515625
14 0.490234375 0.3759765625 0.49560546875 0.3779296875 0.5263671875 0.3828125 0.52734375 0.3701171875 0.51806640625 0.3701171875 0.498046875 0.3701171875 0.4951171875 0.3662109375 0.4931640625 0.3662109375 0.49169921875 0.3671875 0.49072265625 0.369140625 0.48486328125 0.3681640625 0.484375 0.3818359375 0.48779296875 0.380859375 0.48779296875 0.3779296875 0.490234375 0.3759765625
14 0.61474609375 0.259765625 0.61181640625 0.265625 0.61474609375 0.2734375 0.6171875 0.27734375 0.61767578125 0.28515625 0.61328125 0.2880859375 0.61328125 0.2939453125 0.6142578125 0.3017578125 0.61572265625 0.3056640625 0.6171875 0.310546875 0.6171875 0.3212890625 0.619140625 0.322265625 0.619140625 0.330078125 0.61767578125 0.3310546875 0.6171875 0.3310546875 0.61669921875 0.3408203125 0.6171875 0.3427734375 0.61865234375 0.345703125 0.619140625 0.3544921875 0.61865234375 0.361328125 0.61767578125 0.361328125 0.61669921875 0.369140625 0.615234375 0.3720703125 0.61376953125 0.3759765625 0.61328125 0.3759765625 0.6171875 0.3798828125 0.63134765625 0.3798828125 0.6357421875 0.3779296875 0.6376953125 0.2724609375 0.62939453125 0.2470703125 0.623046875 0.251953125 0.62255859375 0.251953125 0.62060546875 0.2548828125 0.61474609375 0.259765625
12 0.49609375 0.35546875 0.50048828125 0.35546875 0.49853515625 0.3466796875 0.49609375 0.35546875
12 0.51904296875 0.3486328125 0.513671875 0.3486328125 0.513671875 0.3525390625 0.51904296875 0.3525390625 0.51904296875 0.3486328125
12 0.521484375 0.3544921875 0.51904296875 0.3525390625 0.51806640625 0.353515625 0.51708984375 0.3564453125 0.51806640625 0.3603515625 0.51953125 0.3603515625 0.521484375 0.3583984375 0.521484375 0.3544921875
12 0.55029296875 0.3486328125 0.55224609375 0.345703125 0.55126953125 0.341796875 0.54833984375 0.341796875 0.5478515625 0.3447265625 0.548828125 0.34765625 0.55029296875 0.3486328125
12 0.6728515625 0.3076171875 0.6708984375 0.3056640625 0.65625 0.3046875 0.65673828125 0.337890625 0.67236328125 0.3369140625 0.6728515625 0.3076171875
8 0.67138671875 0.396484375 0.67138671875 0.408203125 0.67138671875 0.4150390625 0.673828125 0.4169921875 0.673828125 0.3603515625 0.6708984375 0.3681640625 0.669921875 0.3818359375 0.669921875 0.390625 0.67138671875 0.396484375
12 0.68408203125 0.26953125 0.67919921875 0.271484375 0.6787109375 0.28125 0.68408203125 0.2783203125 0.68408203125 0.26953125
12 0.671875 0.3095703125 0.67529296875 0.3125 0.6806640625 0.310546875 0.6826171875 0.3076171875 0.68359375 0.2978515625 0.6806640625 0.2900390625 0.677734375 0.2880859375 0.673828125 0.2900390625 0.6708984375 0.296875 0.6708984375 0.302734375 0.671875 0.3095703125
12 0.77197265625 0.2509765625 0.7822265625 0.2890625 0.7919921875 0.251953125 0.77197265625 0.2509765625
11 0.7060546875 0.265625 0.71240234375 0.2705078125 0.7119140625 0.2734375 0.7060546875 0.275390625 0.69873046875 0.27734375 0.70068359375 0.2841796875 0.70703125 0.2861328125 0.70703125 0.29296875 0.7001953125 0.2939453125 0.70068359375 0.2978515625 0.705078125 0.3046875 0.70654296875 0.310546875 0.71826171875 0.3125 0.716796875 0.2578125 0.71044921875 0.2578125 0.7099609375 0.259765625 0.7060546875 0.263671875 0.7060546875 0.265625
11 0.869140625 0 0.8681640625 0.0146484375 0.8681640625 0.0224609375 0.86767578125 0.06640625 0.8701171875 0.068359375 0.87109375 0.0732421875 0.87353515625 0.076171875 0.87890625 0.0615234375 0.88525390625 0.056640625 0.8857421875 0.0498046875 0.88037109375 0.048828125 0.8798828125 0.037109375 0.88427734375 0.037109375 0.88720703125 0.03125 0.88671875 0.0263671875 0.88037109375 0.025390625 0.88037109375 0 0.869140625 0
11 0.8388671875 0.294921875 0.84130859375 0.291015625 0.84326171875 0.287109375 0.8349609375 0.28515625 0.8349609375 0.283203125 0.8369140625 0.27734375 0.841796875 0.275390625 0.84326171875 0.2666015625 0.83544921875 0.263671875 0.8369140625 0.259765625 0.8427734375 0.2548828125 0.84375 0.248046875 0.8359375 0.24609375 0.8291015625 0.24609375 0.828125 0.298828125 0.8349609375 0.2958984375 0.8388671875 0.294921875
12 0.82177734375 0.240234375 0.822265625 0.2529296875 0.8310546875 0.2529296875 0.83154296875 0.2412109375 0.82177734375 0.240234375
11 0.82958984375 0.306640625 0.83203125 0.30078125 0.8349609375 0.2978515625 0.8349609375 0.2880859375 0.83349609375 0.2841796875 0.8349609375 0.27734375 0.83544921875 0.271484375 0.83154296875 0.2626953125 0.82861328125 0.26171875 0.822265625 0.2626953125 0.822265625 0.3056640625 0.82958984375 0.306640625
11 0.99951171875 0.0810546875 0.99951171875 0.048828125 0.99365234375 0.052734375 0.9921875 0.06640625 0.99365234375 0.0751953125 0.99951171875 0.0810546875
11 0.99951171875 0.1396484375 0.99951171875 0.107421875 0.994140625 0.1083984375 0.99169921875 0.1142578125 0.98974609375 0.1298828125 0.99951171875 0.1396484375
8 0.86669921875 0.328125 0.8671875 0.3349609375 0.869140625 0.3427734375 0.869140625 0.3466796875 0.86279296875 0.3486328125 0.861328125 0.361328125 0.85791015625 0.376953125 0.85791015625 0.3798828125 0.859375 0.3818359375 0.8642578125 0.3818359375 0.8623046875 0.388671875 0.85986328125 0.40625 0.86279296875 0.4130859375 0.8671875 0.4326171875 0.86572265625 0.455078125 0.86767578125 0.4736328125 0.86572265625 0.48046875 0.86865234375 0.486328125 0.876953125 0.4853515625 0.87451171875 0.4755859375 0.87744140625 0.4560546875 0.87841796875 0.44140625 0.87939453125 0.4287109375 0.88232421875 0.4287109375 0.88720703125 0.423828125 0.8876953125 0.4140625 0.88720703125 0.40234375 0.88671875 0.3974609375 0.8818359375 0.3896484375 0.880859375 0.3759765625 0.88232421875 0.3681640625 0.8828125 0.359375 0.890625 0.3662109375 0.89013671875 0.3583984375 0.8828125 0.34765625 0.8759765625 0.34375 0.8759765625 0.33984375 0.87744140625 0.3310546875 0.880859375 0.33203125 0.88134765625 0.330078125 0.88134765625 0.3251953125 0.87744140625 0.3173828125 0.87451171875 0.3203125 0.87109375 0.3203125 0.8681640625 0.322265625 0.86669921875 0.328125
8 0.90087890625 0.4853515625 0.90380859375 0.4873046875 0.90576171875 0.4853515625 0.90673828125 0.4775390625 0.90576171875 0.4716796875 0.9091796875 0.443359375 0.91162109375 0.4150390625 0.9130859375 0.400390625 0.91259765625 0.3701171875 0.91650390625 0.37109375 0.9208984375 0.388671875 0.919921875 0.3974609375 0.92138671875 0.4052734375 0.92236328125 0.4072265625 0.9248046875 0.3955078125 0.923828125 0.3896484375 0.9208984375 0.365234375 0.91845703125 0.3564453125 0.91748046875 0.3369140625 0.916015625 0.3330078125 0.908203125 0.333984375 0.90966796875 0.322265625 0.908203125 0.314453125 0.90283203125 0.310546875 0.89892578125 0.310546875 0.896484375 0.3134765625 0.896484375 0.322265625 0.896484375 0.3291015625 0.89794921875 0.3359375 0.890625 0.3408203125 0.88525390625 0.3603515625 0.88525390625 0.3662109375 0.88916015625 0.3740234375 0.8935546875 0.3779296875 0.89306640625 0.396484375 0.8955078125 0.427734375 0.892578125 0.44921875 0.89208984375 0.45703125 0.89208984375 0.4619140625 0.8916015625 0.478515625 0.89501953125 0.4814453125 0.89794921875 0.4775390625 0.89794921875 0.46875 0.900390625 0.44921875 0.90087890625 0.45703125 0.8994140625 0.4775390625 0.90087890625 0.4853515625
3 0.4580078125 0.3837890625 0.46044921875 0.3837890625 0.4619140625 0.388671875 0.46240234375 0.392578125 0.46484375 0.392578125 0.46533203125 0.3896484375 0.47509765625 0.388671875 0.47509765625 0.3916015625 0.47802734375 0.3916015625 0.478515625 0.384765625 0.48095703125 0.384765625 0.48095703125 0.3818359375 0.4814453125 0.376953125 0.48046875 0.369140625 0.4765625 0.369140625 0.474609375 0.3671875 0.4677734375 0.3671875 0.46484375 0.369140625 0.458984375 0.3681640625 0.4580078125 0.3837890625
12 0.44775390625 0.3232421875 0.44775390625 0.3349609375 0.45166015625 0.3349609375 0.45166015625 0.3232421875 0.44775390625 0.3232421875
12 0.451171875 0.33984375 0.4482421875 0.33984375 0.4482421875 0.3525390625 0.45068359375 0.3525390625 0.451171875 0.33984375
14 0.44140625 0.3681640625 0.44189453125 0.3544921875 0.4423828125 0.33984375 0.43896484375 0.337890625 0.4345703125 0.341796875 0.43359375 0.353515625 0.4345703125 0.3603515625 0.4345703125 0.3681640625 0.435546875 0.3720703125 0.435546875 0.3798828125 0.4384765625 0.3740234375 0.4404296875 0.37109375 0.44140625 0.3681640625
12 0.41845703125 0.341796875 0.42138671875 0.3359375 0.42041015625 0.3291015625 0.41650390625 0.326171875 0.4130859375 0.3310546875 0.4130859375 0.3349609375 0.41552734375 0.341796875 0.41845703125 0.341796875
12 0.4140625 0.3427734375 0.4130859375 0.353515625 0.4208984375 0.353515625 0.4208984375 0.34375 0.4140625 0.3427734375
12 0.40283203125 0.3212890625 0.40283203125 0.314453125 0.40234375 0.3115234375 0.39990234375 0.310546875 0.3984375 0.3134765625 0.3984375 0.32421875 0.40087890625 0.32421875 0.40283203125 0.3212890625
11 0.3359375 0.3115234375 0.3369140625 0.30078125 0.34326171875 0.3017578125 0.34423828125 0.294921875 0.337890625 0.2900390625 0.337890625 0.287109375 0.34375 0.283203125 0.34423828125 0.275390625 0.337890625 0.2744140625 0.33544921875 0.2705078125 0.3291015625 0.26953125 0.32275390625 0.26953125 0.32470703125 0.3115234375 0.32861328125 0.3125 0.3359375 0.3115234375
12 0.11376953125 0.2861328125 0.1201171875 0.28515625 0.12451171875 0.275390625 0.12451171875 0.26171875 0.12255859375 0.25390625 0.1201171875 0.25390625 0.11767578125 0.25390625 0.109375 0.2587890625 0.10791015625 0.26953125 0.10986328125 0.2783203125 0.11376953125 0.2861328125
11 0.017578125 0.2373046875 0.025390625 0.24609375 0.02490234375 0.2490234375 0.01806640625 0.25 0.01708984375 0.2578125 0.02392578125 0.2685546875 0.0185546875 0.271484375 0.0166015625 0.2783203125 0.02294921875 0.287109375 0.02587890625 0.2880859375 0.02734375 0.2978515625 0.03955078125 0.296875 0.037109375 0.23046875 0.0283203125 0.2314453125 0.025390625 0.234375 0.017578125 0.2353515625 0.017578125 0.2373046875