14 0 0 0 0.345703125 0.015625 0.3466796875 0.02734375 0.4775390625 0.06787109375 0.48046875 0.0703125 0.4912109375 0.0751953125 0.4921875 0.07666015625 0.4814453125 0.10595703125 0.4736328125 0.16015625 0.4375 0.16455078125 0.3427734375 0.16650390625 0.3525390625 0.16259765625 0.474609375 0.173828125 0.4697265625 0.17529296875 0.4150390625 0.1767578125 0.365234375 0.17724609375 0.3525390625 0.18701171875 0.3583984375 0.189453125 0.3486328125 0.2060546875 0.345703125 0.21533203125 0.3603515625 0.21630859375 0.384765625 0.22607421875 0.384765625 0.22705078125 0.4091796875 0.23388671875 0.4306640625 0.251953125 0.439453125 0.25390625 0.3994140625 0.2607421875 0.388671875 0.28125 0.392578125 0.28173828125 0.4033203125 0.287109375 0.427734375 0.29296875 0.3896484375 0.2998046875 0.3818359375 0.2958984375 0.33203125 0.2802734375 0.3115234375 0.27880859375 0.26171875 0.294921875 0.224609375 0.2958984375 0.1591796875 0.28515625 0.140625 0.28125 0.115234375 0.263671875 0.1240234375 0.27197265625 0.1142578125 0.2705078125 0.095703125 0.287109375 0.0556640625 0.2509765625 0.0556640625 0.25 0.04296875 0.24169921875 0.0517578125 0.2373046875 0.0478515625 0.244140625 0.0341796875 0.23193359375 0.033203125 0.23779296875 0.0068359375 0.24462890625 0 0.234375 0 0 0
11 0.30908203125 0.2548828125 0.29248046875 0.2578125 0.29345703125 0.3212890625 0.3076171875 0.322265625 0.30908203125 0.2548828125
11 0.400390625 0.3740234375 0.3984375 0.3662109375 0.3994140625 0.359375 0.396484375 0.3603515625 0.39404296875 0.3623046875 0.3955078125 0.3818359375 0.39794921875 0.3818359375 0.400390625 0.3740234375
11 0.35498046875 0.3896484375 0.3544921875 0.3828125 0.35205078125 0.3818359375 0.3515625 0.3955078125 0.35546875 0.392578125 0.35498046875 0.3896484375
11 0.328125 0.4091796875 0.3291015625 0.3837890625 0.32470703125 0.3818359375 0.32373046875 0.4091796875 0.32568359375 0.41015625 0.328125 0.4091796875
12 0.43212890625 0.392578125 0.43359375 0.3876953125 0.43310546875 0.380859375 0.43212890625 0.3759765625 0.4296875 0.3759765625 0.4287109375 0.380859375 0.42822265625 0.3857421875 0.42919921875 0.392578125 0.43212890625 0.392578125
5 0.357421875 0.4248046875 0.36328125 0.42578125 0.37060546875 0.42578125 0.38134765625 0.42578125 0.38134765625 0.41796875 0.3798828125 0.408203125 0.37255859375 0.4052734375 0.36376953125 0.4052734375 0.35986328125 0.408203125 0.357421875 0.4150390625 0.357421875 0.4248046875
3 0.26220703125 0.427734375 0.26123046875 0.4287109375 0.26123046875 0.435546875 0.26171875 0.453125 0.26171875 0.4638671875 0.2666015625 0.4638671875 0.26806640625 0.4619140625 0.26806640625 0.4560546875 0.27783203125 0.4560546875 0.2939453125 0.4560546875 0.2939453125 0.4619140625 0.29736328125 0.4619140625 0.29736328125 0.455078125 0.2978515625 0.4296875 0.296875 0.4208984375 0.294921875 0.412109375 0.29150390625 0.4033203125 0.27978515625 0.4033203125 0.27197265625 0.404296875 0.26904296875 0.40625 0.2666015625 0.4091796875 0.26513671875 0.41796875 0.26220703125 0.427734375
0 0.44287109375 0.4248046875 0.447265625 0.423828125 0.44775390625 0.4169921875 0.44580078125 0.412109375 0.4443359375 0.4130859375 0.44482421875 0.4189453125 0.439453125 0.412109375 0.43798828125 0.4150390625 0.43701171875 0.421875 0.43994140625 0.423828125 0.44287109375 0.4248046875
12 0.64892578125 0.3173828125 0.6474609375 0.322265625 0.6474609375 0.328125 0.6484375 0.3330078125 0.64990234375 0.33984375 0.65283203125 0.341796875 0.64990234375 0.341796875 0.64990234375 0.357421875 0.650390625 0.3603515625 0.66259765625 0.359375 0.66259765625 0.341796875 0.66015625 0.341796875 0.66064453125 0.33984375 0.66259765625 0.3369140625 0.66455078125 0.3330078125 0.66552734375 0.326171875 0.6650390625 0.3212890625 0.6640625 0.31640625 0.662109375 0.3125 0.65966796875 0.3095703125 0.65673828125 0.30859375 0.654296875 0.3095703125 0.65234375 0.3115234375 0.650390625 0.3125 0.64892578125 0.3173828125
10 0.43798828125 0.4208984375 0.43994140625 0.4208984375 0.44091796875 0.4189453125 0.44384765625 0.41796875 0.44384765625 0.4140625 0.4443359375 0.4091796875 0.44580078125 0.4091796875 0.44580078125 0.40625 0.4453125 0.40234375 0.4443359375 0.4013671875 0.4443359375 0.396484375 0.44189453125 0.39453125 0.44091796875 0.3994140625 0.4384765625 0.4072265625 0.43994140625 0.4140625 0.43798828125 0.4208984375
0 0.6123046875 0.400390625 0.609375 0.40234375 0.61279296875 0.404296875 0.6142578125 0.4072265625 0.6123046875 0.412109375 0.6123046875 0.4189453125 0.61279296875 0.4296875 0.615234375 0.4306640625 0.6171875 0.4306640625 0.6181640625 0.4267578125 0.61962890625 0.4306640625 0.623046875 0.4306640625 0.6240234375 0.42578125 0.62353515625 0.41796875 0.62255859375 0.41015625 0.6201171875 0.408203125 0.619140625 0.4033203125 0.6171875 0.3994140625 0.6123046875 0.400390625
10 0.60986328125 0.4033203125 0.61376953125 0.396484375 0.61474609375 0.3955078125 0.615234375 0.4013671875 0.6142578125 0.41015625 0.6142578125 0.4169921875 0.615234375 0.4208984375 0.61474609375 0.427734375 0.61572265625 0.4306640625 0.6181640625 0.4248046875 0.61865234375 0.41796875 0.6201171875 0.412109375 0.62255859375 0.4052734375 0.62158203125 0.4013671875 0.62255859375 0.388671875 0.6201171875 0.3857421875 0.619140625 0.380859375 0.61669921875 0.380859375 0.61572265625 0.3857421875 0.61376953125 0.3896484375 0.6123046875 0.39453125 0.609375 0.400390625 0.60986328125 0.4033203125
0 0.67333984375 0.404296875 0.66845703125 0.40234375 0.66748046875 0.4130859375 0.66748046875 0.4169921875 0.67041015625 0.4169921875 0.6708984375 0.412109375 0.671875 0.4169921875 0.6689453125 0.421875 0.6708984375 0.4306640625 0.66845703125 0.4453125 0.67041015625 0.458984375 0.67236328125 0.46484375 0.67529296875 0.46875 0.677734375 0.466796875 0.67919921875 0.455078125 0.6796875 0.439453125 0.6787109375 0.4296875 0.67919921875 0.42578125 0.68212890625 0.40625 0.6806640625 0.400390625 0.67822265625 0.396484375 0.6748046875 0.4013671875 0.67333984375 0.404296875
0 0.7021484375 0.3994140625 0.70361328125 0.3994140625 0.70361328125 0.421875 0.70068359375 0.4287109375 0.69873046875 0.44140625 0.697265625 0.4560546875 0.70068359375 0.4619140625 0.7021484375 0.4736328125 0.70263671875 0.484375 0.70263671875 0.486328125 0.705078125 0.484375 0.70703125 0.4794921875 0.7080078125 0.4697265625 0.70703125 0.4609375 0.708984375 0.4560546875 0.70947265625 0.4482421875 0.70947265625 0.4365234375 0.70654296875 0.4013671875 0.7109375 0.396484375 0.71875 0.3994140625 0.7197265625 0.3974609375 0.72021484375 0.3916015625 0.72021484375 0.384765625 0.71875 0.3837890625 0.7177734375 0.3876953125 0.716796875 0.3916015625 0.71044921875 0.3935546875 0.7060546875 0.3916015625 0.6982421875 0.392578125 0.69384765625 0.3916015625 0.6904296875 0.384765625 0.69091796875 0.3994140625 0.69482421875 0.396484375 0.7001953125 0.3994140625 0.7021484375 0.3994140625
10 0.69189453125 0.3671875 0.69091796875 0.3779296875 0.6904296875 0.388671875 0.68994140625 0.396484375 0.69091796875 0.3994140625 0.69287109375 0.4013671875 0.6953125 0.4013671875 0.6943359375 0.4091796875 0.69580078125 0.419921875 0.6953125 0.439453125 0.69580078125 0.451171875 0.69384765625 0.455078125 0.69384765625 0.4609375 0.6953125 0.4619140625 0.69775390625 0.4658203125 0.70068359375 0.46484375 0.70166015625 0.4619140625 0.7021484375 0.451171875 0.70166015625 0.439453125 0.70166015625 0.4326171875 0.70166015625 0.4267578125 0.70458984375 0.4189453125 0.70751953125 0.4267578125 0.70849609375 0.4375 0.70849609375 0.44921875 0.71044921875 0.451171875 0.71044921875 0.4541015625 0.712890625 0.4560546875 0.71533203125 0.4560546875 0.7158203125 0.4501953125 0.71435546875 0.4423828125 0.71484375 0.4375 0.71484375 0.4267578125 0.71484375 0.41796875 0.71435546875 0.4130859375 0.71435546875 0.4052734375 0.7158203125 0.3994140625 0.71923828125 0.396484375 0.7197265625 0.390625 0.71923828125 0.3837890625 0.7177734375 0.37890625 0.71630859375 0.37109375 0.71533203125 0.3662109375 0.71435546875 0.3583984375 0.712890625 0.3544921875 0.71044921875 0.3525390625 0.7080078125 0.3525390625 0.7080078125 0.3486328125 0.70849609375 0.3466796875 0.70703125 0.341796875 0.705078125 0.3369140625 0.7021484375 0.337890625 0.7001953125 0.341796875 0.70068359375 0.3466796875 0.69677734375 0.3525390625 0.6943359375 0.357421875 0.69189453125 0.3671875
8 0.6533203125 0.3671875 0.65283203125 0.3701171875 0.6513671875 0.373046875 0.6494140625 0.376953125 0.6474609375 0.3818359375 0.646484375 0.3876953125 0.64501953125 0.3994140625 0.64501953125 0.4052734375 0.6474609375 0.4072265625 0.64990234375 0.41015625 0.64794921875 0.41796875 0.6455078125 0.4248046875 0.6455078125 0.4287109375 0.6474609375 0.4267578125 0.650390625 0.41796875 0.65234375 0.41015625 0.65380859375 0.41015625 0.65380859375 0.41796875 0.65380859375 0.4267578125 0.65478515625 0.4326171875 0.654296875 0.4404296875 0.65478515625 0.4501953125 0.65478515625 0.4560546875 0.65478515625 0.4619140625 0.65380859375 0.466796875 0.6552734375 0.4677734375 0.6572265625 0.466796875 0.658203125 0.4609375 0.658203125 0.4541015625 0.658203125 0.4482421875 0.6591796875 0.4375 0.65966796875 0.431640625 0.66015625 0.4306640625 0.6611328125 0.421875 0.66064453125 0.431640625 0.66064453125 0.44140625 0.66064453125 0.451171875 0.6611328125 0.4619140625 0.66064453125 0.4697265625 0.66455078125 0.46875 0.6669921875 0.46484375 0.66552734375 0.458984375 0.66552734375 0.451171875 0.66552734375 0.439453125 0.666015625 0.431640625 0.6669921875 0.419921875 0.66796875 0.4169921875 0.669921875 0.416015625 0.6689453125 0.4091796875 0.67333984375 0.41015625 0.67431640625 0.404296875 0.67431640625 0.3974609375 0.67236328125 0.392578125 0.671875 0.3896484375 0.6708984375 0.3828125 0.669921875 0.3740234375 0.66845703125 0.3701171875 0.6689453125 0.365234375 0.66796875 0.3564453125 0.66650390625 0.3505859375 0.6640625 0.349609375 0.6611328125 0.3544921875 0.65869140625 0.361328125 0.6552734375 0.3603515625 0.65380859375 0.3642578125 0.6533203125 0.3671875
8 0.6728515625 0.4169921875 0.67724609375 0.4189453125 0.68017578125 0.4189453125 0.6806640625 0.421875 0.68212890625 0.4287109375 0.6826171875 0.435546875 0.68310546875 0.4453125 0.68310546875 0.453125 0.6826171875 0.4609375 0.6826171875 0.4658203125 0.6845703125 0.466796875 0.6884765625 0.466796875 0.6904296875 0.46484375 0.68896484375 0.4599609375 0.689453125 0.4521484375 0.6904296875 0.443359375 0.69140625 0.435546875 0.69189453125 0.427734375 0.69287109375 0.419921875 0.69189453125 0.412109375 0.69091796875 0.408203125 0.6884765625 0.408203125 0.68798828125 0.4052734375 0.689453125 0.400390625 0.68896484375 0.39453125 0.68603515625 0.392578125 0.68310546875 0.39453125 0.6826171875 0.400390625 0.68359375 0.40625 0.6796875 0.41015625 0.67724609375 0.4150390625 0.6728515625 0.4169921875
8 0.6962890625 0.46484375 0.69580078125 0.40234375 0.6923828125 0.41015625 0.6904296875 0.4130859375 0.6923828125 0.466796875 0.6962890625 0.46484375
8 0.7421875 0.3935546875 0.74267578125 0.400390625 0.74267578125 0.404296875 0.7451171875 0.4072265625 0.74658203125 0.42578125 0.74658203125 0.4296875 0.74853515625 0.431640625 0.75 0.4482421875 0.7509765625 0.453125 0.74951171875 0.4619140625 0.74951171875 0.466796875 0.751953125 0.46484375 0.75634765625 0.46484375 0.76025390625 0.4609375 0.75927734375 0.4541015625 0.7568359375 0.4521484375 0.75830078125 0.4404296875 0.7578125 0.4287109375 0.75830078125 0.4189453125 0.759765625 0.4150390625 0.75927734375 0.3994140625 0.75830078125 0.3828125 0.76025390625 0.3779296875 0.76123046875 0.3720703125 0.75927734375 0.3681640625 0.75537109375 0.3642578125 0.755859375 0.361328125 0.7568359375 0.3564453125 0.75634765625 0.3486328125 0.751953125 0.3466796875 0.75 0.349609375 0.7490234375 0.35546875 0.7509765625 0.3623046875 0.74560546875 0.365234375 0.7431640625 0.373046875 0.74267578125 0.3828125 0.7421875 0.3935546875
8 0.75732421875 0.3837890625 0.75732421875 0.3896484375 0.75732421875 0.39453125 0.759765625 0.3935546875 0.76171875 0.392578125 0.76220703125 0.392578125 0.76220703125 0.39453125 0.76220703125 0.400390625 0.76171875 0.404296875 0.76123046875 0.408203125 0.76123046875 0.4130859375 0.76123046875 0.416015625 0.76171875 0.4169921875 0.76220703125 0.41796875 0.7626953125 0.41796875 0.7626953125 0.4189453125 0.7626953125 0.421875 0.76318359375 0.427734375 0.76318359375 0.4296875 0.763671875 0.4326171875 0.763671875 0.4384765625 0.76513671875 0.4423828125 0.765625 0.447265625 0.765625 0.451171875 0.76708984375 0.4541015625 0.76513671875 0.45703125 0.76513671875 0.4619140625 0.76708984375 0.462890625 0.7705078125 0.462890625 0.77294921875 0.462890625 0.77294921875 0.458984375 0.77294921875 0.4560546875 0.77392578125 0.4501953125 0.77392578125 0.4453125 0.77392578125 0.439453125 0.7734375 0.43359375 0.77294921875 0.4287109375 0.77392578125 0.42578125 0.77392578125 0.419921875 0.7744140625 0.4150390625 0.775390625 0.4130859375 0.7783203125 0.4130859375 0.779296875 0.4072265625 0.779296875 0.4013671875 0.7783203125 0.3955078125 0.7763671875 0.3916015625 0.77587890625 0.3837890625 0.775390625 0.376953125 0.77392578125 0.3720703125 0.7724609375 0.3701171875 0.77001953125 0.3681640625 0.76953125 0.3603515625 0.7685546875 0.357421875 0.7666015625 0.35546875 0.76318359375 0.357421875 0.7626953125 0.3642578125 0.76220703125 0.369140625 0.759765625 0.3740234375 0.75830078125 0.3779296875 0.75732421875 0.3837890625
8 0.4248046875 0.3994140625 0.423828125 0.40625 0.42431640625 0.41796875 0.4267578125 0.416015625 0.4267578125 0.4033203125 0.4248046875 0.3994140625