8 0.63427734375 0.4951171875 0.6318359375 0.3935546875 0.63134765625 0.3720703125 0.63037109375 0.3623046875 0.63037109375 0.3505859375 0.63134765625 0.3486328125 0.63134765625 0.34375 0.6318359375 0.3427734375 0.63134765625 0.3359375 0.62939453125 0.3251953125 0.62353515625 0.32421875 0.62109375 0.3271484375 0.61865234375 0.3330078125 0.6181640625 0.34375 0.6181640625 0.3515625 0.61572265625 0.3564453125 0.6103515625 0.369140625 0.60791015625 0.376953125 0.6064453125 0.3876953125 0.607421875 0.404296875 0.6064453125 0.4072265625 0.6103515625 0.41015625 0.61279296875 0.4140625 0.61181640625 0.4462890625 0.61328125 0.4970703125 0.63037109375 0.4951171875 0.63134765625 0.4970703125 0.63427734375 0.4951171875
8 0.640625 0.431640625 0.6396484375 0.4365234375 0.638671875 0.4462890625 0.6396484375 0.455078125 0.6396484375 0.4736328125 0.6357421875 0.4921875 0.63525390625 0.4951171875 0.6435546875 0.4951171875 0.6474609375 0.4970703125 0.6513671875 0.4970703125 0.6533203125 0.4951171875 0.6533203125 0.4794921875 0.654296875 0.4599609375 0.654296875 0.44921875 0.6552734375 0.435546875 0.65673828125 0.42578125 0.658203125 0.419921875 0.6591796875 0.4072265625 0.65966796875 0.4013671875 0.66357421875 0.3935546875 0.66357421875 0.3916015625 0.66259765625 0.3857421875 0.66064453125 0.3779296875 0.66064453125 0.3701171875 0.6572265625 0.3544921875 0.654296875 0.34765625 0.65576171875 0.3427734375 0.65576171875 0.3330078125 0.6533203125 0.3271484375 0.64990234375 0.32421875 0.64453125 0.330078125 0.642578125 0.337890625 0.64453125 0.3505859375 0.64599609375 0.353515625 0.642578125 0.361328125 0.64111328125 0.3720703125 0.640625 0.3876953125 0.638671875 0.41015625 0.640625 0.4150390625 0.640625 0.4228515625 0.640625 0.431640625
8 0.49755859375 0.40625 0.4990234375 0.3994140625 0.4990234375 0.3935546875 0.4990234375 0.3876953125 0.4970703125 0.3779296875 0.49560546875 0.3779296875 0.4931640625 0.380859375 0.4921875 0.3837890625 0.4921875 0.3916015625 0.4931640625 0.3984375 0.4931640625 0.40625 0.4921875 0.412109375 0.49560546875 0.419921875 0.49755859375 0.41796875 0.49755859375 0.40625
8 0.51220703125 0.431640625 0.5146484375 0.43359375 0.5146484375 0.419921875 0.51708984375 0.41796875 0.517578125 0.4248046875 0.5185546875 0.431640625 0.52099609375 0.4306640625 0.52001953125 0.4248046875 0.52001953125 0.3984375 0.51953125 0.3828125 0.51611328125 0.3779296875 0.51708984375 0.3701171875 0.515625 0.3642578125 0.513671875 0.3662109375 0.51171875 0.369140625 0.51220703125 0.3720703125 0.51171875 0.375 0.51025390625 0.376953125 0.5078125 0.388671875 0.5068359375 0.40234375 0.5107421875 0.4150390625 0.51220703125 0.431640625
8 0.50537109375 0.435546875 0.50537109375 0.4365234375 0.50634765625 0.435546875 0.50634765625 0.4228515625 0.5068359375 0.4208984375 0.50830078125 0.4365234375 0.51025390625 0.4365234375 0.50927734375 0.427734375 0.51025390625 0.4169921875 0.5107421875 0.412109375 0.51025390625 0.4013671875 0.5107421875 0.3984375 0.5107421875 0.396484375 0.51025390625 0.3828125 0.51171875 0.380859375 0.51318359375 0.388671875 0.513671875 0.3935546875 0.515625 0.396484375 0.51611328125 0.3916015625 0.51611328125 0.3876953125 0.5146484375 0.3857421875 0.5146484375 0.3828125 0.513671875 0.376953125 0.5107421875 0.3720703125 0.5078125 0.369140625 0.5078125 0.3642578125 0.5078125 0.359375 0.50439453125 0.3583984375 0.5029296875 0.361328125 0.5029296875 0.3671875 0.49755859375 0.3720703125 0.4970703125 0.3779296875 0.4970703125 0.388671875 0.49853515625 0.3994140625 0.49609375 0.41015625 0.49560546875 0.4140625 0.5 0.4169921875 0.5029296875 0.419921875 0.50390625 0.4248046875 0.50439453125 0.4306640625 0.50537109375 0.435546875
8 0.4814453125 0.427734375 0.4814453125 0.4306640625 0.4814453125 0.439453125 0.48388671875 0.439453125 0.48828125 0.439453125 0.48828125 0.4365234375 0.48681640625 0.431640625 0.48828125 0.4228515625 0.49365234375 0.4228515625 0.49462890625 0.4091796875 0.4931640625 0.4091796875 0.4931640625 0.404296875 0.4921875 0.4013671875 0.49169921875 0.3916015625 0.49169921875 0.3857421875 0.49072265625 0.3798828125 0.4892578125 0.376953125 0.48681640625 0.375 0.48681640625 0.3701171875 0.48681640625 0.3671875 0.486328125 0.3642578125 0.48388671875 0.3642578125 0.482421875 0.3671875 0.482421875 0.373046875 0.48046875 0.375 0.47900390625 0.3779296875 0.4775390625 0.3857421875 0.4775390625 0.396484375 0.47705078125 0.404296875 0.47509765625 0.4072265625 0.47509765625 0.419921875 0.47509765625 0.427734375 0.4814453125 0.427734375
12 0.52099609375 0.30078125 0.53955078125 0.3037109375 0.53955078125 0.28125 0.5341796875 0.2822265625 0.52001953125 0.2822265625 0.51611328125 0.2919921875 0.52099609375 0.30078125
12 0.521484375 0.30078125 0.52001953125 0.3037109375 0.52294921875 0.3134765625 0.53857421875 0.3115234375 0.53857421875 0.302734375 0.5361328125 0.30078125 0.521484375 0.30078125
12 0.5107421875 0.3056640625 0.51025390625 0.3134765625 0.51318359375 0.3193359375 0.5146484375 0.322265625 0.51708984375 0.32421875 0.517578125 0.3212890625 0.52001953125 0.318359375 0.52294921875 0.3115234375 0.52099609375 0.30078125 0.51611328125 0.2978515625 0.51318359375 0.30078125 0.5107421875 0.3056640625
12 0.51171875 0.322265625 0.51171875 0.33984375 0.521484375 0.33984375 0.521484375 0.3212890625 0.51171875 0.322265625
12 0.53759765625 0.3193359375 0.53759765625 0.306640625 0.51953125 0.306640625 0.5146484375 0.3134765625 0.52001953125 0.3212890625 0.53564453125 0.322265625 0.53759765625 0.3193359375
12 0.53564453125 0.287109375 0.537109375 0.29296875 0.5400390625 0.29296875 0.54248046875 0.2900390625 0.5439453125 0.2822265625 0.541015625 0.27734375 0.537109375 0.27734375 0.53564453125 0.279296875 0.53564453125 0.287109375
11 0.544921875 0.3623046875 0.541015625 0.361328125 0.541015625 0.3828125 0.5439453125 0.3837890625 0.544921875 0.3623046875
12 0.55078125 0.337890625 0.548828125 0.3359375 0.53955078125 0.3359375 0.537109375 0.3369140625 0.5439453125 0.3583984375 0.55078125 0.337890625
11 0.53564453125 0.27734375 0.53564453125 0.32421875 0.5439453125 0.32421875 0.54248046875 0.27734375 0.53564453125 0.27734375
12 0.55224609375 0.2890625 0.55224609375 0.3037109375 0.55712890625 0.302734375 0.55712890625 0.287109375 0.55224609375 0.2890625
11 0.55078125 0.314453125 0.5478515625 0.31640625 0.5478515625 0.3271484375 0.55078125 0.3271484375 0.5517578125 0.337890625 0.5556640625 0.337890625 0.5546875 0.3037109375 0.55029296875 0.306640625 0.55078125 0.314453125
11 0.53564453125 0.3359375 0.5341796875 0.3359375 0.53076171875 0.3359375 0.5302734375 0.3505859375 0.53466796875 0.3505859375 0.53564453125 0.3359375
11 0.541015625 0.3623046875 0.5400390625 0.3828125 0.5439453125 0.3828125 0.5439453125 0.361328125 0.54150390625 0.361328125 0.541015625 0.3623046875
8 0.5185546875 0.4169921875 0.517578125 0.4228515625 0.51708984375 0.4306640625 0.52099609375 0.4365234375 0.521484375 0.4365234375 0.5263671875 0.43359375 0.5283203125 0.4248046875 0.52783203125 0.40625 0.529296875 0.3935546875 0.529296875 0.390625 0.529296875 0.3876953125 0.529296875 0.380859375 0.529296875 0.3779296875 0.5263671875 0.3779296875 0.525390625 0.376953125 0.52490234375 0.375 0.52392578125 0.3671875 0.52490234375 0.3642578125 0.525390625 0.361328125 0.525390625 0.3583984375 0.52392578125 0.3544921875 0.52099609375 0.3564453125 0.52001953125 0.361328125 0.52001953125 0.369140625 0.5185546875 0.375 0.51708984375 0.3876953125 0.51708984375 0.4013671875 0.5185546875 0.4169921875
8 0.5302734375 0.380859375 0.52783203125 0.3857421875 0.525390625 0.390625 0.5302734375 0.390625 0.5302734375 0.3955078125 0.529296875 0.4091796875 0.529296875 0.4208984375 0.529296875 0.427734375 0.53076171875 0.439453125 0.533203125 0.44140625 0.53759765625 0.443359375 0.53759765625 0.4228515625 0.53955078125 0.3935546875 0.54150390625 0.390625 0.541015625 0.3798828125 0.53955078125 0.3720703125 0.53857421875 0.3701171875 0.53759765625 0.3671875 0.537109375 0.3662109375 0.537109375 0.3623046875 0.537109375 0.3564453125 0.53564453125 0.353515625 0.5322265625 0.353515625 0.53173828125 0.3564453125 0.53076171875 0.3662109375 0.53076171875 0.3720703125 0.53076171875 0.376953125 0.5302734375 0.380859375
8 0.55810546875 0.419921875 0.55810546875 0.396484375 0.55810546875 0.3916015625 0.55712890625 0.3857421875 0.55712890625 0.3779296875 0.5595703125 0.376953125 0.5595703125 0.369140625 0.55810546875 0.3642578125 0.5546875 0.3564453125 0.55419921875 0.353515625 0.55322265625 0.3505859375 0.55029296875 0.3505859375 0.54931640625 0.3515625 0.54931640625 0.359375 0.54931640625 0.3642578125 0.5478515625 0.3662109375 0.544921875 0.3701171875 0.54296875 0.3828125 0.54296875 0.3857421875 0.54296875 0.396484375 0.54248046875 0.40625 0.54296875 0.4091796875 0.5439453125 0.4091796875 0.54296875 0.419921875 0.5478515625 0.419921875 0.5478515625 0.42578125 0.546875 0.431640625 0.5478515625 0.439453125 0.5478515625 0.447265625 0.54638671875 0.44921875 0.54931640625 0.4501953125 0.55029296875 0.419921875 0.55322265625 0.419921875 0.55322265625 0.4384765625 0.55322265625 0.447265625 0.55615234375 0.4501953125 0.5556640625 0.44140625 0.55615234375 0.42578125 0.55615234375 0.419921875 0.55810546875 0.419921875
8 0.46533203125 0.4228515625 0.46533203125 0.4150390625 0.46435546875 0.40234375 0.4658203125 0.3994140625 0.4658203125 0.3935546875 0.4677734375 0.3857421875 0.4658203125 0.380859375 0.46533203125 0.376953125 0.46435546875 0.3701171875 0.46240234375 0.3720703125 0.46142578125 0.376953125 0.458984375 0.3828125 0.4560546875 0.396484375 0.4560546875 0.40625 0.46044921875 0.4228515625 0.46533203125 0.4228515625
12 0.4521484375 0.34375 0.451171875 0.3505859375 0.453125 0.3544921875 0.45458984375 0.3564453125 0.45751953125 0.3544921875 0.45849609375 0.34765625 0.45703125 0.3427734375 0.45361328125 0.3408203125 0.4521484375 0.34375
14 0.43212890625 0.3642578125 0.4306640625 0.3623046875 0.42724609375 0.3642578125 0.4267578125 0.361328125 0.42529296875 0.3671875 0.423828125 0.3671875 0.4228515625 0.3623046875 0.4228515625 0.359375 0.42138671875 0.359375 0.41796875 0.3583984375 0.4150390625 0.359375 0.4150390625 0.3662109375 0.4150390625 0.376953125 0.41455078125 0.3876953125 0.4189453125 0.3935546875 0.42529296875 0.396484375 0.43359375 0.3916015625 0.4404296875 0.376953125 0.44189453125 0.3720703125 0.43994140625 0.3671875 0.4365234375 0.3623046875 0.4345703125 0.3623046875 0.43212890625 0.3642578125
8 0.4189453125 0.376953125 0.41796875 0.3701171875 0.41748046875 0.369140625 0.416015625 0.3671875 0.41357421875 0.369140625 0.41357421875 0.3994140625 0.41259765625 0.41796875 0.421875 0.4150390625 0.42919921875 0.3984375 0.421875 0.3916015625 0.42138671875 0.3828125 0.42041015625 0.3779296875 0.4189453125 0.376953125
8 0.4189453125 0.388671875 0.41796875 0.380859375 0.41748046875 0.376953125 0.41748046875 0.3720703125 0.41650390625 0.3701171875 0.4150390625 0.3701171875 0.41357421875 0.3701171875 0.41357421875 0.375 0.41259765625 0.3779296875 0.4111328125 0.390625 0.41064453125 0.396484375 0.4111328125 0.404296875 0.412109375 0.42578125 0.412109375 0.427734375 0.41259765625 0.4287109375 0.41357421875 0.4287109375 0.4150390625 0.42578125 0.4150390625 0.4287109375 0.416015625 0.4287109375 0.41796875 0.4287109375 0.4189453125 0.4228515625 0.419921875 0.404296875 0.419921875 0.4013671875 0.4189453125 0.388671875
8 0.4052734375 0.4091796875 0.40576171875 0.41015625 0.40673828125 0.4248046875 0.40673828125 0.4287109375 0.4072265625 0.4287109375 0.40966796875 0.427734375 0.41064453125 0.4248046875 0.41064453125 0.4208984375 0.40966796875 0.4140625 0.41064453125 0.4091796875 0.4111328125 0.3984375 0.41259765625 0.3876953125 0.41259765625 0.380859375 0.40966796875 0.376953125 0.41064453125 0.369140625 0.4072265625 0.3662109375 0.404296875 0.369140625 0.4052734375 0.3759765625 0.40283203125 0.3798828125 0.39990234375 0.388671875 0.404296875 0.3876953125 0.404296875 0.3955078125 0.4052734375 0.4091796875
8 0.39794921875 0.4306640625 0.4013671875 0.4287109375 0.4033203125 0.40625 0.4033203125 0.3984375 0.404296875 0.396484375 0.404296875 0.3916015625 0.4033203125 0.3857421875 0.40283203125 0.3828125 0.40185546875 0.3779296875 0.4013671875 0.3779296875 0.400390625 0.376953125 0.400390625 0.3720703125 0.39990234375 0.3671875 0.3974609375 0.3662109375 0.39599609375 0.369140625 0.39599609375 0.3720703125 0.396484375 0.376953125 0.39501953125 0.3779296875 0.3896484375 0.3828125 0.390625 0.41796875 0.3935546875 0.431640625 0.39794921875 0.4306640625
8 0.3447265625 0.390625 0.34423828125 0.396484375 0.3466796875 0.4208984375 0.34716796875 0.43359375 0.34716796875 0.447265625 0.349609375 0.447265625 0.349609375 0.443359375 0.3486328125 0.42578125 0.35009765625 0.42578125 0.35107421875 0.427734375 0.35205078125 0.439453125 0.35205078125 0.4462890625 0.3525390625 0.447265625 0.353515625 0.44140625 0.353515625 0.4248046875 0.353515625 0.4169921875 0.35400390625 0.4140625 0.35400390625 0.40625 0.35400390625 0.3916015625 0.35400390625 0.3828125 0.35107421875 0.3798828125 0.35009765625 0.376953125 0.349609375 0.3720703125 0.34814453125 0.3701171875 0.3447265625 0.3720703125 0.345703125 0.376953125 0.3466796875 0.3828125 0.3447265625 0.390625
8 0.39111328125 0.4306640625 0.396484375 0.4248046875 0.39501953125 0.4091796875 0.3974609375 0.396484375 0.39794921875 0.388671875 0.3974609375 0.3837890625 0.3974609375 0.3828125 0.39599609375 0.3798828125 0.39599609375 0.373046875 0.39453125 0.369140625 0.392578125 0.3671875 0.3857421875 0.3701171875 0.38525390625 0.3984375 0.38818359375 0.427734375 0.39111328125 0.4306640625
11 0.35400390625 0.2744140625 0.35400390625 0.3193359375 0.36279296875 0.3193359375 0.36279296875 0.2744140625 0.35400390625 0.2744140625
12 0.36572265625 0.3330078125 0.353515625 0.33203125 0.359375 0.3662109375 0.3603515625 0.34765625 0.36572265625 0.3349609375 0.36572265625 0.3330078125
8 0.35791015625 0.345703125 0.35546875 0.3505859375 0.35400390625 0.361328125 0.3525390625 0.3701171875 0.353515625 0.3984375 0.35400390625 0.4140625 0.35498046875 0.419921875 0.35400390625 0.4462890625 0.35546875 0.4462890625 0.357421875 0.44921875 0.3564453125 0.455078125 0.359375 0.4580078125 0.361328125 0.427734375 0.3720703125 0.4072265625 0.36962890625 0.3671875 0.3642578125 0.353515625 0.36279296875 0.3486328125 0.359375 0.34375 0.35791015625 0.345703125
8 0.3828125 0.4580078125 0.38720703125 0.447265625 0.3896484375 0.4287109375 0.392578125 0.4169921875 0.392578125 0.3955078125 0.3935546875 0.380859375 0.39599609375 0.3779296875 0.39501953125 0.375 0.39208984375 0.3642578125 0.388671875 0.3583984375 0.388671875 0.3515625 0.38720703125 0.34375 0.38525390625 0.3408203125 0.3828125 0.3408203125 0.38037109375 0.34375 0.3779296875 0.3505859375 0.3779296875 0.3544921875 0.37060546875 0.3583984375 0.3740234375 0.4140625 0.37890625 0.455078125 0.3828125 0.4580078125
8 0.375 0.4892578125 0.37744140625 0.46875 0.37939453125 0.4609375 0.38134765625 0.4443359375 0.38427734375 0.44140625 0.38330078125 0.42578125 0.3818359375 0.390625 0.38330078125 0.390625 0.38671875 0.3876953125 0.38720703125 0.3837890625 0.38427734375 0.3671875 0.38134765625 0.3583984375 0.37646484375 0.353515625 0.3759765625 0.34765625 0.375 0.3359375 0.37109375 0.330078125 0.3681640625 0.33203125 0.36669921875 0.337890625 0.36669921875 0.3427734375 0.36669921875 0.34765625 0.3681640625 0.3505859375 0.3642578125 0.3515625 0.359375 0.359375 0.35791015625 0.3701171875 0.3564453125 0.380859375 0.35546875 0.3876953125 0.35791015625 0.390625 0.3603515625 0.3916015625 0.361328125 0.396484375 0.3603515625 0.41015625 0.361328125 0.427734375 0.36279296875 0.4443359375 0.36474609375 0.44921875 0.36572265625 0.4521484375 0.36669921875 0.46484375 0.36865234375 0.478515625 0.3681640625 0.484375 0.3671875 0.4892578125 0.37109375 0.4892578125 0.375 0.4892578125
8 0.330078125 0.4755859375 0.33203125 0.478515625 0.3349609375 0.4755859375 0.33544921875 0.46875 0.33642578125 0.4599609375 0.3388671875 0.439453125 0.341796875 0.4248046875 0.3486328125 0.4208984375 0.3447265625 0.40234375 0.34423828125 0.3916015625 0.34326171875 0.375 0.34326171875 0.369140625 0.34326171875 0.3642578125 0.34326171875 0.3564453125 0.3427734375 0.3486328125 0.34033203125 0.3427734375 0.33740234375 0.33203125 0.33349609375 0.33203125 0.32470703125 0.34375 0.31640625 0.3876953125 0.32470703125 0.4091796875 0.330078125 0.4306640625 0.330078125 0.4755859375
8 0.31787109375 0.31640625 0.3154296875 0.314453125 0.31103515625 0.318359375 0.3095703125 0.322265625 0.31005859375 0.330078125 0.31103515625 0.3349609375 0.30810546875 0.33984375 0.30224609375 0.34765625 0.30078125 0.361328125 0.30078125 0.3779296875 0.3017578125 0.3955078125 0.30224609375 0.3984375 0.30322265625 0.40234375 0.30224609375 0.4072265625 0.3046875 0.4248046875 0.3046875 0.4677734375 0.30859375 0.4794921875 0.31103515625 0.478515625 0.31103515625 0.46484375 0.31005859375 0.4599609375 0.31103515625 0.4365234375 0.3134765625 0.4306640625 0.31396484375 0.439453125 0.31494140625 0.4765625 0.31689453125 0.4765625 0.31884765625 0.4765625 0.31884765625 0.44921875 0.3193359375 0.376953125 0.32080078125 0.3486328125 0.31689453125 0.33984375 0.31884765625 0.3359375 0.3193359375 0.3251953125 0.31787109375 0.31640625
8 0.32470703125 0.42578125 0.32568359375 0.42578125 0.326171875 0.435546875 0.326171875 0.4443359375 0.32568359375 0.4580078125 0.32568359375 0.470703125 0.326171875 0.4736328125 0.326171875 0.4765625 0.3271484375 0.4873046875 0.3310546875 0.4873046875 0.33251953125 0.486328125 0.33251953125 0.484375 0.33251953125 0.478515625 0.33349609375 0.47265625 0.33349609375 0.4609375 0.333984375 0.4580078125 0.33349609375 0.4443359375 0.333984375 0.435546875 0.33642578125 0.4140625 0.33642578125 0.41015625 0.33740234375 0.3994140625 0.34716796875 0.41015625 0.349609375 0.4150390625 0.35107421875 0.4150390625 0.3525390625 0.4072265625 0.35107421875 0.3984375 0.35107421875 0.388671875 0.3486328125 0.3828125 0.3447265625 0.3779296875 0.3408203125 0.375 0.3408203125 0.369140625 0.33935546875 0.353515625 0.337890625 0.3505859375 0.33740234375 0.34765625 0.33251953125 0.3408203125 0.33251953125 0.3359375 0.33251953125 0.33203125 0.33349609375 0.3291015625 0.333984375 0.32421875 0.33349609375 0.3193359375 0.33203125 0.31640625 0.328125 0.314453125 0.32470703125 0.31640625 0.3232421875 0.322265625 0.3232421875 0.33203125 0.32177734375 0.3349609375 0.31640625 0.3408203125 0.31396484375 0.345703125 0.31103515625 0.359375 0.3115234375 0.369140625 0.3115234375 0.3720703125 0.31396484375 0.376953125 0.3154296875 0.3798828125 0.31396484375 0.396484375 0.3134765625 0.40625 0.31494140625 0.4072265625 0.3154296875 0.435546875 0.31640625 0.4365234375 0.31640625 0.44921875 0.31787109375 0.46484375 0.31689453125 0.47265625 0.31689453125 0.4765625 0.31689453125 0.478515625 0.31787109375 0.4833984375 0.32080078125 0.484375 0.3232421875 0.4658203125 0.3232421875 0.447265625 0.32421875 0.435546875 0.32470703125 0.42578125
3 0.42919921875 0.439453125 0.42919921875 0.435546875 0.45849609375 0.43359375 0.45849609375 0.439453125 0.462890625 0.439453125 0.4638671875 0.4208984375 0.462890625 0.3994140625 0.46435546875 0.3984375 0.4658203125 0.396484375 0.4658203125 0.3955078125 0.4658203125 0.3916015625 0.4638671875 0.3876953125 0.46044921875 0.3876953125 0.45703125 0.375 0.45458984375 0.3701171875 0.44970703125 0.3701171875 0.42822265625 0.3720703125 0.42578125 0.375 0.42138671875 0.3916015625 0.419921875 0.3935546875 0.419921875 0.3955078125 0.419921875 0.3994140625 0.42041015625 0.4013671875 0.42041015625 0.412109375 0.42041015625 0.41796875 0.42138671875 0.427734375 0.421875 0.4306640625 0.421875 0.443359375 0.42529296875 0.443359375 0.42822265625 0.44140625 0.42919921875 0.439453125
12 0.4384765625 0.0859375 0.4384765625 0.1748046875 0.46435546875 0.1728515625 0.462890625 0.0859375 0.4384765625 0.0859375
12 0.423828125 0.3544921875 0.4267578125 0.3544921875 0.427734375 0.3486328125 0.427734375 0.34375 0.4267578125 0.337890625 0.42431640625 0.3369140625 0.4228515625 0.337890625 0.421875 0.341796875 0.42138671875 0.345703125 0.42138671875 0.3486328125 0.42236328125 0.353515625 0.423828125 0.3544921875