12 0.40869140625 0.2763671875 0.40966796875 0.283203125 0.4130859375 0.2861328125 0.41650390625 0.28515625 0.41845703125 0.28125 0.419921875 0.2734375 0.41796875 0.2685546875 0.41552734375 0.2646484375 0.41064453125 0.265625 0.4091796875 0.26953125 0.40869140625 0.2763671875
12 0.4189453125 0.29296875 0.412109375 0.29296875 0.41259765625 0.2978515625 0.4189453125 0.2978515625 0.4189453125 0.29296875
3 0.43115234375 0.3671875 0.43310546875 0.3671875 0.43310546875 0.3642578125 0.44580078125 0.3642578125 0.44580078125 0.3681640625 0.4482421875 0.3681640625 0.44873046875 0.3662109375 0.4501953125 0.3662109375 0.4501953125 0.35546875 0.45068359375 0.3544921875 0.45068359375 0.349609375 0.44970703125 0.34765625 0.44873046875 0.345703125 0.4501953125 0.3447265625 0.4501953125 0.3427734375 0.44970703125 0.341796875 0.4482421875 0.3408203125 0.44677734375 0.3330078125 0.4443359375 0.33203125 0.4326171875 0.3330078125 0.43212890625 0.3359375 0.4296875 0.3427734375 0.4296875 0.3642578125 0.43115234375 0.3642578125 0.43115234375 0.3671875
8 0.453125 0.361328125 0.4541015625 0.361328125 0.455078125 0.361328125 0.4560546875 0.359375 0.4560546875 0.3564453125 0.45703125 0.357421875 0.45751953125 0.3603515625 0.4580078125 0.3603515625 0.458984375 0.359375 0.458984375 0.3564453125 0.4580078125 0.3544921875 0.45751953125 0.3525390625 0.4580078125 0.3447265625 0.4580078125 0.33984375 0.45703125 0.3359375 0.45654296875 0.3349609375 0.45654296875 0.3330078125 0.45654296875 0.3310546875 0.4560546875 0.330078125 0.45458984375 0.330078125 0.4541015625 0.33203125 0.4541015625 0.333984375 0.45361328125 0.3349609375 0.453125 0.3369140625 0.45361328125 0.3564453125 0.45361328125 0.359375 0.453125 0.3603515625 0.453125 0.361328125
9 0.50439453125 0.3544921875 0.50439453125 0.3642578125 0.505859375 0.3642578125 0.50634765625 0.37109375 0.51220703125 0.37109375 0.51220703125 0.369140625 0.51318359375 0.369140625 0.51318359375 0.35546875 0.51416015625 0.3505859375 0.51513671875 0.3427734375 0.51513671875 0.3310546875 0.513671875 0.3291015625 0.513671875 0.32421875 0.51318359375 0.322265625 0.51171875 0.3203125 0.51025390625 0.3212890625 0.509765625 0.322265625 0.50830078125 0.322265625 0.50732421875 0.32421875 0.50732421875 0.326171875 0.50634765625 0.330078125 0.5048828125 0.3330078125 0.50390625 0.33984375 0.50439453125 0.349609375 0.50439453125 0.3544921875
8 0.51953125 0.345703125 0.51953125 0.3486328125 0.5205078125 0.3642578125 0.5205078125 0.37109375 0.52392578125 0.37109375 0.52392578125 0.3671875 0.5244140625 0.3671875 0.52490234375 0.3583984375 0.52783203125 0.3564453125 0.52734375 0.3525390625 0.52587890625 0.345703125 0.5263671875 0.33984375 0.525390625 0.3310546875 0.5244140625 0.3291015625 0.5244140625 0.326171875 0.52392578125 0.32421875 0.5224609375 0.32421875 0.5224609375 0.3251953125 0.52197265625 0.3291015625 0.51953125 0.33203125 0.51904296875 0.3359375 0.5185546875 0.3427734375 0.51953125 0.345703125
8 0.5263671875 0.37109375 0.529296875 0.369140625 0.53125 0.3408203125 0.53173828125 0.3251953125 0.53076171875 0.3212890625 0.529296875 0.3203125 0.5283203125 0.3203125 0.52783203125 0.3232421875 0.52783203125 0.326171875 0.52587890625 0.328125 0.52490234375 0.3310546875 0.52490234375 0.33984375 0.52490234375 0.341796875 0.52587890625 0.34375 0.52587890625 0.3505859375 0.5263671875 0.3564453125 0.52587890625 0.3701171875 0.5263671875 0.37109375
8 0.5361328125 0.3671875 0.5361328125 0.361328125 0.53662109375 0.359375 0.537109375 0.357421875 0.5380859375 0.359375 0.5390625 0.3662109375 0.5400390625 0.3662109375 0.5400390625 0.35546875 0.53955078125 0.3486328125 0.5390625 0.345703125 0.53955078125 0.345703125 0.5400390625 0.3466796875 0.54052734375 0.345703125 0.5400390625 0.3427734375 0.5390625 0.33984375 0.5380859375 0.3330078125 0.53759765625 0.330078125 0.5390625 0.328125 0.5390625 0.326171875 0.5390625 0.3232421875 0.5380859375 0.3212890625 0.537109375 0.3203125 0.5361328125 0.3212890625 0.53515625 0.322265625 0.53466796875 0.326171875 0.53369140625 0.3310546875 0.533203125 0.3447265625 0.5322265625 0.3671875 0.5361328125 0.3671875
8 0.52880859375 0.3603515625 0.52880859375 0.3671875 0.5283203125 0.369140625 0.5283203125 0.3720703125 0.5322265625 0.373046875 0.53369140625 0.37109375 0.5341796875 0.357421875 0.53466796875 0.34765625 0.53564453125 0.33984375 0.53564453125 0.3330078125 0.53466796875 0.3310546875 0.53369140625 0.330078125 0.53369140625 0.326171875 0.533203125 0.32421875 0.53173828125 0.3232421875 0.53076171875 0.3232421875 0.52978515625 0.32421875 0.529296875 0.326171875 0.52978515625 0.3291015625 0.52978515625 0.330078125 0.529296875 0.3310546875 0.52880859375 0.3330078125 0.5283203125 0.3447265625 0.5283203125 0.3486328125 0.52880859375 0.3505859375 0.52880859375 0.3603515625
8 0.59130859375 0.3505859375 0.5908203125 0.357421875 0.591796875 0.3583984375 0.591796875 0.3603515625 0.59130859375 0.37109375 0.59130859375 0.3759765625 0.5947265625 0.3759765625 0.59521484375 0.3740234375 0.59423828125 0.3720703125 0.5947265625 0.3642578125 0.595703125 0.359375 0.60009765625 0.34375 0.599609375 0.3291015625 0.599609375 0.3212890625 0.59912109375 0.3203125 0.5966796875 0.3193359375 0.59521484375 0.3203125 0.5947265625 0.322265625 0.5947265625 0.3251953125 0.59423828125 0.330078125 0.59326171875 0.337890625 0.59130859375 0.34375 0.5908203125 0.3466796875 0.59130859375 0.3505859375
8 0.59326171875 0.3720703125 0.59423828125 0.373046875 0.5966796875 0.3759765625 0.5966796875 0.380859375 0.59765625 0.390625 0.599609375 0.3916015625 0.60009765625 0.40234375 0.6015625 0.4150390625 0.6015625 0.42578125 0.60205078125 0.4482421875 0.6025390625 0.462890625 0.6015625 0.4638671875 0.6005859375 0.466796875 0.6025390625 0.46875 0.6064453125 0.4697265625 0.60693359375 0.466796875 0.607421875 0.4287109375 0.6083984375 0.4248046875 0.6083984375 0.4296875 0.6083984375 0.451171875 0.60888671875 0.4599609375 0.60888671875 0.46875 0.60986328125 0.47265625 0.61328125 0.4736328125 0.6142578125 0.4716796875 0.61376953125 0.466796875 0.61279296875 0.4609375 0.61376953125 0.4521484375 0.6142578125 0.4365234375 0.615234375 0.4296875 0.62255859375 0.390625 0.6201171875 0.3359375 0.6171875 0.3291015625 0.61376953125 0.3232421875 0.61328125 0.322265625 0.61474609375 0.3173828125 0.615234375 0.30859375 0.615234375 0.302734375 0.61376953125 0.298828125 0.61083984375 0.2978515625 0.607421875 0.2998046875 0.60546875 0.3046875 0.60546875 0.30859375 0.6064453125 0.318359375 0.60693359375 0.3212890625 0.60595703125 0.32421875 0.60498046875 0.3251953125 0.60107421875 0.326171875 0.59765625 0.3291015625 0.5966796875 0.3349609375 0.5966796875 0.3466796875 0.5947265625 0.353515625 0.59326171875 0.3603515625 0.5927734375 0.3671875 0.59326171875 0.3720703125
8 0.6181640625 0.361328125 0.61962890625 0.3681640625 0.61962890625 0.3779296875 0.6181640625 0.3828125 0.61474609375 0.3896484375 0.611328125 0.3974609375 0.61083984375 0.4033203125 0.61279296875 0.4140625 0.61328125 0.4248046875 0.61279296875 0.4326171875 0.615234375 0.435546875 0.61669921875 0.4296875 0.61767578125 0.4267578125 0.61865234375 0.4384765625 0.6201171875 0.439453125 0.62158203125 0.4384765625 0.62158203125 0.4443359375 0.62255859375 0.4658203125 0.62158203125 0.4716796875 0.6201171875 0.474609375 0.62109375 0.4765625 0.6259765625 0.4765625 0.626953125 0.4697265625 0.626953125 0.4619140625 0.62744140625 0.4375 0.62890625 0.431640625 0.62890625 0.416015625 0.6298828125 0.4169921875 0.6298828125 0.421875 0.630859375 0.4326171875 0.63037109375 0.439453125 0.6298828125 0.4501953125 0.63037109375 0.458984375 0.62939453125 0.4638671875 0.6298828125 0.46875 0.6318359375 0.47265625 0.6328125 0.474609375 0.6357421875 0.4775390625 0.6376953125 0.4765625 0.63720703125 0.4716796875 0.63427734375 0.4638671875 0.634765625 0.45703125 0.63623046875 0.4404296875 0.63720703125 0.4189453125 0.63818359375 0.41015625 0.63818359375 0.396484375 0.63720703125 0.388671875 0.63818359375 0.3837890625 0.638671875 0.37109375 0.638671875 0.35546875 0.638671875 0.3466796875 0.63671875 0.341796875 0.63427734375 0.33984375 0.6328125 0.3359375 0.6328125 0.3310546875 0.63330078125 0.3251953125 0.634765625 0.322265625 0.634765625 0.3193359375 0.63330078125 0.31640625 0.63134765625 0.3125 0.626953125 0.3115234375 0.625 0.3134765625 0.623046875 0.3203125 0.62158203125 0.3291015625 0.6201171875 0.3359375 0.6181640625 0.3427734375 0.6171875 0.3486328125 0.6171875 0.3544921875 0.6181640625 0.361328125
8 0.6455078125 0.400390625 0.64794921875 0.400390625 0.650390625 0.4130859375 0.6513671875 0.423828125 0.6533203125 0.431640625 0.65234375 0.443359375 0.65380859375 0.4658203125 0.65478515625 0.474609375 0.6591796875 0.4736328125 0.66259765625 0.46875 0.6640625 0.462890625 0.662109375 0.45703125 0.66259765625 0.4404296875 0.6669921875 0.396484375 0.6669921875 0.3447265625 0.662109375 0.326171875 0.6591796875 0.3212890625 0.65478515625 0.322265625 0.6533203125 0.3291015625 0.65283203125 0.3359375 0.65087890625 0.3466796875 0.64794921875 0.3525390625 0.646484375 0.3671875 0.6455078125 0.3896484375 0.6455078125 0.400390625
8 0.658203125 0.34765625 0.65576171875 0.3720703125 0.6552734375 0.3857421875 0.65478515625 0.396484375 0.65673828125 0.400390625 0.65869140625 0.4013671875 0.66064453125 0.3974609375 0.66064453125 0.3916015625 0.6591796875 0.3857421875 0.66064453125 0.3759765625 0.66259765625 0.359375 0.6640625 0.353515625 0.66455078125 0.359375 0.66455078125 0.3671875 0.6630859375 0.37890625 0.66259765625 0.3896484375 0.662109375 0.39453125 0.66259765625 0.396484375 0.6630859375 0.4248046875 0.66259765625 0.431640625 0.66259765625 0.439453125 0.6640625 0.4453125 0.66552734375 0.455078125 0.66552734375 0.46484375 0.66552734375 0.4775390625 0.666015625 0.4833984375 0.66796875 0.4853515625 0.67041015625 0.4833984375 0.67138671875 0.478515625 0.67041015625 0.4697265625 0.671875 0.4609375 0.67138671875 0.455078125 0.6708984375 0.453125 0.6708984375 0.4453125 0.671875 0.439453125 0.6708984375 0.435546875 0.67138671875 0.4287109375 0.67333984375 0.4267578125 0.673828125 0.4306640625 0.67333984375 0.4375 0.6728515625 0.443359375 0.6728515625 0.4501953125 0.67333984375 0.458984375 0.6728515625 0.4677734375 0.671875 0.474609375 0.671875 0.4775390625 0.67431640625 0.478515625 0.67919921875 0.4794921875 0.68212890625 0.4775390625 0.68310546875 0.4736328125 0.68212890625 0.4716796875 0.6796875 0.46875 0.677734375 0.466796875 0.67822265625 0.45703125 0.68017578125 0.447265625 0.6806640625 0.4375 0.68115234375 0.4296875 0.68359375 0.427734375 0.685546875 0.4140625 0.685546875 0.392578125 0.685546875 0.384765625 0.68701171875 0.3779296875 0.6923828125 0.361328125 0.69140625 0.3447265625 0.68896484375 0.3349609375 0.685546875 0.3291015625 0.68408203125 0.3251953125 0.6806640625 0.3232421875 0.68310546875 0.3203125 0.68310546875 0.31640625 0.68310546875 0.3076171875 0.6826171875 0.298828125 0.68212890625 0.294921875 0.67919921875 0.29296875 0.67431640625 0.29296875 0.67236328125 0.2958984375 0.67138671875 0.2998046875 0.6708984375 0.3046875 0.67138671875 0.30859375 0.671875 0.3115234375 0.671875 0.314453125 0.671875 0.3193359375 0.66650390625 0.322265625 0.66259765625 0.3251953125 0.6611328125 0.330078125 0.658203125 0.34765625
8 0.69091796875 0.390625 0.69189453125 0.4072265625 0.69287109375 0.42578125 0.69384765625 0.439453125 0.6962890625 0.451171875 0.69873046875 0.462890625 0.70166015625 0.4658203125 0.703125 0.455078125 0.70458984375 0.443359375 0.70458984375 0.3232421875 0.701171875 0.3125 0.69677734375 0.3125 0.6953125 0.31640625 0.69384765625 0.326171875 0.6923828125 0.337890625 0.69091796875 0.34375 0.6923828125 0.3623046875 0.69091796875 0.3720703125 0.69091796875 0.390625
8 0.69140625 0.353515625 0.69140625 0.357421875 0.6904296875 0.369140625 0.69140625 0.3779296875 0.6923828125 0.3837890625 0.6943359375 0.390625 0.6953125 0.3935546875 0.6953125 0.40625 0.69580078125 0.4072265625 0.6962890625 0.419921875 0.69677734375 0.4287109375 0.6962890625 0.4326171875 0.69580078125 0.439453125 0.69580078125 0.4560546875 0.6953125 0.4638671875 0.6953125 0.4716796875 0.6953125 0.478515625 0.69775390625 0.4814453125 0.69970703125 0.4794921875 0.70068359375 0.47265625 0.701171875 0.4658203125 0.7001953125 0.4560546875 0.70263671875 0.4404296875 0.7041015625 0.431640625 0.70458984375 0.443359375 0.70458984375 0.4521484375 0.705078125 0.46484375 0.7041015625 0.4755859375 0.70458984375 0.4833984375 0.708984375 0.4833984375 0.7099609375 0.48046875 0.71044921875 0.478515625 0.708984375 0.4736328125 0.7099609375 0.4609375 0.7109375 0.44140625 0.7109375 0.4326171875 0.712890625 0.416015625 0.7158203125 0.416015625 0.7177734375 0.41015625 0.7177734375 0.396484375 0.7177734375 0.3828125 0.71630859375 0.373046875 0.71630859375 0.3681640625 0.716796875 0.357421875 0.72021484375 0.3642578125 0.72265625 0.3544921875 0.720703125 0.3466796875 0.7177734375 0.3359375 0.71435546875 0.333984375 0.71337890625 0.3232421875 0.712890625 0.3134765625 0.71240234375 0.30859375 0.7099609375 0.3056640625 0.70703125 0.3046875 0.70458984375 0.306640625 0.703125 0.310546875 0.70263671875 0.3173828125 0.70166015625 0.328125 0.69775390625 0.33203125 0.6953125 0.3359375 0.69189453125 0.3486328125 0.69140625 0.353515625
8 0.720703125 0.345703125 0.72021484375 0.3525390625 0.71923828125 0.357421875 0.71923828125 0.3623046875 0.72021484375 0.3662109375 0.72265625 0.365234375 0.724609375 0.365234375 0.72412109375 0.3701171875 0.724609375 0.3837890625 0.724609375 0.39453125 0.7255859375 0.41015625 0.72607421875 0.4189453125 0.7275390625 0.4638671875 0.7275390625 0.46875 0.72705078125 0.474609375 0.7275390625 0.4775390625 0.728515625 0.478515625 0.7333984375 0.4814453125 0.740234375 0.48046875 0.740234375 0.478515625 0.73828125 0.474609375 0.73828125 0.4638671875 0.73974609375 0.44921875 0.740234375 0.4296875 0.74267578125 0.4150390625 0.744140625 0.40234375 0.7451171875 0.396484375 0.748046875 0.400390625 0.74951171875 0.396484375 0.75048828125 0.392578125 0.75 0.3759765625 0.75146484375 0.3623046875 0.75048828125 0.357421875 0.75 0.337890625 0.748046875 0.3310546875 0.7431640625 0.3251953125 0.740234375 0.322265625 0.74072265625 0.3193359375 0.74267578125 0.3134765625 0.7421875 0.3046875 0.73974609375 0.2978515625 0.73681640625 0.296875 0.73291015625 0.2978515625 0.73193359375 0.30078125 0.73095703125 0.3056640625 0.73095703125 0.3095703125 0.73095703125 0.31640625 0.73193359375 0.3232421875 0.72607421875 0.328125 0.72412109375 0.3310546875 0.72216796875 0.3369140625 0.720703125 0.345703125
8 0.75341796875 0.349609375 0.751953125 0.3544921875 0.75244140625 0.3603515625 0.7548828125 0.3603515625 0.7568359375 0.357421875 0.759765625 0.3525390625 0.7607421875 0.349609375 0.76123046875 0.3564453125 0.7607421875 0.369140625 0.759765625 0.37890625 0.759765625 0.384765625 0.75830078125 0.396484375 0.7568359375 0.421875 0.75732421875 0.4287109375 0.75830078125 0.4296875 0.76123046875 0.4296875 0.76318359375 0.44140625 0.76416015625 0.451171875 0.7607421875 0.4560546875 0.75732421875 0.4609375 0.75830078125 0.4638671875 0.76220703125 0.4658203125 0.76513671875 0.4716796875 0.7705078125 0.4697265625 0.77294921875 0.466796875 0.77197265625 0.4609375 0.7734375 0.455078125 0.77587890625 0.439453125 0.77783203125 0.4091796875 0.78076171875 0.33203125 0.77978515625 0.326171875 0.7763671875 0.32421875 0.77392578125 0.3232421875 0.77392578125 0.3173828125 0.77392578125 0.30859375 0.77197265625 0.3046875 0.76708984375 0.3017578125 0.763671875 0.302734375 0.7626953125 0.30859375 0.76220703125 0.31640625 0.76220703125 0.3212890625 0.7626953125 0.3251953125 0.76025390625 0.330078125 0.7578125 0.3369140625 0.75634765625 0.3447265625 0.75341796875 0.349609375
8 0.7744140625 0.34765625 0.7734375 0.3564453125 0.7724609375 0.3623046875 0.77197265625 0.3681640625 0.7734375 0.37109375 0.775390625 0.3720703125 0.775390625 0.3779296875 0.77392578125 0.388671875 0.7734375 0.40234375 0.77392578125 0.4052734375 0.77490234375 0.43359375 0.77587890625 0.44140625 0.77783203125 0.453125 0.77880859375 0.4599609375 0.77783203125 0.4716796875 0.7783203125 0.474609375 0.78076171875 0.474609375 0.783203125 0.47265625 0.78369140625 0.466796875 0.7841796875 0.4609375 0.7822265625 0.4541015625 0.78173828125 0.44921875 0.7822265625 0.439453125 0.78125 0.4287109375 0.78173828125 0.423828125 0.7822265625 0.41796875 0.7841796875 0.412109375 0.7841796875 0.408203125 0.78515625 0.4091796875 0.78515625 0.4248046875 0.7861328125 0.431640625 0.78662109375 0.4443359375 0.78662109375 0.4599609375 0.7841796875 0.4638671875 0.7841796875 0.4658203125 0.78466796875 0.4716796875 0.7890625 0.4716796875 0.791015625 0.466796875 0.791015625 0.4619140625 0.79248046875 0.4482421875 0.79296875 0.4365234375 0.79345703125 0.4091796875 0.79638671875 0.400390625 0.79541015625 0.388671875 0.796875 0.3837890625 0.796875 0.373046875 0.7978515625 0.3603515625 0.79736328125 0.3486328125 0.79541015625 0.3408203125 0.796875 0.3330078125 0.7958984375 0.32421875 0.79248046875 0.3134765625 0.78955078125 0.3095703125 0.7841796875 0.3095703125 0.7822265625 0.3125 0.78076171875 0.3212890625 0.7783203125 0.328125 0.77734375 0.333984375 0.77587890625 0.33984375 0.7744140625 0.34765625
8 0.873046875 0.337890625 0.873046875 0.3427734375 0.8759765625 0.3427734375 0.87451171875 0.3525390625 0.87060546875 0.361328125 0.869140625 0.3740234375 0.86669921875 0.3896484375 0.8642578125 0.396484375 0.86083984375 0.3955078125 0.857421875 0.396484375 0.8564453125 0.404296875 0.85498046875 0.4072265625 0.85693359375 0.41796875 0.859375 0.4189453125 0.8642578125 0.4140625 0.869140625 0.4130859375 0.873046875 0.41015625 0.87353515625 0.404296875 0.873046875 0.396484375 0.873046875 0.390625 0.875 0.3837890625 0.87939453125 0.3681640625 0.87939453125 0.376953125 0.87890625 0.380859375 0.876953125 0.3876953125 0.87548828125 0.396484375 0.875 0.4033203125 0.8740234375 0.404296875 0.873046875 0.412109375 0.8740234375 0.416015625 0.8740234375 0.44140625 0.87451171875 0.4501953125 0.8759765625 0.453125 0.87744140625 0.4658203125 0.880859375 0.4853515625 0.88330078125 0.498046875 0.88134765625 0.5048828125 0.87939453125 0.513671875 0.87841796875 0.5205078125 0.87890625 0.52734375 0.8857421875 0.5283203125 0.888671875 0.5166015625 0.89013671875 0.51171875 0.892578125 0.5068359375 0.89208984375 0.4990234375 0.89013671875 0.4931640625 0.888671875 0.4775390625 0.88818359375 0.4638671875 0.8876953125 0.45703125 0.88916015625 0.455078125 0.892578125 0.4443359375 0.892578125 0.44140625 0.89404296875 0.453125 0.89453125 0.458984375 0.89453125 0.466796875 0.8935546875 0.4775390625 0.8935546875 0.4921875 0.8935546875 0.509765625 0.89111328125 0.5185546875 0.890625 0.52734375 0.89306640625 0.53125 0.89794921875 0.53125 0.9013671875 0.5302734375 0.9013671875 0.5263671875 0.8994140625 0.5205078125 0.89892578125 0.5166015625 0.8994140625 0.5078125 0.90283203125 0.490234375 0.90576171875 0.46875 0.90673828125 0.455078125 0.90673828125 0.4443359375 0.908203125 0.427734375 0.9111328125 0.4140625 0.91162109375 0.396484375 0.9130859375 0.380859375 0.9150390625 0.3583984375 0.91455078125 0.3427734375 0.91796875 0.3359375 0.91650390625 0.3203125 0.91162109375 0.302734375 0.904296875 0.296875 0.900390625 0.2939453125 0.8994140625 0.2861328125 0.90087890625 0.2763671875 0.90234375 0.26171875 0.90087890625 0.25390625 0.89453125 0.25 0.88916015625 0.2509765625 0.88623046875 0.2607421875 0.88525390625 0.2685546875 0.8857421875 0.2783203125 0.88623046875 0.2861328125 0.888671875 0.2939453125 0.88623046875 0.298828125 0.8798828125 0.3046875 0.876953125 0.3125 0.873046875 0.337890625
14 0.5390625 0.2431640625 0.53662109375 0.248046875 0.53662109375 0.251953125 0.53759765625 0.2548828125 0.53515625 0.2568359375 0.53369140625 0.259765625 0.53466796875 0.265625 0.53515625 0.26953125 0.53466796875 0.26953125 0.53125 0.2666015625 0.52880859375 0.2705078125 0.52880859375 0.2744140625 0.529296875 0.2763671875 0.5302734375 0.28125 0.53173828125 0.28125 0.5322265625 0.287109375 0.53173828125 0.29296875 0.53076171875 0.29296875 0.52490234375 0.296875 0.5244140625 0.298828125 0.525390625 0.3056640625 0.52734375 0.3115234375 0.52978515625 0.3134765625 0.529296875 0.3173828125 0.529296875 0.3203125 0.53076171875 0.3251953125 0.5341796875 0.3291015625 0.53564453125 0.3291015625 0.5361328125 0.3251953125 0.53955078125 0.32421875 0.54345703125 0.322265625 0.54736328125 0.3232421875 0.5478515625 0.2353515625 0.5458984375 0.2353515625 0.54296875 0.240234375 0.541015625 0.240234375 0.5390625 0.2431640625
10 0.46923828125 0.3544921875 0.46875 0.359375 0.46875 0.361328125 0.4736328125 0.3662109375 0.47509765625 0.365234375 0.47509765625 0.3544921875 0.4755859375 0.34765625 0.4765625 0.3427734375 0.47607421875 0.3359375 0.474609375 0.33203125 0.47412109375 0.330078125 0.4736328125 0.326171875 0.47265625 0.3251953125 0.47119140625 0.32421875 0.4697265625 0.3251953125 0.4697265625 0.3291015625 0.46875 0.33203125 0.46826171875 0.337890625 0.46875 0.34375 0.46923828125 0.349609375 0.46923828125 0.3544921875
0 0.47119140625 0.3740234375 0.47265625 0.373046875 0.47265625 0.357421875 0.4736328125 0.35546875 0.4736328125 0.353515625 0.4736328125 0.3505859375 0.47216796875 0.349609375 0.4716796875 0.349609375 0.470703125 0.353515625 0.470703125 0.3603515625 0.470703125 0.3671875 0.470703125 0.373046875 0.47119140625 0.3740234375