12 0.607421875 0.3486328125 0.611328125 0.3515625 0.61474609375 0.3486328125 0.61474609375 0.33984375 0.611328125 0.3359375 0.60888671875 0.33984375 0.607421875 0.3486328125
12 0.60888671875 0.353515625 0.61181640625 0.3642578125 0.6142578125 0.353515625 0.6142578125 0.3505859375 0.60888671875 0.353515625
8 0.49560546875 0.3662109375 0.49365234375 0.3642578125 0.4931640625 0.361328125 0.4931640625 0.3564453125 0.4921875 0.3544921875 0.49072265625 0.3544921875 0.48974609375 0.3583984375 0.4892578125 0.3623046875 0.4892578125 0.3662109375 0.48828125 0.369140625 0.48828125 0.373046875 0.4892578125 0.376953125 0.48974609375 0.376953125 0.48974609375 0.3955078125 0.48974609375 0.3994140625 0.48974609375 0.4169921875 0.49072265625 0.419921875 0.4931640625 0.41796875 0.49365234375 0.3955078125 0.49462890625 0.3876953125 0.49462890625 0.375 0.49560546875 0.3662109375
12 0.400390625 0.2685546875 0.400390625 0.28515625 0.40576171875 0.287109375 0.40576171875 0.2666015625 0.400390625 0.2685546875
12 0.4052734375 0.306640625 0.40576171875 0.2958984375 0.404296875 0.2890625 0.4033203125 0.287109375 0.40185546875 0.287109375 0.40185546875 0.294921875 0.40185546875 0.302734375 0.4033203125 0.30859375 0.4052734375 0.306640625
14 0.39794921875 0.388671875 0.396484375 0.3876953125 0.392578125 0.3828125 0.392578125 0.373046875 0.39111328125 0.3701171875 0.390625 0.3662109375 0.3896484375 0.3583984375 0.388671875 0.3515625 0.38720703125 0.34765625 0.38525390625 0.34765625 0.38330078125 0.33984375 0.3818359375 0.3349609375 0.38134765625 0.3330078125 0.37890625 0.34765625 0.37890625 0.353515625 0.37890625 0.359375 0.37939453125 0.3662109375 0.37744140625 0.369140625 0.37744140625 0.3642578125 0.37646484375 0.361328125 0.375 0.3583984375 0.37353515625 0.3564453125 0.37255859375 0.3544921875 0.36865234375 0.3515625 0.3681640625 0.353515625 0.3642578125 0.3583984375 0.36279296875 0.361328125 0.36328125 0.42578125 0.375 0.4248046875 0.392578125 0.419921875 0.396484375 0.412109375 0.396484375 0.3994140625 0.3974609375 0.396484375 0.39794921875 0.388671875
1 0.60498046875 0.4150390625 0.59716796875 0.41796875 0.59423828125 0.42578125 0.5927734375 0.435546875 0.59423828125 0.4365234375 0.591796875 0.4521484375 0.5927734375 0.4599609375 0.5966796875 0.46875 0.60107421875 0.46875 0.603515625 0.47265625 0.60888671875 0.4755859375 0.61279296875 0.4755859375 0.61572265625 0.4794921875 0.61962890625 0.4794921875 0.62646484375 0.4814453125 0.62939453125 0.5 0.6328125 0.5048828125 0.63525390625 0.5048828125 0.63720703125 0.4970703125 0.6396484375 0.498046875 0.64111328125 0.5087890625 0.64453125 0.5126953125 0.646484375 0.5048828125 0.65185546875 0.5078125 0.6611328125 0.505859375 0.66650390625 0.5029296875 0.6689453125 0.5 0.67529296875 0.5 0.67724609375 0.5029296875 0.67822265625 0.5048828125 0.6796875 0.5048828125 0.6865234375 0.5048828125 0.68994140625 0.4970703125 0.69287109375 0.4873046875 0.6943359375 0.4814453125 0.69677734375 0.4755859375 0.69970703125 0.47265625 0.703125 0.462890625 0.70361328125 0.455078125 0.70361328125 0.443359375 0.7021484375 0.431640625 0.69970703125 0.4248046875 0.69921875 0.4208984375 0.6953125 0.41796875 0.69140625 0.4091796875 0.6953125 0.4091796875 0.6982421875 0.4072265625 0.69677734375 0.404296875 0.6943359375 0.4013671875 0.68359375 0.3955078125 0.67041015625 0.388671875 0.662109375 0.390625 0.6591796875 0.3857421875 0.654296875 0.3876953125 0.654296875 0.3916015625 0.654296875 0.3955078125 0.6533203125 0.396484375 0.64892578125 0.3955078125 0.64990234375 0.388671875 0.64501953125 0.3857421875 0.63525390625 0.380859375 0.63037109375 0.3828125 0.61474609375 0.388671875 0.609375 0.396484375 0.60400390625 0.4013671875 0.60498046875 0.4150390625
10 0.669921875 0.4462890625 0.671875 0.435546875 0.67431640625 0.4306640625 0.6767578125 0.42578125 0.69140625 0.4248046875 0.69140625 0.41796875 0.68994140625 0.40234375 0.68994140625 0.3935546875 0.68994140625 0.3837890625 0.69140625 0.369140625 0.69140625 0.3515625 0.6884765625 0.3515625 0.6845703125 0.3486328125 0.6845703125 0.3427734375 0.68359375 0.337890625 0.68359375 0.3330078125 0.6796875 0.3291015625 0.67578125 0.3349609375 0.673828125 0.33984375 0.67138671875 0.3408203125 0.67041015625 0.34765625 0.6689453125 0.3564453125 0.66259765625 0.3701171875 0.662109375 0.376953125 0.662109375 0.3828125 0.66455078125 0.3857421875 0.66796875 0.3798828125 0.67138671875 0.3720703125 0.67138671875 0.3779296875 0.671875 0.388671875 0.6689453125 0.3955078125 0.66748046875 0.41015625 0.66259765625 0.42578125 0.662109375 0.443359375 0.66455078125 0.4658203125 0.66357421875 0.4873046875 0.66064453125 0.4892578125 0.65966796875 0.4892578125 0.658203125 0.4951171875 0.66748046875 0.4951171875 0.66796875 0.4921875 0.6689453125 0.45703125 0.669921875 0.4462890625
12 0.73974609375 0.0478515625 0.73388671875 0.060546875 0.734375 0.0908203125 0.7421875 0.0791015625 0.73974609375 0.0478515625
12 0.7607421875 0.1435546875 0.7607421875 0.08984375 0.76025390625 0.0859375 0.75439453125 0.0830078125 0.73046875 0.0859375 0.7275390625 0.0908203125 0.728515625 0.1484375 0.73046875 0.1513671875 0.7607421875 0.1494140625 0.7607421875 0.1435546875
0 0.63427734375 0.412109375 0.6357421875 0.412109375 0.63525390625 0.4287109375 0.63427734375 0.4375 0.6328125 0.443359375 0.63134765625 0.4501953125 0.62841796875 0.4560546875 0.626953125 0.49609375 0.63134765625 0.5048828125 0.63330078125 0.5068359375 0.63525390625 0.50390625 0.63623046875 0.4970703125 0.63623046875 0.484375 0.63720703125 0.4833984375 0.6376953125 0.486328125 0.63916015625 0.498046875 0.64111328125 0.5078125 0.64208984375 0.5107421875 0.6435546875 0.51171875 0.64453125 0.5107421875 0.64501953125 0.5078125 0.646484375 0.5029296875 0.64697265625 0.4951171875 0.64501953125 0.4599609375 0.64501953125 0.45703125 0.64697265625 0.4560546875 0.646484375 0.4384765625 0.64306640625 0.4384765625 0.64306640625 0.4365234375 0.64404296875 0.4365234375 0.64404296875 0.4306640625 0.64404296875 0.4296875 0.6416015625 0.427734375 0.638671875 0.4248046875 0.63818359375 0.4130859375 0.64013671875 0.41015625 0.64111328125 0.4091796875 0.640625 0.4052734375 0.64013671875 0.404296875 0.63818359375 0.4033203125 0.634765625 0.4033203125 0.63232421875 0.40625 0.63232421875 0.41015625 0.63427734375 0.412109375
8 0.61572265625 0.3955078125 0.61669921875 0.390625 0.61669921875 0.3857421875 0.6181640625 0.3701171875 0.61865234375 0.390625 0.6181640625 0.396484375 0.6181640625 0.40234375 0.6171875 0.4072265625 0.61669921875 0.4091796875 0.6181640625 0.4228515625 0.6181640625 0.4248046875 0.6181640625 0.435546875 0.6181640625 0.443359375 0.6171875 0.4541015625 0.6181640625 0.46484375 0.61865234375 0.4755859375 0.6220703125 0.4912109375 0.62255859375 0.498046875 0.62109375 0.505859375 0.625 0.5078125 0.62744140625 0.505859375 0.6328125 0.505859375 0.63134765625 0.498046875 0.62890625 0.4921875 0.63134765625 0.4580078125 0.6318359375 0.4580078125 0.6357421875 0.42578125 0.6357421875 0.4169921875 0.63525390625 0.412109375 0.63330078125 0.4072265625 0.6357421875 0.40234375 0.63525390625 0.3994140625 0.6357421875 0.388671875 0.63671875 0.3720703125 0.638671875 0.3828125 0.640625 0.388671875 0.6396484375 0.396484375 0.638671875 0.40234375 0.6396484375 0.40625 0.64111328125 0.4072265625 0.6435546875 0.4013671875 0.64453125 0.3837890625 0.642578125 0.373046875 0.640625 0.3544921875 0.63671875 0.345703125 0.63330078125 0.34375 0.63330078125 0.33984375 0.6357421875 0.3291015625 0.63671875 0.3212890625 0.6328125 0.314453125 0.6279296875 0.31640625 0.6259765625 0.322265625 0.6259765625 0.33203125 0.62646484375 0.3359375 0.6240234375 0.34375 0.6171875 0.34375 0.61572265625 0.3486328125 0.61279296875 0.3701171875 0.61181640625 0.3876953125 0.61328125 0.3955078125 0.6142578125 0.396484375 0.61572265625 0.3955078125
8 0.4365234375 0.404296875 0.43896484375 0.4013671875 0.43994140625 0.41015625 0.44189453125 0.41015625 0.44140625 0.4287109375 0.4443359375 0.4306640625 0.44677734375 0.4287109375 0.44580078125 0.4248046875 0.4443359375 0.4228515625 0.4453125 0.41015625 0.4453125 0.40234375 0.44384765625 0.388671875 0.44287109375 0.3857421875 0.44384765625 0.3701171875 0.44287109375 0.3662109375 0.44287109375 0.361328125 0.44189453125 0.3564453125 0.43994140625 0.3564453125 0.4375 0.359375 0.43603515625 0.3623046875 0.43310546875 0.3662109375 0.43115234375 0.3720703125 0.43310546875 0.3876953125 0.43310546875 0.3935546875 0.43310546875 0.3984375 0.43212890625 0.412109375 0.4306640625 0.4140625 0.42919921875 0.416015625 0.43017578125 0.42578125 0.4326171875 0.4248046875 0.43359375 0.41796875 0.43505859375 0.4140625 0.4365234375 0.404296875