14 0.7470703125 0.392578125 0.75146484375 0.375 0.75634765625 0.3544921875 0.74560546875 0.36328125 0.74951171875 0.3505859375 0.74169921875 0.3525390625 0.7451171875 0.3310546875 0.7412109375 0.322265625 0.74365234375 0.3056640625 0.732421875 0.3134765625 0.73193359375 0.3095703125 0.72802734375 0.2958984375 0.72705078125 0.291015625 0.73095703125 0.2744140625 0.724609375 0.2783203125 0.7177734375 0.287109375 0.6806640625 0.0576171875 0.67822265625 0.037109375 0.67333984375 0.0322265625 0.6669921875 0.0322265625 0.662109375 0.0439453125 0.65771484375 0.046875 0.65625 0.0625 0.65283203125 0.05078125 0.6533203125 0.0390625 0.6474609375 0.033203125 0.6396484375 0.033203125 0.634765625 0.0390625 0.63330078125 0.033203125 0.630859375 0.025390625 0.623046875 0.0126953125 0.61865234375 0.0029296875 0.37451171875 0.0009765625 0.36767578125 0.5224609375 0.73095703125 0.4765625 0.7470703125 0.392578125
14 0.86181640625 0.3974609375 0.85791015625 0.388671875 0.853515625 0.3896484375 0.84716796875 0.3916015625 0.84130859375 0.390625 0.8369140625 0.384765625 0.83203125 0.390625 0.828125 0.3896484375 0.82470703125 0.3857421875 0.82080078125 0.3896484375 0.81640625 0.3818359375 0.798828125 0.423828125 0.779296875 0.4169921875 0.77685546875 0.408203125 0.7744140625 0.408203125 0.77197265625 0.4150390625 0.77197265625 0.4248046875 0.77001953125 0.4248046875 0.7666015625 0.41796875 0.7646484375 0.4111328125 0.759765625 0.4072265625 0.755859375 0.4033203125 0.751953125 0.4033203125 0.74755859375 0.416015625 0.74560546875 0.4326171875 0.865234375 0.4375 0.865234375 0.4130859375 0.86181640625 0.3974609375
14 0.94580078125 0.3984375 0.9365234375 0.396484375 0.92822265625 0.3974609375 0.923828125 0.40234375 0.91943359375 0.4140625 0.9169921875 0.4287109375 0.9716796875 0.4326171875 0.966796875 0.4150390625 0.9599609375 0.408203125 0.9521484375 0.40234375 0.94580078125 0.3984375
3 0.39111328125 0.462890625 0.38818359375 0.4599609375 0.3828125 0.4599609375 0.37646484375 0.4609375 0.37548828125 0.4892578125 0.39404296875 0.4755859375 0.39111328125 0.462890625
3 0.4091796875 0.5126953125 0.40966796875 0.5146484375 0.41015625 0.5166015625 0.4111328125 0.5185546875 0.41259765625 0.5185546875 0.4150390625 0.5166015625 0.416015625 0.5146484375 0.4169921875 0.5107421875 0.419921875 0.5107421875 0.42041015625 0.513671875 0.42138671875 0.5146484375 0.4228515625 0.5146484375 0.42431640625 0.513671875 0.42529296875 0.51171875 0.42578125 0.50390625 0.42578125 0.4912109375 0.423828125 0.4775390625 0.42041015625 0.466796875 0.4169921875 0.4609375 0.39794921875 0.458984375 0.39306640625 0.4638671875 0.39013671875 0.4716796875 0.38671875 0.4755859375 0.380859375 0.482421875 0.3818359375 0.517578125 0.384765625 0.5185546875 0.38671875 0.515625 0.38818359375 0.51171875 0.4091796875 0.5126953125
14 0.982421875 0.298828125 0.98388671875 0.3232421875 0.98583984375 0.333984375 0.98974609375 0.337890625 0.99755859375 0.337890625 0.99755859375 0.2578125 0.98876953125 0.2587890625 0.98486328125 0.2734375 0.982421875 0.2802734375 0.982421875 0.298828125
12 0.4453125 0.404296875 0.43408203125 0.4052734375 0.43408203125 0.421875 0.44482421875 0.421875 0.4453125 0.404296875
12 0.44970703125 0.4697265625 0.435546875 0.4716796875 0.43505859375 0.4892578125 0.4501953125 0.490234375 0.44970703125 0.4697265625
12 0.43017578125 0.4453125 0.43017578125 0.4541015625 0.43212890625 0.46484375 0.43701171875 0.46875 0.44189453125 0.4677734375 0.44580078125 0.4638671875 0.44921875 0.4560546875 0.44970703125 0.451171875 0.44970703125 0.4423828125 0.447265625 0.4345703125 0.4443359375 0.4287109375 0.43896484375 0.4287109375 0.4345703125 0.4306640625 0.4306640625 0.4365234375 0.43017578125 0.4453125
12 0.3056640625 0.3994140625 0.30517578125 0.4111328125 0.30810546875 0.421875 0.31494140625 0.4287109375 0.3203125 0.4248046875 0.32275390625 0.41796875 0.32421875 0.4072265625 0.3232421875 0.3974609375 0.3203125 0.390625 0.3154296875 0.3857421875 0.31103515625 0.3876953125 0.30859375 0.3916015625 0.3056640625 0.3994140625
12 0.30712890625 0.45703125 0.3095703125 0.4638671875 0.31298828125 0.4677734375 0.31787109375 0.4677734375 0.32177734375 0.4658203125 0.32470703125 0.4580078125 0.32568359375 0.44921875 0.32470703125 0.4423828125 0.322265625 0.4345703125 0.318359375 0.431640625 0.31396484375 0.4306640625 0.30908203125 0.435546875 0.306640625 0.443359375 0.306640625 0.4482421875 0.30712890625 0.45703125
12 0.09716796875 0.3369140625 0.1005859375 0.341796875 0.1044921875 0.341796875 0.10888671875 0.341796875 0.1123046875 0.3369140625 0.11376953125 0.3310546875 0.11474609375 0.3251953125 0.11376953125 0.314453125 0.1123046875 0.3076171875 0.1103515625 0.3046875 0.1064453125 0.3017578125 0.103515625 0.3017578125 0.099609375 0.3037109375 0.0966796875 0.3076171875 0.0947265625 0.3125 0.0927734375 0.3212890625 0.09326171875 0.3291015625 0.0947265625 0.3330078125 0.09716796875 0.3369140625
8 0 0.5986328125 0.00537109375 0.6044921875 0.0087890625 0.6044921875 0.0087890625 0.5986328125 0.00537109375 0.5927734375 0.00439453125 0.583984375 0.00439453125 0.5712890625 0.00927734375 0.5537109375 0.01318359375 0.5380859375 0.01611328125 0.51953125 0.01513671875 0.5029296875 0.0107421875 0.47265625 0.0126953125 0.462890625 0.0126953125 0.45703125 0.0126953125 0.447265625 0.0126953125 0.4384765625 0.01318359375 0.421875 0.015625 0.416015625 0.0146484375 0.40234375 0.00927734375 0.388671875 0.00537109375 0.375 0.009765625 0.3671875 0.0126953125 0.35546875 0.0126953125 0.34375 0.01025390625 0.333984375 0.0078125 0.328125 0.00341796875 0.3251953125 0 0.3291015625 0 0.5986328125
12 0.26806640625 0 0.2451171875 0.0009765625 0.2451171875 0.2197265625 0.27734375 0.2265625 0.27587890625 0.00390625 0.26806640625 0
12 0.9970703125 0.0009765625 0.91796875 0 0.95849609375 0.1298828125 0.9970703125 0.0009765625
8 0.6767578125 0.650390625 0.67431640625 0.640625 0.67626953125 0.6220703125 0.6806640625 0.6171875 0.6953125 0.5947265625 0.703125 0.583984375 0.70263671875 0.6083984375 0.703125 0.6328125 0.7021484375 0.6494140625 0.70361328125 0.6552734375 0.7158203125 0.6630859375 0.72119140625 0.6611328125 0.724609375 0.6552734375 0.71923828125 0.6494140625 0.71240234375 0.6396484375 0.7119140625 0.611328125 0.71533203125 0.5498046875 0.71142578125 0.4990234375 0.71337890625 0.416015625 0.7099609375 0.40625 0.71337890625 0.3935546875 0.7099609375 0.380859375 0.708984375 0.3720703125 0.703125 0.3662109375 0.697265625 0.3662109375 0.69482421875 0.3720703125 0.69140625 0.390625 0.69091796875 0.4091796875 0.68896484375 0.4208984375 0.6884765625 0.45703125 0.6884765625 0.47265625 0.6865234375 0.4873046875 0.6865234375 0.501953125 0.689453125 0.517578125 0.6923828125 0.5283203125 0.68994140625 0.5400390625 0.68701171875 0.5537109375 0.68408203125 0.55859375 0.6806640625 0.5703125 0.6806640625 0.5888671875 0.67333984375 0.603515625 0.6708984375 0.611328125 0.66845703125 0.6123046875 0.66650390625 0.611328125 0.66455078125 0.615234375 0.6640625 0.6240234375 0.66650390625 0.642578125 0.671875 0.654296875 0.673828125 0.654296875 0.6767578125 0.650390625
8 0.703125 0.646484375 0.7001953125 0.638671875 0.7041015625 0.6259765625 0.72314453125 0.578125 0.72998046875 0.5927734375 0.732421875 0.61328125 0.734375 0.6318359375 0.734375 0.6494140625 0.732421875 0.6669921875 0.744140625 0.6689453125 0.7568359375 0.6689453125 0.7607421875 0.6650390625 0.75634765625 0.6591796875 0.75146484375 0.654296875 0.74609375 0.6455078125 0.744140625 0.62890625 0.74365234375 0.6103515625 0.7451171875 0.5849609375 0.74365234375 0.544921875 0.74072265625 0.52734375 0.7373046875 0.5068359375 0.73876953125 0.4990234375 0.73828125 0.4951171875 0.7373046875 0.462890625 0.75634765625 0.43359375 0.7548828125 0.4287109375 0.75390625 0.4189453125 0.7490234375 0.4140625 0.7451171875 0.4150390625 0.74169921875 0.4228515625 0.74267578125 0.43359375 0.7392578125 0.439453125 0.73486328125 0.4443359375 0.728515625 0.40625 0.73291015625 0.3974609375 0.73388671875 0.3828125 0.73388671875 0.3681640625 0.7333984375 0.3583984375 0.72900390625 0.3525390625 0.72314453125 0.3525390625 0.71826171875 0.3544921875 0.71533203125 0.36328125 0.71435546875 0.3701171875 0.7119140625 0.396484375 0.70703125 0.4150390625 0.70263671875 0.435546875 0.703125 0.45703125 0.7041015625 0.482421875 0.70458984375 0.494140625 0.70703125 0.501953125 0.71044921875 0.5146484375 0.7109375 0.5361328125 0.7109375 0.548828125 0.70703125 0.568359375 0.703125 0.5830078125 0.69873046875 0.60546875 0.69384765625 0.6171875 0.6904296875 0.6259765625 0.685546875 0.6435546875 0.69482421875 0.6572265625 0.7080078125 0.6640625 0.70849609375 0.6591796875 0.703125 0.646484375