14 0.49658203125 0.1845703125 0.47412109375 0.1640625 0.44677734375 0.1611328125 0.4521484375 0.25390625 0.5244140625 0.265625 0.6240234375 0.24609375 0.67138671875 0.2197265625 0.68798828125 0.1982421875 0.68408203125 0.15625 0.67529296875 0.16015625 0.64599609375 0.166015625 0.6240234375 0.166015625 0.611328125 0.1708984375 0.59912109375 0.173828125 0.587890625 0.181640625 0.57568359375 0.1884765625 0.5537109375 0.1953125 0.53857421875 0.1865234375 0.50634765625 0.17578125 0.49658203125 0.1845703125
14 0.45751953125 0.4365234375 0.458984375 0.4423828125 0.466796875 0.4423828125 0.4765625 0.4423828125 0.486328125 0.4423828125 0.4990234375 0.4482421875 0.51025390625 0.4423828125 0.513671875 0.4267578125 0.541015625 0.4189453125 0.5712890625 0.421875 0.5927734375 0.427734375 0.61474609375 0.4453125 0.62939453125 0.4560546875 0.630859375 0.4453125 0.625 0.4169921875 0.62353515625 0.392578125 0.62353515625 0.373046875 0.6171875 0.3466796875 0.60888671875 0.3203125 0.6005859375 0.31640625 0.59130859375 0.3291015625 0.5830078125 0.34375 0.57568359375 0.3525390625 0.5693359375 0.373046875 0.56884765625 0.35546875 0.5625 0.3515625 0.56005859375 0.3291015625 0.54931640625 0.306640625 0.537109375 0.3017578125 0.5302734375 0.314453125 0.5166015625 0.3203125 0.5048828125 0.333984375 0.4970703125 0.33984375 0.4912109375 0.3154296875 0.466796875 0.31640625 0.458984375 0.328125 0.45703125 0.3974609375 0.45751953125 0.4365234375
5 0.458984375 0.5 0.47119140625 0.4990234375 0.49951171875 0.4697265625 0.5146484375 0.44921875 0.49658203125 0.4296875 0.47900390625 0.4287109375 0.45654296875 0.4228515625 0.458984375 0.5
5 0.62744140625 0.46484375 0.63232421875 0.484375 0.64208984375 0.4873046875 0.65478515625 0.48046875 0.67578125 0.4580078125 0.67724609375 0.44140625 0.6396484375 0.4375 0.63916015625 0.4453125 0.6240234375 0.4443359375 0.62744140625 0.46484375
3 0.74462890625 0.494140625 0.7548828125 0.494140625 0.76025390625 0.482421875 0.75732421875 0.46484375 0.75146484375 0.447265625 0.74560546875 0.439453125 0.7275390625 0.44140625 0.724609375 0.4853515625 0.7314453125 0.494140625 0.74462890625 0.494140625
14 0.74658203125 0.2958984375 0.74072265625 0.330078125 0.72509765625 0.341796875 0.71630859375 0.3505859375 0.71240234375 0.3623046875 0.71044921875 0.3798828125 0.70751953125 0.3935546875 0.7080078125 0.4140625 0.7080078125 0.4267578125 0.712890625 0.4404296875 0.72119140625 0.4501953125 0.7333984375 0.4521484375 0.73779296875 0.4736328125 0.75146484375 0.49609375 0.77392578125 0.4853515625 0.79052734375 0.4814453125 0.7958984375 0.43359375 0.7880859375 0.294921875 0.78515625 0.2802734375 0.7763671875 0.259765625 0.76123046875 0.2470703125 0.75390625 0.2607421875 0.74658203125 0.2958984375
5 0.6416015625 0.51171875 0.64501953125 0.5283203125 0.67138671875 0.5322265625 0.6904296875 0.52734375 0.70166015625 0.5166015625 0.69775390625 0.47265625 0.6953125 0.4580078125 0.68994140625 0.4501953125 0.67041015625 0.443359375 0.6455078125 0.44140625 0.64111328125 0.46875 0.6416015625 0.51171875
3 0.5390625 0.501953125 0.64501953125 0.4990234375 0.64599609375 0.470703125 0.63427734375 0.455078125 0.62060546875 0.43359375 0.61328125 0.4208984375 0.59423828125 0.400390625 0.552734375 0.3984375 0.53076171875 0.400390625 0.5390625 0.501953125
3 0.5888671875 0.537109375 0.6240234375 0.5361328125 0.64111328125 0.5341796875 0.63818359375 0.4658203125 0.63330078125 0.451171875 0.60986328125 0.4365234375 0.58984375 0.439453125 0.5703125 0.44140625 0.56591796875 0.4521484375 0.5712890625 0.521484375 0.5888671875 0.537109375
3 0.3037109375 0.5068359375 0.31103515625 0.5126953125 0.3212890625 0.5126953125 0.32177734375 0.4951171875 0.3125 0.439453125 0.30078125 0.4453125 0.2822265625 0.478515625 0.28662109375 0.5107421875 0.3037109375 0.5068359375
3 0.21875 0.484375 0.2158203125 0.5126953125 0.22607421875 0.5205078125 0.2392578125 0.5185546875 0.25830078125 0.517578125 0.27392578125 0.5029296875 0.279296875 0.5126953125 0.29248046875 0.5107421875 0.28857421875 0.443359375 0.27880859375 0.4306640625 0.251953125 0.431640625 0.234375 0.4375 0.22412109375 0.4619140625 0.21875 0.484375
3 0.1298828125 0.44921875 0.11767578125 0.4638671875 0.107421875 0.4814453125 0.1015625 0.4931640625 0.1015625 0.5029296875 0.10205078125 0.5087890625 0.10302734375 0.5126953125 0.1044921875 0.5185546875 0.1064453125 0.521484375 0.11083984375 0.521484375 0.11376953125 0.5205078125 0.115234375 0.5185546875 0.1171875 0.5146484375 0.13720703125 0.5146484375 0.13818359375 0.51953125 0.140625 0.521484375 0.14453125 0.521484375 0.1474609375 0.5205078125 0.14892578125 0.5166015625 0.15087890625 0.513671875 0.1708984375 0.51171875 0.171875 0.515625 0.17431640625 0.5185546875 0.1796875 0.5185546875 0.18310546875 0.513671875 0.18408203125 0.5068359375 0.18408203125 0.4892578125 0.18017578125 0.46484375 0.17431640625 0.45703125 0.16796875 0.4501953125 0.1630859375 0.44921875 0.1376953125 0.4482421875 0.1298828125 0.44921875
8 0.1826171875 0.4365234375 0.17822265625 0.4521484375 0.17724609375 0.4677734375 0.1787109375 0.478515625 0.177734375 0.4921875 0.17626953125 0.5107421875 0.17578125 0.521484375 0.1787109375 0.5224609375 0.1826171875 0.521484375 0.18310546875 0.5126953125 0.1845703125 0.4990234375 0.18603515625 0.4775390625 0.1904296875 0.4462890625 0.1884765625 0.4267578125 0.18359375 0.423828125 0.1806640625 0.427734375 0.1806640625 0.431640625 0.1826171875 0.4365234375
8 0.18310546875 0.439453125 0.18115234375 0.462890625 0.18310546875 0.484375 0.18603515625 0.5009765625 0.18408203125 0.513671875 0.18408203125 0.5244140625 0.18798828125 0.5263671875 0.1884765625 0.513671875 0.18798828125 0.5283203125 0.197265625 0.5302734375 0.19775390625 0.5263671875 0.19384765625 0.5234375 0.19384765625 0.515625 0.1943359375 0.509765625 0.1953125 0.5009765625 0.1953125 0.478515625 0.197265625 0.4833984375 0.19970703125 0.4853515625 0.19873046875 0.458984375 0.1962890625 0.4404296875 0.19677734375 0.435546875 0.19677734375 0.42578125 0.19384765625 0.419921875 0.1904296875 0.4208984375 0.1884765625 0.42578125 0.18701171875 0.43359375 0.18310546875 0.439453125
8 0.2060546875 0.4384765625 0.20166015625 0.44921875 0.20166015625 0.4609375 0.20263671875 0.474609375 0.20361328125 0.4833984375 0.20068359375 0.5 0.19970703125 0.52734375 0.2060546875 0.5283203125 0.20458984375 0.5244140625 0.20458984375 0.5078125 0.208984375 0.4873046875 0.2177734375 0.521484375 0.21923828125 0.5302734375 0.22509765625 0.5234375 0.2275390625 0.51953125 0.22509765625 0.5185546875 0.22216796875 0.51953125 0.21435546875 0.4833984375 0.216796875 0.46484375 0.2177734375 0.4482421875 0.21337890625 0.4375 0.21484375 0.4306640625 0.21484375 0.4248046875 0.212890625 0.4208984375 0.2080078125 0.421875 0.20654296875 0.4267578125 0.2060546875 0.435546875 0.2060546875 0.4384765625
8 0.21337890625 0.455078125 0.2119140625 0.4677734375 0.2099609375 0.486328125 0.2109375 0.501953125 0.2080078125 0.513671875 0.20849609375 0.5302734375 0.21435546875 0.5302734375 0.2119140625 0.5263671875 0.212890625 0.51171875 0.21875 0.4931640625 0.22265625 0.513671875 0.224609375 0.52734375 0.22607421875 0.5283203125 0.232421875 0.5283203125 0.23193359375 0.5234375 0.2275390625 0.5205078125 0.22607421875 0.5078125 0.2255859375 0.4814453125 0.224609375 0.46875 0.22509765625 0.458984375 0.22119140625 0.4501953125 0.22216796875 0.4453125 0.22412109375 0.4423828125 0.22412109375 0.4375 0.2236328125 0.4326171875 0.2216796875 0.4306640625 0.21923828125 0.4306640625 0.216796875 0.43359375 0.216796875 0.439453125 0.21337890625 0.455078125
8 0.2578125 0.4794921875 0.2578125 0.4765625 0.255859375 0.4697265625 0.25390625 0.4609375 0.2509765625 0.453125 0.25 0.443359375 0.2509765625 0.439453125 0.251953125 0.4365234375 0.25244140625 0.4326171875 0.251953125 0.427734375 0.25048828125 0.42578125 0.2490234375 0.4248046875 0.24609375 0.4248046875 0.2451171875 0.4267578125 0.24462890625 0.4306640625 0.2451171875 0.435546875 0.24365234375 0.4423828125 0.240234375 0.44921875 0.23974609375 0.4658203125 0.24072265625 0.4921875 0.24072265625 0.501953125 0.23828125 0.5078125 0.23486328125 0.5126953125 0.234375 0.5185546875 0.234375 0.5263671875 0.23583984375 0.5302734375 0.23779296875 0.53125 0.23779296875 0.5205078125 0.2392578125 0.5185546875 0.244140625 0.51171875 0.24658203125 0.5107421875 0.24560546875 0.5341796875 0.25 0.5361328125 0.2548828125 0.5341796875 0.2548828125 0.53125 0.25244140625 0.5283203125 0.2509765625 0.52734375 0.2509765625 0.513671875 0.25341796875 0.5078125 0.251953125 0.4931640625 0.2509765625 0.4833984375 0.24951171875 0.4638671875 0.25537109375 0.4775390625 0.2578125 0.4794921875
8 0.294921875 0.5 0.2939453125 0.4921875 0.29345703125 0.4814453125 0.29345703125 0.474609375 0.29345703125 0.4677734375 0.29248046875 0.4599609375 0.2919921875 0.451171875 0.28955078125 0.447265625 0.291015625 0.443359375 0.2919921875 0.44140625 0.29248046875 0.4375 0.2919921875 0.431640625 0.291015625 0.4296875 0.2890625 0.4287109375 0.28662109375 0.4287109375 0.28466796875 0.4404296875 0.28125 0.451171875 0.28125 0.46875 0.279296875 0.48046875 0.279296875 0.48828125 0.27783203125 0.4931640625 0.275390625 0.50390625 0.27490234375 0.513671875 0.26904296875 0.5205078125 0.26953125 0.5283203125 0.27197265625 0.533203125 0.2734375 0.5341796875 0.2744140625 0.5234375 0.27734375 0.51953125 0.2802734375 0.515625 0.2822265625 0.509765625 0.28515625 0.509765625 0.2900390625 0.5048828125 0.291015625 0.5078125 0.291015625 0.5361328125 0.298828125 0.5361328125 0.30029296875 0.53515625 0.30029296875 0.533203125 0.29736328125 0.5302734375 0.296875 0.525390625 0.29541015625 0.5205078125 0.29541015625 0.509765625 0.29541015625 0.50390625 0.294921875 0.5
3 0.30419921875 0.5185546875 0.31982421875 0.51171875 0.3203125 0.5205078125 0.32177734375 0.5283203125 0.32373046875 0.53515625 0.33349609375 0.5361328125 0.3388671875 0.5322265625 0.33935546875 0.5224609375 0.3466796875 0.5224609375 0.349609375 0.5263671875 0.3525390625 0.5283203125 0.35595703125 0.5263671875 0.35693359375 0.5205078125 0.36083984375 0.5205078125 0.36181640625 0.53125 0.3642578125 0.53515625 0.36962890625 0.53515625 0.37451171875 0.53515625 0.37841796875 0.5322265625 0.38427734375 0.521484375 0.3935546875 0.5224609375 0.40185546875 0.525390625 0.40380859375 0.4990234375 0.4013671875 0.4462890625 0.388671875 0.390625 0.38134765625 0.38671875 0.3330078125 0.3857421875 0.32275390625 0.3837890625 0.3125 0.380859375 0.30419921875 0.5185546875
8 0.3857421875 0.3916015625 0.380859375 0.4072265625 0.3828125 0.4306640625 0.38330078125 0.4619140625 0.384765625 0.4794921875 0.390625 0.4853515625 0.3955078125 0.482421875 0.39697265625 0.4765625 0.40087890625 0.4638671875 0.40478515625 0.447265625 0.40478515625 0.4228515625 0.40380859375 0.4013671875 0.3974609375 0.384765625 0.3974609375 0.3740234375 0.388671875 0.375 0.3857421875 0.3916015625
12 0.40869140625 0.32421875 0.4228515625 0.3349609375 0.4306640625 0.3271484375 0.431640625 0.310546875 0.40966796875 0.3115234375 0.40869140625 0.32421875
12 0.40625 0.3603515625 0.41357421875 0.357421875 0.41650390625 0.349609375 0.4169921875 0.337890625 0.412109375 0.330078125 0.40478515625 0.3291015625 0.40087890625 0.34375 0.40283203125 0.35546875 0.40625 0.3603515625
14 0.60107421875 0.5068359375 0.595703125 0.4921875 0.5908203125 0.4755859375 0.59130859375 0.458984375 0.6005859375 0.4267578125 0.5908203125 0.4072265625 0.5859375 0.4091796875 0.564453125 0.4052734375 0.5556640625 0.3662109375 0.53662109375 0.3359375 0.533203125 0.34375 0.52783203125 0.357421875 0.5107421875 0.3544921875 0.5009765625 0.35546875 0.4921875 0.3720703125 0.48974609375 0.3837890625 0.49169921875 0.4013671875 0.49658203125 0.4189453125 0.48828125 0.427734375 0.4736328125 0.4404296875 0.4580078125 0.451171875 0.45458984375 0.4970703125 0.46142578125 0.525390625 0.48291015625 0.5283203125 0.51708984375 0.5302734375 0.54248046875 0.53515625 0.58154296875 0.5361328125 0.58935546875 0.537109375 0.595703125 0.5283203125 0.60107421875 0.5068359375
11 0.5478515625 0.3837890625 0.54833984375 0.3515625 0.54736328125 0.337890625 0.53173828125 0.3369140625 0.52978515625 0.4052734375 0.544921875 0.40625 0.5478515625 0.3837890625
8 0.65234375 0.4072265625 0.65087890625 0.4140625 0.6513671875 0.4189453125 0.654296875 0.4267578125 0.64990234375 0.43359375 0.64697265625 0.44921875 0.6435546875 0.4609375 0.6435546875 0.4736328125 0.64892578125 0.478515625 0.6513671875 0.48046875 0.65283203125 0.5078125 0.65576171875 0.5244140625 0.65478515625 0.533203125 0.650390625 0.537109375 0.64990234375 0.54296875 0.66259765625 0.541015625 0.6630859375 0.509765625 0.66162109375 0.5 0.662109375 0.486328125 0.66455078125 0.4736328125 0.66650390625 0.4619140625 0.666015625 0.447265625 0.6640625 0.4296875 0.6611328125 0.4208984375 0.66064453125 0.416015625 0.6611328125 0.408203125 0.6591796875 0.404296875 0.6552734375 0.4033203125 0.65234375 0.4072265625
11 0.47119140625 0.2236328125 0.462890625 0.2138671875 0.462890625 0.2578125 0.46337890625 0.3134765625 0.4619140625 0.337890625 0.4677734375 0.333984375 0.4755859375 0.3212890625 0.486328125 0.3056640625 0.48779296875 0.275390625 0.48779296875 0.251953125 0.4873046875 0.2275390625 0.47119140625 0.2236328125
3 0.755859375 0.5458984375 0.78369140625 0.546875 0.81494140625 0.5478515625 0.8662109375 0.5498046875 0.87353515625 0.521484375 0.865234375 0.50390625 0.83837890625 0.47265625 0.81396484375 0.4501953125 0.80517578125 0.4560546875 0.77734375 0.4638671875 0.75732421875 0.4765625 0.75 0.498046875 0.7509765625 0.541015625 0.755859375 0.5458984375
11 0.11572265625 0.169921875 0.1123046875 0.203125 0.1123046875 0.2216796875 0.1162109375 0.2294921875 0.12646484375 0.2265625 0.12890625 0.19921875 0.14404296875 0.197265625 0.14697265625 0.19140625 0.14697265625 0.177734375 0.14208984375 0.1669921875 0.13134765625 0.1689453125 0.12744140625 0.1640625 0.11962890625 0.1640625 0.11572265625 0.169921875
13 0.9140625 0.666015625 0.9462890625 0.673828125 0.9462890625 0.6875 0.95849609375 0.6923828125 0.98095703125 0.703125 0.99951171875 0.7197265625 0.99951171875 0.48046875 0.99853515625 0.001953125 0.80517578125 0.0009765625 0.80859375 0.478515625 0.80712890625 0.541015625 0.83447265625 0.546875 0.83642578125 0.5673828125 0.84814453125 0.5751953125 0.84814453125 0.6123046875 0.84130859375 0.6142578125 0.84228515625 0.6572265625 0.8662109375 0.654296875 0.89697265625 0.6552734375 0.9140625 0.6572265625 0.9140625 0.666015625
11 0.5224609375 0.09765625 0.52978515625 0.09765625 0.53076171875 0.0888671875 0.5234375 0.0869140625 0.52392578125 0.08203125 0.53173828125 0.076171875 0.53173828125 0.068359375 0.52490234375 0.0673828125 0.52685546875 0.060546875 0.53271484375 0.0556640625 0.5341796875 0.05078125 0.53125 0.0478515625 0.52587890625 0.0478515625 0.525390625 0.0390625 0.51953125 0.0390625 0.51708984375 0.0732421875 0.513671875 0.1044921875 0.5205078125 0.1064453125 0.5224609375 0.09765625