14 0.49609375 0.3955078125 0.49853515625 0.3876953125 0.49951171875 0.3828125 0.50537109375 0.3720703125 0.505859375 0.3681640625 0.505859375 0.36328125 0.5068359375 0.3583984375 0.5087890625 0.3525390625 0.50732421875 0.34765625 0.5068359375 0.337890625 0.50439453125 0.3291015625 0.50244140625 0.32421875 0.498046875 0.3251953125 0.49658203125 0.328125 0.4921875 0.32421875 0.4921875 0.3193359375 0.48876953125 0.3154296875 0.4833984375 0.3154296875 0.47802734375 0.3203125 0.47802734375 0.40234375 0.4921875 0.400390625 0.49609375 0.3955078125
14 0.458984375 0.3837890625 0.462890625 0.380859375 0.46435546875 0.3798828125 0.46630859375 0.37890625 0.46875 0.3779296875 0.47021484375 0.376953125 0.47119140625 0.376953125 0.4736328125 0.376953125 0.47607421875 0.3798828125 0.4775390625 0.3837890625 0.47900390625 0.38671875 0.48095703125 0.3876953125 0.48291015625 0.38671875 0.4833984375 0.3828125 0.4833984375 0.376953125 0.482421875 0.369140625 0.482421875 0.3623046875 0.48193359375 0.3564453125 0.47998046875 0.3525390625 0.478515625 0.3486328125 0.4775390625 0.3427734375 0.478515625 0.3388671875 0.47998046875 0.3330078125 0.47900390625 0.328125 0.4775390625 0.322265625 0.47607421875 0.3212890625 0.47314453125 0.318359375 0.46923828125 0.31640625 0.4677734375 0.31640625 0.46533203125 0.3134765625 0.46142578125 0.3125 0.4580078125 0.3154296875 0.455078125 0.3193359375 0.45458984375 0.3779296875 0.45654296875 0.3828125 0.458984375 0.3837890625
5 0.45654296875 0.408203125 0.45556640625 0.42578125 0.462890625 0.4453125 0.4716796875 0.447265625 0.47802734375 0.4443359375 0.47900390625 0.4404296875 0.48291015625 0.4345703125 0.48291015625 0.42578125 0.48095703125 0.416015625 0.47607421875 0.412109375 0.47314453125 0.4111328125 0.47216796875 0.4130859375 0.47119140625 0.4091796875 0.46240234375 0.4072265625 0.45654296875 0.408203125
3 0.44580078125 0.4287109375 0.447265625 0.4345703125 0.447265625 0.4443359375 0.44775390625 0.4501953125 0.4501953125 0.4501953125 0.451171875 0.4462890625 0.46044921875 0.447265625 0.4609375 0.4501953125 0.46337890625 0.4501953125 0.46484375 0.4501953125 0.46484375 0.4453125 0.4638671875 0.43359375 0.46533203125 0.431640625 0.46435546875 0.42578125 0.462890625 0.423828125 0.4619140625 0.4189453125 0.45947265625 0.4169921875 0.4521484375 0.41796875 0.4501953125 0.4208984375 0.44775390625 0.4248046875 0.44580078125 0.4267578125 0.44580078125 0.4287109375
11 0.4296875 0.3916015625 0.427734375 0.3916015625 0.427734375 0.396484375 0.4345703125 0.3974609375 0.4345703125 0.3935546875 0.435546875 0.392578125 0.4375 0.38671875 0.4375 0.3837890625 0.43505859375 0.3798828125 0.43017578125 0.3798828125 0.42919921875 0.3798828125 0.42919921875 0.3876953125 0.4296875 0.3916015625
12 0.4111328125 0.3642578125 0.4130859375 0.3642578125 0.4130859375 0.357421875 0.41162109375 0.357421875 0.4091796875 0.3583984375 0.40185546875 0.3564453125 0.40185546875 0.3623046875 0.40869140625 0.3642578125 0.4111328125 0.3642578125
8 0.3408203125 0.435546875 0.341796875 0.4453125 0.34130859375 0.45703125 0.34033203125 0.4638671875 0.34033203125 0.4658203125 0.3427734375 0.46875 0.3427734375 0.46484375 0.34326171875 0.4599609375 0.34423828125 0.4580078125 0.34423828125 0.4619140625 0.3447265625 0.470703125 0.34765625 0.46875 0.34765625 0.4541015625 0.34716796875 0.447265625 0.34716796875 0.443359375 0.34765625 0.4306640625 0.3505859375 0.4287109375 0.3505859375 0.4228515625 0.3486328125 0.41796875 0.34716796875 0.41015625 0.345703125 0.4091796875 0.34619140625 0.4033203125 0.34375 0.4013671875 0.34228515625 0.4033203125 0.34228515625 0.408203125 0.34228515625 0.41015625 0.34033203125 0.4130859375 0.33935546875 0.4228515625 0.33984375 0.4287109375 0.34033203125 0.431640625 0.3408203125 0.435546875
12 0.0595703125 0.1953125 0.06005859375 0.21484375 0.09326171875 0.216796875 0.09228515625 0.1962890625 0.0595703125 0.1953125
12 0.09716796875 0.2177734375 0.05517578125 0.216796875 0.0556640625 0.2470703125 0.09716796875 0.2470703125 0.09716796875 0.2177734375
12 0.09033203125 0.2509765625 0.0791015625 0.248046875 0.078125 0.2890625 0.09130859375 0.2919921875 0.09033203125 0.2509765625
12 0.09130859375 0.2958984375 0.0791015625 0.2939453125 0.07861328125 0.3193359375 0.091796875 0.3212890625 0.09130859375 0.2958984375
3 0 0.556640625 0.01123046875 0.5390625 0.013671875 0.5263671875 0.021484375 0.5185546875 0.0234375 0.51171875 0.0244140625 0.4853515625 0.02197265625 0.4755859375 0.02099609375 0.4638671875 0.021484375 0.4521484375 0.01953125 0.4423828125 0.01513671875 0.4326171875 0.00927734375 0.4208984375 0.00830078125 0.4111328125 0.00439453125 0.408203125 0 0.40234375 0 0.4814453125 0 0.556640625
5 0.53076171875 0.4384765625 0.53271484375 0.4384765625 0.533203125 0.44140625 0.53466796875 0.443359375 0.53759765625 0.44140625 0.54541015625 0.44140625 0.54541015625 0.421875 0.5390625 0.4189453125 0.53564453125 0.421875 0.5302734375 0.4228515625 0.52734375 0.431640625 0.52783203125 0.4404296875 0.529296875 0.4423828125 0.53076171875 0.4384765625
14 0.626953125 0.18359375 0.62353515625 0.177734375 0.6201171875 0.1806640625 0.61376953125 0.1806640625 0.61083984375 0.17578125 0.611328125 0.1689453125 0.609375 0.1650390625 0.60595703125 0.1611328125 0.6044921875 0.162109375 0.60009765625 0.1630859375 0.595703125 0.1611328125 0.5947265625 0.15625 0.5947265625 0.150390625 0.58984375 0.1494140625 0.583984375 0.1474609375 0.58056640625 0.150390625 0.57763671875 0.154296875 0.576171875 0.1611328125 0.57666015625 0.1669921875 0.57666015625 0.1689453125 0.57470703125 0.1728515625 0.57275390625 0.1728515625 0.5703125 0.1708984375 0.56787109375 0.1669921875 0.5654296875 0.1669921875 0.56005859375 0.1689453125 0.55517578125 0.173828125 0.5517578125 0.1787109375 0.54931640625 0.1865234375 0.54736328125 0.1904296875 0.54541015625 0.1923828125 0.54345703125 0.1953125 0.54345703125 0.2060546875 0.54345703125 0.2080078125 0.54638671875 0.2138671875 0.546875 0.2138671875 0.5478515625 0.220703125 0.54638671875 0.2275390625 0.54345703125 0.2333984375 0.54296875 0.2392578125 0.54345703125 0.244140625 0.5419921875 0.2490234375 0.54248046875 0.2587890625 0.5439453125 0.265625 0.54345703125 0.2724609375 0.541015625 0.28125 0.53857421875 0.291015625 0.53759765625 0.294921875 0.5341796875 0.30078125 0.533203125 0.3017578125 0.5322265625 0.3076171875 0.533203125 0.3125 0.537109375 0.3125 0.53662109375 0.3134765625 0.53466796875 0.31640625 0.53271484375 0.318359375 0.53173828125 0.32421875 0.53173828125 0.3359375 0.53125 0.3466796875 0.53125 0.3564453125 0.53173828125 0.36328125 0.53076171875 0.3681640625 0.5322265625 0.3740234375 0.53369140625 0.3798828125 0.53369140625 0.3837890625 0.5361328125 0.392578125 0.53955078125 0.396484375 0.54345703125 0.396484375 0.546875 0.3994140625 0.5498046875 0.40234375 0.55078125 0.40625 0.55517578125 0.4072265625 0.55810546875 0.4345703125 0.6357421875 0.4443359375 0.626953125 0.18359375
5 0.546875 0.4501953125 0.5478515625 0.455078125 0.552734375 0.4541015625 0.56591796875 0.4580078125 0.57275390625 0.43359375 0.5673828125 0.4296875 0.55908203125 0.4267578125 0.5556640625 0.42578125 0.55224609375 0.423828125 0.54638671875 0.4248046875 0.5439453125 0.4326171875 0.5419921875 0.4423828125 0.54345703125 0.4462890625 0.546875 0.4501953125
12 0.56787109375 0.3955078125 0.56982421875 0.390625 0.5693359375 0.3837890625 0.56787109375 0.3798828125 0.56396484375 0.3837890625 0.56396484375 0.390625 0.56494140625 0.39453125 0.56787109375 0.3955078125
5 0.564453125 0.4482421875 0.56396484375 0.45703125 0.564453125 0.4697265625 0.5654296875 0.474609375 0.5693359375 0.4765625 0.5712890625 0.4794921875 0.57470703125 0.484375 0.5830078125 0.486328125 0.58935546875 0.4296875 0.5791015625 0.4287109375 0.57275390625 0.431640625 0.56884765625 0.4365234375 0.56689453125 0.44140625 0.564453125 0.4482421875
3 0.58056640625 0.431640625 0.57861328125 0.431640625 0.5771484375 0.4326171875 0.57666015625 0.439453125 0.5771484375 0.4453125 0.58056640625 0.4453125 0.58056640625 0.4501953125 0.5810546875 0.478515625 0.5810546875 0.486328125 0.58544921875 0.4931640625 0.59033203125 0.4951171875 0.59423828125 0.49609375 0.62841796875 0.4345703125 0.6259765625 0.4091796875 0.6220703125 0.404296875 0.6142578125 0.40234375 0.5986328125 0.40234375 0.5888671875 0.404296875 0.5859375 0.412109375 0.5849609375 0.4208984375 0.58349609375 0.42578125 0.58203125 0.4287109375 0.58056640625 0.431640625
3 0.59228515625 0.4443359375 0.59033203125 0.4501953125 0.59326171875 0.4541015625 0.591796875 0.4609375 0.59033203125 0.486328125 0.59130859375 0.49609375 0.59423828125 0.4990234375 0.595703125 0.5029296875 0.60400390625 0.50390625 0.6044921875 0.4970703125 0.62841796875 0.4990234375 0.62890625 0.505859375 0.6337890625 0.5048828125 0.6416015625 0.4501953125 0.63671875 0.4365234375 0.634765625 0.4287109375 0.62890625 0.4287109375 0.6181640625 0.4287109375 0.611328125 0.4287109375 0.60595703125 0.42578125 0.60302734375 0.4296875 0.60009765625 0.4384765625 0.59814453125 0.4482421875 0.59619140625 0.4443359375 0.59228515625 0.4443359375
3 0.6337890625 0.4638671875 0.6298828125 0.4794921875 0.6298828125 0.4892578125 0.63037109375 0.5029296875 0.63037109375 0.509765625 0.630859375 0.521484375 0.63427734375 0.521484375 0.6357421875 0.5205078125 0.63623046875 0.5146484375 0.63623046875 0.509765625 0.6396484375 0.51171875 0.640625 0.525390625 0.64208984375 0.5283203125 0.64501953125 0.5283203125 0.64599609375 0.5224609375 0.646484375 0.5107421875 0.64697265625 0.5107421875 0.65576171875 0.5087890625 0.68212890625 0.4248046875 0.66748046875 0.4169921875 0.65478515625 0.4189453125 0.646484375 0.421875 0.64013671875 0.4326171875 0.638671875 0.44140625 0.63623046875 0.4580078125 0.6337890625 0.4638671875
3 0.65380859375 0.45703125 0.65234375 0.4541015625 0.65185546875 0.4521484375 0.6494140625 0.4541015625 0.6474609375 0.45703125 0.6494140625 0.462890625 0.65185546875 0.46484375 0.6484375 0.4736328125 0.6484375 0.4873046875 0.64990234375 0.4931640625 0.646484375 0.5029296875 0.646484375 0.5185546875 0.646484375 0.529296875 0.64697265625 0.533203125 0.64794921875 0.5380859375 0.65087890625 0.5400390625 0.65478515625 0.5380859375 0.65673828125 0.53125 0.6591796875 0.53125 0.6591796875 0.541015625 0.6611328125 0.548828125 0.66796875 0.5498046875 0.67236328125 0.5458984375 0.71630859375 0.4287109375 0.701171875 0.421875 0.68994140625 0.421875 0.6826171875 0.4228515625 0.681640625 0.4208984375 0.6767578125 0.4189453125 0.6708984375 0.421875 0.66796875 0.427734375 0.6630859375 0.4375 0.65625 0.451171875 0.6552734375 0.4580078125 0.65478515625 0.4599609375 0.65380859375 0.45703125
3 0.69140625 0.4638671875 0.68994140625 0.4609375 0.68505859375 0.4619140625 0.681640625 0.4638671875 0.68212890625 0.4736328125 0.685546875 0.4765625 0.67919921875 0.4892578125 0.67578125 0.5048828125 0.67333984375 0.5146484375 0.67138671875 0.53125 0.67236328125 0.548828125 0.67578125 0.560546875 0.6875 0.5634765625 0.69140625 0.5576171875 0.69287109375 0.5517578125 0.70263671875 0.5546875 0.70263671875 0.5673828125 0.70458984375 0.5771484375 0.712890625 0.5810546875 0.71630859375 0.5771484375 0.71875 0.560546875 0.73095703125 0.5615234375 0.73583984375 0.560546875 0.77099609375 0.431640625 0.755859375 0.4267578125 0.7431640625 0.42578125 0.7314453125 0.42578125 0.728515625 0.419921875 0.7216796875 0.419921875 0.7099609375 0.423828125 0.70556640625 0.4306640625 0.70166015625 0.439453125 0.697265625 0.4482421875 0.69384765625 0.45703125 0.69140625 0.4638671875
3 0.7568359375 0.455078125 0.75537109375 0.4501953125 0.75 0.4501953125 0.74462890625 0.455078125 0.7421875 0.466796875 0.744140625 0.470703125 0.7490234375 0.4755859375 0.74365234375 0.482421875 0.73828125 0.5 0.732421875 0.5390625 0.73291015625 0.5673828125 0.7333984375 0.5859375 0.736328125 0.6083984375 0.74462890625 0.6123046875 0.75244140625 0.61328125 0.755859375 0.5927734375 0.7685546875 0.5986328125 0.78369140625 0.60546875 0.7841796875 0.6318359375 0.78857421875 0.6474609375 0.80517578125 0.650390625 0.80859375 0.642578125 0.8115234375 0.6298828125 0.81201171875 0.6162109375 0.82861328125 0.6171875 0.84912109375 0.6201171875 0.88134765625 0.625 0.94873046875 0.5126953125 0.93408203125 0.439453125 0.9287109375 0.4150390625 0.91845703125 0.4072265625 0.88525390625 0.3955078125 0.865234375 0.3916015625 0.84814453125 0.388671875 0.82861328125 0.3896484375 0.7998046875 0.3896484375 0.783203125 0.3994140625 0.77197265625 0.4169921875 0.76708984375 0.4306640625 0.76171875 0.4423828125 0.7568359375 0.455078125
3 0.95947265625 0.4990234375 0.95556640625 0.482421875 0.95068359375 0.4833984375 0.93994140625 0.4833984375 0.935546875 0.4873046875 0.9326171875 0.4931640625 0.931640625 0.5068359375 0.93505859375 0.515625 0.9423828125 0.521484375 0.93017578125 0.5283203125 0.91064453125 0.53515625 0.8955078125 0.552734375 0.8857421875 0.5791015625 0.87939453125 0.6357421875 0.880859375 0.703125 0.8896484375 0.74609375 0.90087890625 0.75390625 0.9248046875 0.7578125 0.9326171875 0.7431640625 0.9365234375 0.7314453125 0.9638671875 0.744140625 0.998046875 0.767578125 0.9990234375 0.4375 0.9892578125 0.4482421875 0.98095703125 0.4638671875 0.97412109375 0.4755859375 0.9658203125 0.4892578125 0.95947265625 0.4990234375
14 0.38623046875 0.4296875 0.4033203125 0.416015625 0.3984375 0.4033203125 0.39453125 0.400390625 0.3896484375 0.400390625 0.38720703125 0.3994140625 0.38427734375 0.3994140625 0.38037109375 0.40234375 0.37646484375 0.4052734375 0.37060546875 0.40625 0.36669921875 0.3955078125 0.3662109375 0.392578125 0.3662109375 0.3896484375 0.36767578125 0.38671875 0.369140625 0.3818359375 0.369140625 0.37890625 0.3671875 0.37890625 0.3642578125 0.37890625 0.361328125 0.37890625 0.3583984375 0.3798828125 0.3564453125 0.3837890625 0.35107421875 0.396484375 0.34912109375 0.404296875 0.353515625 0.4267578125 0.38623046875 0.4296875
3 0.42041015625 0.4814453125 0.4208984375 0.48828125 0.42333984375 0.490234375 0.4267578125 0.4892578125 0.4296875 0.4873046875 0.43017578125 0.4853515625 0.4296875 0.4716796875 0.43115234375 0.46875 0.43115234375 0.455078125 0.43115234375 0.443359375 0.4326171875 0.4375 0.4326171875 0.4326171875 0.43017578125 0.4306640625 0.43017578125 0.4296875 0.427734375 0.412109375 0.42529296875 0.40234375 0.412109375 0.4013671875 0.39697265625 0.40234375 0.39306640625 0.4052734375 0.3896484375 0.4248046875 0.408203125 0.48046875 0.416015625 0.48046875 0.42041015625 0.4814453125
3 0.3525390625 0.4443359375 0.34912109375 0.4443359375 0.34619140625 0.4443359375 0.34619140625 0.4501953125 0.34912109375 0.4560546875 0.34716796875 0.4619140625 0.34521484375 0.470703125 0.34521484375 0.48046875 0.3447265625 0.4951171875 0.3447265625 0.509765625 0.34521484375 0.517578125 0.34912109375 0.5185546875 0.35205078125 0.517578125 0.35205078125 0.51171875 0.35205078125 0.5078125 0.359375 0.5087890625 0.37060546875 0.5087890625 0.38232421875 0.5087890625 0.39453125 0.5087890625 0.39599609375 0.515625 0.4013671875 0.5166015625 0.4033203125 0.513671875 0.404296875 0.5107421875 0.408203125 0.5107421875 0.41015625 0.5078125 0.41064453125 0.4951171875 0.41064453125 0.482421875 0.41015625 0.46484375 0.408203125 0.4501953125 0.4033203125 0.43359375 0.3984375 0.4228515625 0.39208984375 0.421875 0.38037109375 0.421875 0.36865234375 0.421875 0.36376953125 0.4228515625 0.3603515625 0.4287109375 0.35791015625 0.4345703125 0.35498046875 0.439453125 0.3525390625 0.4443359375