3 0.921875 0.2236328125 0.91064453125 0.228515625 0.90380859375 0.2373046875 0.8935546875 0.2587890625 0.88525390625 0.2685546875 0.8759765625 0.2763671875 0.8671875 0.2880859375 0.861328125 0.2958984375 0.8583984375 0.3076171875 0.89013671875 0.3095703125 0.92431640625 0.3056640625 0.92626953125 0.28125 0.921875 0.2236328125
3 0.19921875 0.3935546875 0.19921875 0.4072265625 0.201171875 0.4140625 0.21044921875 0.4150390625 0.21337890625 0.4140625 0.2138671875 0.4091796875 0.2138671875 0.3984375 0.21044921875 0.3798828125 0.2060546875 0.3798828125 0.201171875 0.37890625 0.19921875 0.37890625 0.19921875 0.3935546875
3 0.2138671875 0.41796875 0.21484375 0.41796875 0.21533203125 0.4169921875 0.21533203125 0.4130859375 0.22412109375 0.4130859375 0.22412109375 0.4150390625 0.22509765625 0.416015625 0.22607421875 0.4150390625 0.22607421875 0.4130859375 0.22607421875 0.404296875 0.22265625 0.3955078125 0.21337890625 0.396484375 0.212890625 0.4091796875 0.21337890625 0.4169921875 0.2138671875 0.41796875
8 0.11474609375 0.4013671875 0.111328125 0.4013671875 0.109375 0.408203125 0.109375 0.416015625 0.10986328125 0.423828125 0.115234375 0.443359375 0.11474609375 0.451171875 0.1181640625 0.4541015625 0.12158203125 0.4501953125 0.119140625 0.4404296875 0.119140625 0.4306640625 0.11669921875 0.4189453125 0.1181640625 0.41796875 0.115234375 0.41015625 0.11474609375 0.4013671875
3 0.142578125 0.4033203125 0.1416015625 0.408203125 0.14013671875 0.41796875 0.14013671875 0.4267578125 0.140625 0.4326171875 0.14306640625 0.4521484375 0.14404296875 0.4638671875 0.146484375 0.4755859375 0.14794921875 0.4755859375 0.14990234375 0.4775390625 0.14990234375 0.48828125 0.150390625 0.4912109375 0.15234375 0.4921875 0.15478515625 0.4921875 0.15673828125 0.4912109375 0.1572265625 0.48828125 0.1572265625 0.478515625 0.171875 0.4755859375 0.18212890625 0.47265625 0.19384765625 0.46875 0.2021484375 0.4677734375 0.20263671875 0.4755859375 0.20361328125 0.4775390625 0.205078125 0.478515625 0.20751953125 0.4775390625 0.20849609375 0.4755859375 0.20849609375 0.4658203125 0.2080078125 0.4501953125 0.20751953125 0.4453125 0.20703125 0.4306640625 0.20166015625 0.4091796875 0.20703125 0.4091796875 0.20751953125 0.404296875 0.20751953125 0.400390625 0.20068359375 0.400390625 0.19140625 0.380859375 0.18798828125 0.3779296875 0.17236328125 0.3798828125 0.1572265625 0.3837890625 0.15234375 0.388671875 0.14697265625 0.392578125 0.142578125 0.4033203125
11 0.2451171875 0.3662109375 0.24169921875 0.3701171875 0.24169921875 0.3876953125 0.24658203125 0.3857421875 0.2451171875 0.3662109375
3 0.2451171875 0.40234375 0.24365234375 0.408203125 0.244140625 0.4140625 0.2451171875 0.42578125 0.24755859375 0.4267578125 0.2490234375 0.4248046875 0.24951171875 0.41796875 0.26025390625 0.4150390625 0.263671875 0.396484375 0.2666015625 0.3837890625 0.2578125 0.3828125 0.24853515625 0.3837890625 0.24609375 0.3916015625 0.2451171875 0.40234375
3 0.2529296875 0.4052734375 0.2529296875 0.4267578125 0.259765625 0.4267578125 0.26220703125 0.42578125 0.26416015625 0.41796875 0.26611328125 0.4091796875 0.26611328125 0.4052734375 0.26953125 0.3935546875 0.2666015625 0.3857421875 0.2626953125 0.38671875 0.2587890625 0.388671875 0.255859375 0.3955078125 0.2529296875 0.4052734375
3 0.26220703125 0.4091796875 0.2626953125 0.4169921875 0.26416015625 0.427734375 0.26953125 0.4287109375 0.2744140625 0.4267578125 0.275390625 0.4072265625 0.27978515625 0.388671875 0.2705078125 0.3896484375 0.26806640625 0.3935546875 0.26513671875 0.4013671875 0.26220703125 0.4091796875
3 0.27587890625 0.396484375 0.27294921875 0.40625 0.27294921875 0.42578125 0.2744140625 0.4287109375 0.279296875 0.4287109375 0.28076171875 0.4189453125 0.291015625 0.4189453125 0.29443359375 0.384765625 0.2880859375 0.384765625 0.2822265625 0.3857421875 0.27978515625 0.3876953125 0.27587890625 0.396484375
3 0.2939453125 0.3798828125 0.2880859375 0.3935546875 0.2841796875 0.3935546875 0.2841796875 0.40234375 0.28662109375 0.40234375 0.28564453125 0.4130859375 0.28564453125 0.427734375 0.28759765625 0.4287109375 0.2890625 0.4287109375 0.28955078125 0.4267578125 0.2900390625 0.4208984375 0.291015625 0.4208984375 0.291015625 0.4248046875 0.29150390625 0.427734375 0.29248046875 0.4287109375 0.2939453125 0.4287109375 0.2958984375 0.427734375 0.296875 0.419921875 0.3095703125 0.419921875 0.31005859375 0.4267578125 0.3115234375 0.427734375 0.3134765625 0.4267578125 0.31396484375 0.4208984375 0.3154296875 0.4208984375 0.3154296875 0.4267578125 0.31689453125 0.427734375 0.3193359375 0.4267578125 0.3193359375 0.416015625 0.31982421875 0.4072265625 0.31787109375 0.3994140625 0.31591796875 0.388671875 0.31298828125 0.3798828125 0.30322265625 0.3798828125 0.2939453125 0.3798828125
3 0.322265625 0.3876953125 0.31884765625 0.3876953125 0.31787109375 0.392578125 0.322265625 0.3935546875 0.3173828125 0.4013671875 0.31787109375 0.4072265625 0.31787109375 0.4169921875 0.31884765625 0.427734375 0.3193359375 0.4306640625 0.3212890625 0.4326171875 0.32275390625 0.4326171875 0.3251953125 0.4306640625 0.3251953125 0.42578125 0.32666015625 0.42578125 0.3271484375 0.431640625 0.32958984375 0.4326171875 0.33251953125 0.431640625 0.3330078125 0.4248046875 0.33837890625 0.4248046875 0.33837890625 0.4091796875 0.34130859375 0.3701171875 0.32861328125 0.3701171875 0.32666015625 0.3740234375 0.32275390625 0.384765625 0.322265625 0.3876953125
3 0.3349609375 0.3828125 0.3310546875 0.384765625 0.33056640625 0.3916015625 0.3349609375 0.392578125 0.33251953125 0.40234375 0.3330078125 0.419921875 0.333984375 0.423828125 0.333984375 0.427734375 0.33447265625 0.431640625 0.3369140625 0.4326171875 0.3388671875 0.431640625 0.3388671875 0.42578125 0.35205078125 0.42578125 0.35595703125 0.4306640625 0.35693359375 0.4296875 0.357421875 0.4248046875 0.36083984375 0.4248046875 0.36865234375 0.4208984375 0.37255859375 0.390625 0.37451171875 0.3671875 0.3701171875 0.3603515625 0.3623046875 0.3603515625 0.35302734375 0.3603515625 0.34375 0.3623046875 0.33935546875 0.3701171875 0.3349609375 0.3828125
3 0.4228515625 0.3623046875 0.41650390625 0.3525390625 0.3955078125 0.3525390625 0.38330078125 0.3525390625 0.37939453125 0.3544921875 0.37060546875 0.3681640625 0.36767578125 0.376953125 0.361328125 0.3994140625 0.36083984375 0.4130859375 0.36083984375 0.419921875 0.36181640625 0.4296875 0.3623046875 0.435546875 0.36474609375 0.4375 0.36669921875 0.4375 0.369140625 0.435546875 0.369140625 0.431640625 0.37548828125 0.431640625 0.3759765625 0.435546875 0.376953125 0.4365234375 0.380859375 0.4375 0.384765625 0.4365234375 0.3857421875 0.4326171875 0.3857421875 0.4296875 0.40478515625 0.4287109375 0.40478515625 0.43359375 0.4091796875 0.435546875 0.41259765625 0.43359375 0.41259765625 0.4267578125 0.42138671875 0.4248046875 0.421875 0.4287109375 0.4228515625 0.4326171875 0.4267578125 0.43359375 0.4306640625 0.4326171875 0.43115234375 0.421875 0.43115234375 0.40625 0.43115234375 0.380859375 0.427734375 0.3720703125 0.4228515625 0.3623046875
12 0.6708984375 0.197265625 0.6708984375 0.19921875 0.67138671875 0.2138671875 0.67236328125 0.228515625 0.6806640625 0.2255859375 0.6806640625 0.2109375 0.67919921875 0.197265625 0.68115234375 0.1806640625 0.67822265625 0.15234375 0.6748046875 0.1455078125 0.66943359375 0.154296875 0.66748046875 0.1787109375 0.66943359375 0.1943359375 0.6708984375 0.197265625
12 0.76171875 0.103515625 0.76806640625 0.09765625 0.76806640625 0.0791015625 0.771484375 0.0771484375 0.7705078125 0.041015625 0.75390625 0.0498046875 0.75390625 0.0810546875 0.75732421875 0.0849609375 0.76171875 0.103515625
12 0.8759765625 0.078125 0.87451171875 0.1025390625 0.875 0.1171875 0.87744140625 0.1318359375 0.87646484375 0.142578125 0.87744140625 0.1767578125 0.88720703125 0.1728515625 0.88720703125 0.1552734375 0.88623046875 0.126953125 0.888671875 0.1044921875 0.8876953125 0.0810546875 0.8837890625 0.060546875 0.8779296875 0.0625 0.8759765625 0.078125
3 0.7333984375 0.259765625 0.7294921875 0.3037109375 0.68505859375 0.3056640625 0.67822265625 0.296875 0.67041015625 0.3017578125 0.6611328125 0.306640625 0.65966796875 0.3193359375 0.65283203125 0.3359375 0.64599609375 0.3525390625 0.6396484375 0.3876953125 0.6357421875 0.3798828125 0.62451171875 0.380859375 0.62255859375 0.4013671875 0.63134765625 0.4091796875 0.63525390625 0.4130859375 0.6298828125 0.435546875 0.6259765625 0.4521484375 0.62646484375 0.48046875 0.6259765625 0.513671875 0.626953125 0.53125 0.62890625 0.5390625 0.63037109375 0.546875 0.63330078125 0.55078125 0.63720703125 0.5517578125 0.64111328125 0.55078125 0.64453125 0.5478515625 0.6455078125 0.5439453125 0.646484375 0.525390625 0.6611328125 0.53515625 0.6611328125 0.5546875 0.6611328125 0.56640625 0.662109375 0.57421875 0.6640625 0.5830078125 0.6669921875 0.58984375 0.6728515625 0.591796875 0.6787109375 0.5908203125 0.7119140625 0.45703125 0.771484375 0.3271484375 0.775390625 0.2958984375 0.767578125 0.2939453125 0.74951171875 0.3017578125 0.7373046875 0.302734375 0.7421875 0.2744140625 0.7421875 0.251953125 0.7333984375 0.259765625
3 0.93603515625 0.287109375 0.8740234375 0.2958984375 0.84619140625 0.2958984375 0.77294921875 0.3056640625 0.76123046875 0.314453125 0.75390625 0.3330078125 0.74169921875 0.35546875 0.71826171875 0.4072265625 0.7099609375 0.408203125 0.703125 0.4189453125 0.7001953125 0.435546875 0.68603515625 0.447265625 0.68310546875 0.45703125 0.6787109375 0.47265625 0.673828125 0.50390625 0.677734375 0.615234375 0.68017578125 0.634765625 0.689453125 0.64453125 0.69677734375 0.6455078125 0.705078125 0.6396484375 0.70751953125 0.6201171875 0.76611328125 0.6689453125 0.76953125 0.716796875 0.775390625 0.7451171875 0.78515625 0.76171875 0.80029296875 0.7666015625 0.81298828125 0.7646484375 0.8193359375 0.7578125 0.82470703125 0.712890625 0.99658203125 0.71875 0.998046875 0.2763671875 0.9931640625 0.2783203125 0.95458984375 0.2802734375 0.953125 0.26953125 0.9453125 0.275390625 0.93603515625 0.287109375
3 0 0.7431640625 0.0068359375 0.751953125 0.01220703125 0.751953125 0.017578125 0.74609375 0.01953125 0.7392578125 0.02197265625 0.73046875 0.02294921875 0.72265625 0.02392578125 0.7099609375 0.02392578125 0.69921875 0.0234375 0.6875 0.0234375 0.67578125 0.02392578125 0.65234375 0.0224609375 0.6298828125 0.021484375 0.6044921875 0.01953125 0.5986328125 0.01611328125 0.5751953125 0.013671875 0.556640625 0.01171875 0.53125 0.00341796875 0.5107421875 0 0.50390625 0 0.7431640625
8 0.33837890625 0.3330078125 0.33935546875 0.33984375 0.341796875 0.34375 0.34033203125 0.3505859375 0.33984375 0.359375 0.33935546875 0.3662109375 0.3388671875 0.3798828125 0.3388671875 0.380859375 0.33935546875 0.384765625 0.33984375 0.388671875 0.34033203125 0.3994140625 0.33935546875 0.41015625 0.34033203125 0.421875 0.341796875 0.43359375 0.3447265625 0.43359375 0.34619140625 0.4404296875 0.34423828125 0.4482421875 0.3427734375 0.44921875 0.341796875 0.453125 0.34521484375 0.453125 0.34619140625 0.455078125 0.35595703125 0.4541015625 0.35693359375 0.4521484375 0.3564453125 0.447265625 0.35498046875 0.443359375 0.35498046875 0.4189453125 0.3525390625 0.41015625 0.3525390625 0.4033203125 0.35302734375 0.3955078125 0.353515625 0.3876953125 0.35205078125 0.3720703125 0.3525390625 0.3623046875 0.35302734375 0.3544921875 0.3525390625 0.34765625 0.35009765625 0.3427734375 0.34912109375 0.3359375 0.3486328125 0.3310546875 0.3486328125 0.3251953125 0.3466796875 0.3212890625 0.34423828125 0.3193359375 0.34130859375 0.3193359375 0.33935546875 0.3212890625 0.33837890625 0.326171875 0.33837890625 0.3330078125
8 0.82763671875 0.138671875 0.8203125 0.1337890625 0.81396484375 0.1357421875 0.80419921875 0.142578125 0.7998046875 0.16015625 0.798828125 0.1796875 0.798828125 0.1943359375 0.80126953125 0.2109375 0.79541015625 0.2080078125 0.791015625 0.2109375 0.78369140625 0.2197265625 0.78125 0.224609375 0.77880859375 0.232421875 0.779296875 0.2451171875 0.77734375 0.25390625 0.77392578125 0.265625 0.7705078125 0.287109375 0.76708984375 0.310546875 0.76611328125 0.32421875 0.7626953125 0.34375 0.7568359375 0.369140625 0.75048828125 0.4111328125 0.74609375 0.4375 0.74072265625 0.455078125 0.7421875 0.47265625 0.73828125 0.486328125 0.7353515625 0.498046875 0.73681640625 0.5126953125 0.73828125 0.5224609375 0.740234375 0.53125 0.744140625 0.5361328125 0.74951171875 0.537109375 0.7548828125 0.51953125 0.76220703125 0.4736328125 0.76708984375 0.443359375 0.7783203125 0.3779296875 0.78125 0.4091796875 0.783203125 0.4248046875 0.78857421875 0.4306640625 0.79052734375 0.4365234375 0.78662109375 0.4658203125 0.7861328125 0.5029296875 0.78759765625 0.5224609375 0.7890625 0.5322265625 0.79345703125 0.548828125 0.791015625 0.5654296875 0.7890625 0.59765625 0.7822265625 0.6279296875 0.77783203125 0.6494140625 0.77490234375 0.673828125 0.771484375 0.69140625 0.77001953125 0.7099609375 0.76953125 0.7421875 0.763671875 0.767578125 0.75927734375 0.794921875 0.76123046875 0.8056640625 0.77197265625 0.8115234375 0.779296875 0.8173828125 0.79443359375 0.828125 0.8056640625 0.828125 0.8154296875 0.822265625 0.8115234375 0.8095703125 0.802734375 0.802734375 0.7890625 0.7744140625 0.78759765625 0.751953125 0.8017578125 0.6923828125 0.80517578125 0.64453125 0.8134765625 0.6513671875 0.81982421875 0.6396484375 0.83154296875 0.681640625 0.8447265625 0.7333984375 0.85498046875 0.7685546875 0.86474609375 0.806640625 0.8662109375 0.8251953125 0.8720703125 0.84375 0.8828125 0.853515625 0.8916015625 0.849609375 0.89794921875 0.8447265625 0.9150390625 0.8359375 0.92236328125 0.8193359375 0.9267578125 0.8046875 0.9267578125 0.7939453125 0.9189453125 0.7900390625 0.908203125 0.794921875 0.89404296875 0.7900390625 0.88232421875 0.7646484375 0.86962890625 0.7099609375 0.86279296875 0.6669921875 0.86279296875 0.6474609375 0.84765625 0.5693359375 0.8388671875 0.513671875 0.8505859375 0.5068359375 0.865234375 0.513671875 0.88720703125 0.5224609375 0.9091796875 0.5322265625 0.92578125 0.5390625 0.94140625 0.404296875 0.9013671875 0.3876953125 0.89892578125 0.3720703125 0.89208984375 0.3603515625 0.87353515625 0.35546875 0.86328125 0.3623046875 0.8564453125 0.3583984375 0.853515625 0.3408203125 0.85009765625 0.322265625 0.8505859375 0.306640625 0.8515625 0.287109375 0.849609375 0.275390625 0.84375 0.2568359375 0.83740234375 0.2333984375 0.83642578125 0.208984375 0.83837890625 0.169921875 0.8349609375 0.1474609375 0.82763671875 0.138671875
12 0.224609375 0.3837890625 0.2255859375 0.38671875 0.2275390625 0.3857421875 0.2275390625 0.3837890625 0.2275390625 0.3818359375 0.2275390625 0.37890625 0.22705078125 0.376953125 0.22412109375 0.376953125 0.22412109375 0.380859375 0.224609375 0.3828125 0.224609375 0.3837890625
12 0.22998046875 0.37109375 0.22998046875 0.3740234375 0.23046875 0.375 0.23046875 0.3779296875 0.2314453125 0.37890625 0.232421875 0.37890625 0.23388671875 0.37890625 0.23388671875 0.376953125 0.23388671875 0.373046875 0.23388671875 0.3701171875 0.23388671875 0.3671875 0.23388671875 0.3642578125 0.232421875 0.3623046875 0.22998046875 0.3623046875 0.2294921875 0.3662109375 0.22998046875 0.3681640625 0.22998046875 0.37109375