5 0.4794921875 0.439453125 0.48095703125 0.447265625 0.49072265625 0.447265625 0.4931640625 0.4443359375 0.49658203125 0.4423828125 0.49951171875 0.43359375 0.49951171875 0.419921875 0.494140625 0.4189453125 0.4912109375 0.4189453125 0.48828125 0.419921875 0.48681640625 0.421875 0.484375 0.427734375 0.48095703125 0.43359375 0.4794921875 0.435546875 0.4794921875 0.439453125
14 0.56494140625 0.294921875 0.56103515625 0.2939453125 0.55810546875 0.294921875 0.55517578125 0.2958984375 0.5537109375 0.2958984375 0.5517578125 0.294921875 0.5498046875 0.29296875 0.546875 0.29296875 0.544921875 0.29296875 0.54345703125 0.29296875 0.5400390625 0.291015625 0.53662109375 0.29296875 0.53515625 0.2939453125 0.53173828125 0.296875 0.52880859375 0.296875 0.5263671875 0.2998046875 0.525390625 0.3046875 0.5263671875 0.3056640625 0.52685546875 0.30859375 0.52490234375 0.3115234375 0.5234375 0.3134765625 0.52294921875 0.3212890625 0.52490234375 0.32421875 0.525390625 0.3291015625 0.5234375 0.333984375 0.5205078125 0.333984375 0.5185546875 0.3359375 0.51806640625 0.3447265625 0.51513671875 0.3525390625 0.51513671875 0.361328125 0.5166015625 0.3681640625 0.5185546875 0.3720703125 0.52001953125 0.3818359375 0.51708984375 0.38671875 0.5166015625 0.3974609375 0.517578125 0.4033203125 0.52001953125 0.404296875 0.52197265625 0.4072265625 0.52490234375 0.4130859375 0.529296875 0.4091796875 0.53125 0.4091796875 0.53466796875 0.4130859375 0.53955078125 0.4130859375 0.541015625 0.4091796875 0.54150390625 0.40234375 0.54345703125 0.4013671875 0.54931640625 0.4013671875 0.55224609375 0.408203125 0.5595703125 0.4130859375 0.564453125 0.41796875 0.57666015625 0.4248046875 0.5693359375 0.302734375 0.56494140625 0.294921875
5 0.5419921875 0.451171875 0.55029296875 0.451171875 0.55126953125 0.4541015625 0.5537109375 0.455078125 0.5546875 0.4365234375 0.55224609375 0.431640625 0.548828125 0.4287109375 0.546875 0.42578125 0.54150390625 0.42578125 0.537109375 0.4228515625 0.53173828125 0.4248046875 0.53076171875 0.4287109375 0.52880859375 0.4345703125 0.52978515625 0.44140625 0.5302734375 0.4482421875 0.5341796875 0.4482421875 0.53857421875 0.4541015625 0.54150390625 0.455078125 0.5419921875 0.451171875
5 0.556640625 0.4677734375 0.5595703125 0.4716796875 0.56201171875 0.4736328125 0.56591796875 0.474609375 0.56591796875 0.4228515625 0.5576171875 0.4248046875 0.55712890625 0.4287109375 0.55517578125 0.43359375 0.552734375 0.4404296875 0.55126953125 0.44921875 0.55078125 0.4580078125 0.55126953125 0.4619140625 0.55419921875 0.466796875 0.556640625 0.4677734375
3 0.56005859375 0.439453125 0.56005859375 0.4453125 0.56005859375 0.4560546875 0.5615234375 0.470703125 0.56201171875 0.4755859375 0.56298828125 0.4775390625 0.56591796875 0.4794921875 0.568359375 0.4794921875 0.56982421875 0.474609375 0.58349609375 0.4755859375 0.6064453125 0.4248046875 0.60595703125 0.4052734375 0.5859375 0.4052734375 0.57177734375 0.404296875 0.56591796875 0.4072265625 0.56494140625 0.4150390625 0.56396484375 0.4248046875 0.56103515625 0.4287109375 0.56103515625 0.4365234375 0.56005859375 0.439453125
3 0.58544921875 0.4423828125 0.58544921875 0.435546875 0.58251953125 0.435546875 0.58154296875 0.4423828125 0.5849609375 0.4453125 0.58349609375 0.451171875 0.58154296875 0.4560546875 0.5810546875 0.4658203125 0.58154296875 0.48828125 0.5869140625 0.490234375 0.587890625 0.49609375 0.59033203125 0.4970703125 0.5927734375 0.4970703125 0.59423828125 0.4951171875 0.59423828125 0.48828125 0.60693359375 0.4873046875 0.6181640625 0.48828125 0.61962890625 0.4970703125 0.62548828125 0.4990234375 0.63232421875 0.498046875 0.6337890625 0.48828125 0.6337890625 0.474609375 0.634765625 0.4677734375 0.6337890625 0.4541015625 0.63037109375 0.4423828125 0.626953125 0.421875 0.6220703125 0.4169921875 0.61474609375 0.4150390625 0.60400390625 0.4150390625 0.59326171875 0.4169921875 0.59033203125 0.4228515625 0.5888671875 0.4326171875 0.58740234375 0.4384765625 0.58544921875 0.4423828125
8 0.642578125 0.4423828125 0.642578125 0.4482421875 0.6435546875 0.453125 0.6455078125 0.451171875 0.6484375 0.462890625 0.6474609375 0.4716796875 0.6474609375 0.478515625 0.6494140625 0.484375 0.65234375 0.4814453125 0.654296875 0.482421875 0.65478515625 0.4794921875 0.658203125 0.4755859375 0.6591796875 0.47265625 0.6591796875 0.466796875 0.65869140625 0.4580078125 0.658203125 0.447265625 0.6572265625 0.4287109375 0.654296875 0.4208984375 0.65234375 0.416015625 0.65185546875 0.4111328125 0.64892578125 0.4111328125 0.64794921875 0.416015625 0.64794921875 0.419921875 0.64501953125 0.4248046875 0.64404296875 0.431640625 0.64306640625 0.4384765625 0.642578125 0.4404296875 0.642578125 0.4423828125
12 0.68212890625 0.341796875 0.66748046875 0.3408203125 0.666015625 0.3525390625 0.68212890625 0.353515625 0.68212890625 0.341796875
12 0.6552734375 0.322265625 0.6474609375 0.3232421875 0.6494140625 0.380859375 0.65478515625 0.380859375 0.6552734375 0.322265625
12 0.6552734375 0.341796875 0.64794921875 0.341796875 0.64794921875 0.3623046875 0.6552734375 0.361328125 0.6552734375 0.341796875
11 0.71826171875 0.3095703125 0.7177734375 0.3193359375 0.7255859375 0.3251953125 0.73193359375 0.33203125 0.73193359375 0.2763671875 0.72705078125 0.27734375 0.71728515625 0.287109375 0.71728515625 0.294921875 0.72412109375 0.3017578125 0.71826171875 0.3095703125
11 0.74072265625 0.3447265625 0.73779296875 0.2763671875 0.7275390625 0.279296875 0.7294921875 0.34765625 0.74072265625 0.3447265625
14 0.7939453125 0.06640625 0.7900390625 0.0693359375 0.78955078125 0.0849609375 0.79296875 0.09765625 0.80029296875 0.1005859375 0.81298828125 0.1015625 0.82568359375 0.099609375 0.8369140625 0.0966796875 0.84326171875 0.0986328125 0.84814453125 0.001953125 0.76611328125 0 0.76513671875 0.0068359375 0.7666015625 0.01953125 0.77001953125 0.0283203125 0.77197265625 0.0380859375 0.7734375 0.05078125 0.77490234375 0.0576171875 0.7802734375 0.0576171875 0.7919921875 0.046875 0.80126953125 0.0498046875 0.7939453125 0.06640625
14 0.8447265625 0.466796875 0.84619140625 0.4677734375 0.85107421875 0.46875 0.85546875 0.4658203125 0.8583984375 0.4658203125 0.86328125 0.466796875 0.86767578125 0.4658203125 0.87109375 0.45703125 0.87255859375 0.44921875 0.87353515625 0.4384765625 0.86962890625 0.4296875 0.86669921875 0.4248046875 0.8623046875 0.419921875 0.85693359375 0.419921875 0.84716796875 0.4248046875 0.84521484375 0.4287109375 0.8427734375 0.4365234375 0.84130859375 0.4462890625 0.84130859375 0.4599609375 0.84326171875 0.46484375 0.8447265625 0.466796875
8 0.86474609375 0.38671875 0.86279296875 0.40625 0.8642578125 0.4296875 0.86865234375 0.4482421875 0.87060546875 0.4658203125 0.873046875 0.48046875 0.87451171875 0.5048828125 0.87109375 0.5224609375 0.86962890625 0.5390625 0.869140625 0.5517578125 0.869140625 0.5654296875 0.8701171875 0.5732421875 0.87353515625 0.57421875 0.87646484375 0.5693359375 0.87744140625 0.560546875 0.87744140625 0.5556640625 0.88037109375 0.548828125 0.88427734375 0.5322265625 0.88671875 0.5107421875 0.890625 0.478515625 0.89111328125 0.4921875 0.89306640625 0.5126953125 0.89306640625 0.525390625 0.8896484375 0.537109375 0.88623046875 0.57421875 0.8916015625 0.5771484375 0.89892578125 0.58203125 0.9052734375 0.58203125 0.9052734375 0.5791015625 0.90234375 0.5693359375 0.90380859375 0.5322265625 0.90380859375 0.5 0.90283203125 0.4697265625 0.90087890625 0.44140625 0.89697265625 0.423828125 0.8974609375 0.416015625 0.8994140625 0.400390625 0.89892578125 0.3818359375 0.89306640625 0.3740234375 0.89208984375 0.3720703125 0.8916015625 0.3671875 0.89013671875 0.3642578125 0.89306640625 0.35546875 0.8935546875 0.341796875 0.890625 0.337890625 0.8857421875 0.3349609375 0.8828125 0.3388671875 0.8798828125 0.34375 0.880859375 0.3515625 0.880859375 0.361328125 0.880859375 0.369140625 0.87646484375 0.3720703125 0.87255859375 0.375 0.86474609375 0.38671875
5 0.46240234375 0.4619140625 0.4677734375 0.4609375 0.47119140625 0.458984375 0.4716796875 0.45703125 0.4755859375 0.455078125 0.47900390625 0.4521484375 0.48193359375 0.44921875 0.482421875 0.4462890625 0.48193359375 0.4384765625 0.4794921875 0.435546875 0.47705078125 0.4365234375 0.4736328125 0.4287109375 0.47119140625 0.4287109375 0.4658203125 0.4296875 0.4580078125 0.4326171875 0.455078125 0.43359375 0.453125 0.431640625 0.44921875 0.4326171875 0.4453125 0.4384765625 0.45166015625 0.4638671875 0.45654296875 0.4658203125 0.46240234375 0.4619140625
3 0.447265625 0.466796875 0.451171875 0.466796875 0.45361328125 0.4658203125 0.455078125 0.462890625 0.45361328125 0.443359375 0.45166015625 0.4384765625 0.4482421875 0.431640625 0.4365234375 0.4345703125 0.43359375 0.4384765625 0.4375 0.4638671875 0.447265625 0.4638671875 0.447265625 0.466796875
3 0.4326171875 0.474609375 0.4345703125 0.4775390625 0.43896484375 0.4736328125 0.43896484375 0.4716796875 0.43896484375 0.462890625 0.43798828125 0.4443359375 0.43505859375 0.4287109375 0.43359375 0.423828125 0.41796875 0.423828125 0.42333984375 0.47265625 0.43212890625 0.470703125 0.4326171875 0.474609375
3 0.421875 0.482421875 0.42626953125 0.4814453125 0.42626953125 0.462890625 0.42333984375 0.44140625 0.42138671875 0.423828125 0.41796875 0.4189453125 0.41162109375 0.4189453125 0.40869140625 0.4248046875 0.41162109375 0.45703125 0.41650390625 0.486328125 0.421875 0.482421875
3 0.40771484375 0.4892578125 0.40966796875 0.4892578125 0.41357421875 0.4873046875 0.41748046875 0.486328125 0.4169921875 0.45703125 0.4169921875 0.4453125 0.41552734375 0.42578125 0.4140625 0.4248046875 0.4111328125 0.412109375 0.40087890625 0.4111328125 0.39794921875 0.412109375 0.39404296875 0.4169921875 0.39990234375 0.4794921875 0.40576171875 0.4833984375 0.40771484375 0.4892578125
3 0.39013671875 0.486328125 0.39208984375 0.49609375 0.39453125 0.49609375 0.4013671875 0.4931640625 0.40478515625 0.4873046875 0.404296875 0.474609375 0.40283203125 0.4326171875 0.3984375 0.4091796875 0.38720703125 0.40625 0.37646484375 0.408203125 0.3701171875 0.4130859375 0.373046875 0.48828125 0.3828125 0.4873046875 0.39013671875 0.486328125
3 0.30224609375 0.4462890625 0.30224609375 0.4404296875 0.298828125 0.4404296875 0.2958984375 0.44140625 0.294921875 0.4482421875 0.29833984375 0.4541015625 0.3017578125 0.4541015625 0.3017578125 0.4560546875 0.298828125 0.4697265625 0.29736328125 0.490234375 0.298828125 0.5185546875 0.30126953125 0.5263671875 0.31005859375 0.52734375 0.3203125 0.525390625 0.32080078125 0.51171875 0.337890625 0.51171875 0.3515625 0.509765625 0.35400390625 0.5205078125 0.3583984375 0.521484375 0.36083984375 0.5205078125 0.36279296875 0.5166015625 0.369140625 0.513671875 0.3701171875 0.509765625 0.37109375 0.5029296875 0.3701171875 0.4873046875 0.36962890625 0.4716796875 0.3681640625 0.443359375 0.36572265625 0.421875 0.3603515625 0.4052734375 0.35498046875 0.404296875 0.33935546875 0.404296875 0.32177734375 0.40625 0.31005859375 0.4111328125 0.30810546875 0.4150390625 0.30517578125 0.427734375 0.30419921875 0.43359375 0.30322265625 0.4423828125 0.30224609375 0.4462890625
12 0.12255859375 0.4404296875 0.12255859375 0.427734375 0.12158203125 0.423828125 0.12255859375 0.4169921875 0.12158203125 0.41015625 0.1181640625 0.40625 0.11474609375 0.408203125 0.1123046875 0.412109375 0.11181640625 0.419921875 0.11376953125 0.423828125 0.10986328125 0.4287109375 0.1083984375 0.44140625 0.11181640625 0.439453125 0.11962890625 0.439453125 0.12255859375 0.4404296875
11 0.35986328125 0.0556640625 0.359375 0.0009765625 0.33935546875 0 0.33935546875 0.0205078125 0.34033203125 0.0380859375 0.34033203125 0.0576171875 0.35986328125 0.0556640625
3 0.4951171875 0.462890625 0.49609375 0.4658203125 0.498046875 0.4658203125 0.49951171875 0.462890625 0.5078125 0.4619140625 0.5166015625 0.4619140625 0.517578125 0.4658203125 0.51953125 0.4658203125 0.5205078125 0.462890625 0.5205078125 0.4619140625 0.52099609375 0.4599609375 0.52099609375 0.4453125 0.52001953125 0.4306640625 0.517578125 0.416015625 0.513671875 0.4150390625 0.5029296875 0.4150390625 0.498046875 0.41796875 0.49658203125 0.4228515625 0.4951171875 0.4287109375 0.4951171875 0.435546875 0.4951171875 0.453125 0.4951171875 0.462890625
3 0.18115234375 0.580078125 0.1826171875 0.5908203125 0.18505859375 0.5966796875 0.18896484375 0.6025390625 0.19384765625 0.6025390625 0.197265625 0.599609375 0.2001953125 0.5966796875 0.20166015625 0.5927734375 0.2021484375 0.5751953125 0.20263671875 0.5654296875 0.20947265625 0.5625 0.2158203125 0.5595703125 0.2197265625 0.5595703125 0.22021484375 0.56640625 0.22119140625 0.57421875 0.224609375 0.5810546875 0.22802734375 0.5810546875 0.23193359375 0.580078125 0.23486328125 0.576171875 0.23681640625 0.5703125 0.2373046875 0.5634765625 0.23779296875 0.556640625 0.2373046875 0.5458984375 0.23681640625 0.5361328125 0.23583984375 0.5146484375 0.23193359375 0.4765625 0.22900390625 0.4697265625 0.22705078125 0.451171875 0.224609375 0.43359375 0.22119140625 0.42578125 0.21435546875 0.4189453125 0.20654296875 0.41796875 0.19287109375 0.416015625 0.1748046875 0.416015625 0.1572265625 0.419921875 0.14111328125 0.423828125 0.13134765625 0.4345703125 0.12646484375 0.447265625 0.1474609375 0.5859375 0.16162109375 0.5830078125 0.18115234375 0.580078125
3 0 0.65625 0.00244140625 0.65625 0.005859375 0.65625 0.03564453125 0.654296875 0.052734375 0.6494140625 0.05419921875 0.662109375 0.05859375 0.66796875 0.064453125 0.669921875 0.0712890625 0.669921875 0.078125 0.6669921875 0.0810546875 0.6591796875 0.08251953125 0.6494140625 0.0830078125 0.63671875 0.10791015625 0.623046875 0.1259765625 0.611328125 0.12744140625 0.6259765625 0.1318359375 0.6328125 0.138671875 0.634765625 0.1474609375 0.630859375 0.1513671875 0.6201171875 0.15283203125 0.60546875 0.15283203125 0.58984375 0.1591796875 0.5791015625 0.15869140625 0.5283203125 0.1552734375 0.501953125 0.1494140625 0.4814453125 0.14208984375 0.4560546875 0.1337890625 0.4404296875 0.1298828125 0.427734375 0.12548828125 0.4248046875 0.11962890625 0.4248046875 0.107421875 0.4248046875 0.0947265625 0.427734375 0.08984375 0.43359375 0.0712890625 0.43359375 0.06494140625 0.43359375 0.056640625 0.4326171875 0.0390625 0.4306640625 0.0234375 0.4345703125 0.02099609375 0.4375 0.01953125 0.4423828125 0.01318359375 0.447265625 0.005859375 0.4521484375 0 0.455078125 0 0.65625
14 0.76025390625 0.4931640625 0.763671875 0.4921875 0.767578125 0.4873046875 0.77294921875 0.4931640625 0.77490234375 0.49609375 0.77978515625 0.4970703125 0.7841796875 0.4990234375 0.78759765625 0.5 0.791015625 0.5009765625 0.7958984375 0.4970703125 0.80029296875 0.4951171875 0.80712890625 0.4931640625 0.81005859375 0.486328125 0.81103515625 0.4765625 0.81689453125 0.470703125 0.81689453125 0.46484375 0.8154296875 0.45703125 0.81591796875 0.4482421875 0.8134765625 0.4375 0.81298828125 0.4326171875 0.8154296875 0.4287109375 0.82177734375 0.4169921875 0.82177734375 0.4111328125 0.82177734375 0.40625 0.830078125 0.396484375 0.8310546875 0.380859375 0.826171875 0.37890625 0.82080078125 0.380859375 0.8154296875 0.37890625 0.810546875 0.37890625 0.80712890625 0.3798828125 0.80712890625 0.38671875 0.80322265625 0.38671875 0.7998046875 0.380859375 0.79541015625 0.37890625 0.79541015625 0.375 0.794921875 0.36328125 0.78955078125 0.3603515625 0.78515625 0.3603515625 0.7841796875 0.359375 0.78466796875 0.3515625 0.78564453125 0.337890625 0.78369140625 0.3291015625 0.7783203125 0.333984375 0.7705078125 0.3466796875 0.77294921875 0.3515625 0.77001953125 0.3603515625 0.7646484375 0.3564453125 0.7607421875 0.3564453125 0.755859375 0.359375 0.75537109375 0.369140625 0.75830078125 0.375 0.759765625 0.3779296875 0.7578125 0.380859375 0.755859375 0.388671875 0.7578125 0.3916015625 0.75244140625 0.3984375 0.74658203125 0.400390625 0.744140625 0.408203125 0.74169921875 0.408203125 0.73974609375 0.4111328125 0.73974609375 0.4228515625 0.74169921875 0.4365234375 0.74365234375 0.4453125 0.74365234375 0.45703125 0.744140625 0.4658203125 0.7470703125 0.47265625 0.75244140625 0.4873046875 0.755859375 0.49609375 0.75830078125 0.5 0.76025390625 0.4931640625