14 0.73388671875 0.1337890625 0.73193359375 0.125 0.71875 0.1220703125 0.72216796875 0.1376953125 0.7216796875 0.1474609375 0.720703125 0.14453125 0.7197265625 0.146484375 0.72119140625 0.15625 0.7197265625 0.1728515625 0.71142578125 0.1591796875 0.7119140625 0.15234375 0.7158203125 0.1396484375 0.71435546875 0.1318359375 0.71630859375 0.119140625 0.7119140625 0.1015625 0.7109375 0.111328125 0.7099609375 0.115234375 0.7080078125 0.09765625 0.701171875 0.083984375 0.69873046875 0.0908203125 0.697265625 0.1015625 0.6962890625 0.115234375 0.69580078125 0.12890625 0.697265625 0.1494140625 0.70458984375 0.1728515625 0.7197265625 0.185546875 0.7314453125 0.19140625 0.73193359375 0.1806640625 0.73388671875 0.17578125 0.73486328125 0.1669921875 0.734375 0.154296875 0.73388671875 0.1337890625
14 0.79931640625 0.275390625 0.79931640625 0.30078125 0.8056640625 0.3271484375 0.80517578125 0.3310546875 0.80224609375 0.3310546875 0.80029296875 0.4560546875 0.80029296875 0.4580078125 0.8095703125 0.45703125 0.81396484375 0.3115234375 0.8115234375 0.3037109375 0.80810546875 0.294921875 0.80615234375 0.291015625 0.802734375 0.2861328125 0.80078125 0.283203125 0.80078125 0.2802734375 0.802734375 0.2763671875 0.80322265625 0.2705078125 0.802734375 0.2646484375 0.79736328125 0.2646484375 0.7978515625 0.2666015625 0.79931640625 0.275390625
14 0.87939453125 0.388671875 0.876953125 0.3876953125 0.87109375 0.3916015625 0.8671875 0.39453125 0.8623046875 0.3984375 0.859375 0.3994140625 0.85546875 0.4013671875 0.8525390625 0.40234375 0.85302734375 0.494140625 0.85693359375 0.509765625 0.853515625 0.5224609375 0.85400390625 0.5302734375 0.861328125 0.5322265625 0.8671875 0.5341796875 0.86962890625 0.5361328125 0.88134765625 0.5380859375 0.88671875 0.5380859375 0.8876953125 0.3935546875 0.884765625 0.3916015625 0.88134765625 0.3935546875 0.87939453125 0.388671875
12 0.79345703125 0.435546875 0.7939453125 0.439453125 0.79541015625 0.4423828125 0.79736328125 0.443359375 0.798828125 0.443359375 0.80029296875 0.4423828125 0.80126953125 0.4404296875 0.80126953125 0.4384765625 0.8017578125 0.43359375 0.80029296875 0.4296875 0.798828125 0.427734375 0.7978515625 0.427734375 0.796875 0.427734375 0.794921875 0.4296875 0.7939453125 0.4326171875 0.79345703125 0.435546875
3 0.8046875 0.4697265625 0.80712890625 0.4755859375 0.80908203125 0.486328125 0.8095703125 0.455078125 0.80908203125 0.455078125 0.80224609375 0.455078125 0.7998046875 0.455078125 0.80029296875 0.4609375 0.8046875 0.4697265625
3 0.79248046875 0.47265625 0.7958984375 0.4833984375 0.796875 0.4892578125 0.79736328125 0.4921875 0.798828125 0.4951171875 0.798828125 0.49609375 0.80078125 0.49609375 0.80224609375 0.4970703125 0.8037109375 0.4990234375 0.8056640625 0.4970703125 0.806640625 0.49609375 0.80908203125 0.49609375 0.80908203125 0.46875 0.8076171875 0.462890625 0.8046875 0.45703125 0.7998046875 0.455078125 0.79052734375 0.4580078125 0.79248046875 0.47265625
3 0.791015625 0.4990234375 0.7919921875 0.498046875 0.79345703125 0.498046875 0.794921875 0.4990234375 0.79736328125 0.4990234375 0.79931640625 0.498046875 0.80029296875 0.4931640625 0.80029296875 0.4833984375 0.7998046875 0.478515625 0.79638671875 0.4697265625 0.79345703125 0.4609375 0.791015625 0.4560546875 0.7890625 0.4521484375 0.78564453125 0.451171875 0.78466796875 0.451171875 0.78515625 0.4990234375 0.787109375 0.498046875 0.78955078125 0.4990234375 0.791015625 0.4990234375
12 0.748046875 0.322265625 0.7451171875 0.326171875 0.74462890625 0.3310546875 0.7451171875 0.3369140625 0.7470703125 0.341796875 0.75 0.34375 0.75341796875 0.3427734375 0.75390625 0.341796875 0.75439453125 0.32421875 0.75244140625 0.322265625 0.75048828125 0.3203125 0.748046875 0.322265625
12 0.74365234375 0.3447265625 0.7451171875 0.4052734375 0.75146484375 0.404296875 0.75341796875 0.3447265625 0.74365234375 0.3447265625
12 0.7177734375 0.3935546875 0.7177734375 0.427734375 0.72509765625 0.427734375 0.72509765625 0.392578125 0.7177734375 0.3935546875
12 0.72021484375 0.3935546875 0.7216796875 0.3935546875 0.72314453125 0.392578125 0.72509765625 0.3896484375 0.72509765625 0.384765625 0.72412109375 0.3818359375 0.72265625 0.3798828125 0.72021484375 0.37890625 0.71923828125 0.380859375 0.71826171875 0.384765625 0.71826171875 0.388671875 0.71875 0.3916015625 0.72021484375 0.3935546875
3 0.71875 0.4794921875 0.7197265625 0.4853515625 0.72021484375 0.48828125 0.720703125 0.4912109375 0.72119140625 0.494140625 0.72265625 0.4970703125 0.72412109375 0.498046875 0.72509765625 0.4970703125 0.72607421875 0.4951171875 0.728515625 0.4931640625 0.734375 0.4931640625 0.73486328125 0.49609375 0.7353515625 0.4970703125 0.73681640625 0.498046875 0.73779296875 0.498046875 0.7392578125 0.498046875 0.73974609375 0.49609375 0.74169921875 0.494140625 0.7431640625 0.4951171875 0.74365234375 0.4990234375 0.74560546875 0.5 0.748046875 0.5 0.74951171875 0.4970703125 0.75048828125 0.4482421875 0.74609375 0.447265625 0.7392578125 0.447265625 0.73779296875 0.44921875 0.7255859375 0.451171875 0.72216796875 0.4609375 0.72021484375 0.4677734375 0.71875 0.4794921875
3 0.654296875 0.4990234375 0.6552734375 0.5009765625 0.65673828125 0.5009765625 0.65869140625 0.5009765625 0.66064453125 0.4990234375 0.6611328125 0.49609375 0.671875 0.4951171875 0.67236328125 0.498046875 0.6728515625 0.5009765625 0.6748046875 0.501953125 0.6767578125 0.501953125 0.67724609375 0.4990234375 0.677734375 0.4970703125 0.6787109375 0.4970703125 0.68115234375 0.49609375 0.681640625 0.5009765625 0.68310546875 0.501953125 0.68408203125 0.501953125 0.68603515625 0.501953125 0.68701171875 0.4990234375 0.6875 0.49609375 0.6982421875 0.4951171875 0.69873046875 0.5 0.70068359375 0.5009765625 0.703125 0.5 0.70458984375 0.4970703125 0.70556640625 0.4931640625 0.70556640625 0.4794921875 0.70556640625 0.4697265625 0.697265625 0.4501953125 0.69091796875 0.439453125 0.68408203125 0.4365234375 0.67919921875 0.4365234375 0.67578125 0.4404296875 0.669921875 0.4404296875 0.6689453125 0.4375 0.6630859375 0.4384765625 0.65966796875 0.439453125 0.6572265625 0.443359375 0.65380859375 0.458984375 0.65283203125 0.48046875 0.65380859375 0.4931640625 0.654296875 0.4990234375
3 0.57470703125 0.466796875 0.5751953125 0.48046875 0.580078125 0.5029296875 0.5830078125 0.5029296875 0.5849609375 0.501953125 0.5859375 0.4990234375 0.5859375 0.4970703125 0.59716796875 0.4970703125 0.59765625 0.5009765625 0.5986328125 0.50390625 0.60302734375 0.50390625 0.6044921875 0.5009765625 0.6044921875 0.498046875 0.6123046875 0.4970703125 0.6123046875 0.50390625 0.61572265625 0.505859375 0.619140625 0.5048828125 0.62060546875 0.5009765625 0.62060546875 0.4990234375 0.62939453125 0.498046875 0.6298828125 0.5029296875 0.6328125 0.50390625 0.63623046875 0.5029296875 0.63671875 0.501953125 0.6376953125 0.4931640625 0.63818359375 0.4775390625 0.63671875 0.4697265625 0.63427734375 0.4638671875 0.630859375 0.451171875 0.62744140625 0.44140625 0.62451171875 0.43359375 0.61962890625 0.4306640625 0.6064453125 0.4306640625 0.59423828125 0.4306640625 0.58203125 0.4365234375 0.580078125 0.4423828125 0.576171875 0.458984375 0.57470703125 0.466796875
3 0.552734375 0.5 0.55517578125 0.5029296875 0.55615234375 0.5048828125 0.55615234375 0.5087890625 0.5576171875 0.5087890625 0.56103515625 0.5087890625 0.56396484375 0.5087890625 0.564453125 0.505859375 0.5654296875 0.5009765625 0.5732421875 0.501953125 0.57373046875 0.50390625 0.57470703125 0.5078125 0.57666015625 0.5078125 0.580078125 0.5068359375 0.58203125 0.5029296875 0.58251953125 0.4951171875 0.5830078125 0.4853515625 0.58251953125 0.474609375 0.5810546875 0.4677734375 0.578125 0.4599609375 0.57470703125 0.455078125 0.56884765625 0.44140625 0.56298828125 0.4345703125 0.55029296875 0.431640625 0.537109375 0.4345703125 0.5234375 0.4384765625 0.52197265625 0.4482421875 0.5478515625 0.4970703125 0.552734375 0.5
3 0.48291015625 0.4912109375 0.4833984375 0.50390625 0.4833984375 0.5107421875 0.484375 0.5126953125 0.48583984375 0.5146484375 0.48876953125 0.5146484375 0.49072265625 0.513671875 0.4912109375 0.509765625 0.49267578125 0.5029296875 0.5009765625 0.501953125 0.5009765625 0.505859375 0.501953125 0.5107421875 0.50439453125 0.513671875 0.5078125 0.5126953125 0.5087890625 0.509765625 0.5087890625 0.5009765625 0.5166015625 0.501953125 0.517578125 0.5068359375 0.51904296875 0.5087890625 0.5224609375 0.509765625 0.5244140625 0.5087890625 0.525390625 0.5078125 0.52734375 0.505859375 0.52880859375 0.5078125 0.53076171875 0.51171875 0.5322265625 0.5126953125 0.53466796875 0.51171875 0.5361328125 0.509765625 0.537109375 0.5078125 0.53759765625 0.5048828125 0.54443359375 0.50390625 0.544921875 0.5078125 0.5458984375 0.5107421875 0.54833984375 0.5107421875 0.55126953125 0.5087890625 0.552734375 0.4951171875 0.55078125 0.470703125 0.54736328125 0.4580078125 0.548828125 0.45703125 0.54931640625 0.4560546875 0.54931640625 0.4541015625 0.54833984375 0.451171875 0.546875 0.4482421875 0.5458984375 0.4482421875 0.54345703125 0.4462890625 0.53759765625 0.4296875 0.53125 0.421875 0.509765625 0.4228515625 0.49609375 0.423828125 0.4921875 0.4267578125 0.49072265625 0.431640625 0.48486328125 0.455078125 0.484375 0.4658203125 0.482421875 0.4765625 0.48291015625 0.4912109375
3 0.21728515625 0.40234375 0.2001953125 0.455078125 0.1943359375 0.48828125 0.193359375 0.5126953125 0.19189453125 0.5322265625 0.19091796875 0.5537109375 0.19189453125 0.56640625 0.19287109375 0.5791015625 0.19287109375 0.595703125 0.19384765625 0.6162109375 0.197265625 0.626953125 0.201171875 0.6318359375 0.2060546875 0.634765625 0.21142578125 0.6337890625 0.2158203125 0.6279296875 0.21875 0.611328125 0.22021484375 0.611328125 0.23828125 0.603515625 0.2763671875 0.5986328125 0.31005859375 0.599609375 0.31298828125 0.615234375 0.31640625 0.626953125 0.32080078125 0.6328125 0.32421875 0.6328125 0.33349609375 0.6318359375 0.3369140625 0.6220703125 0.337890625 0.60546875 0.337890625 0.5869140625 0.34619140625 0.580078125 0.34765625 0.587890625 0.34765625 0.595703125 0.35205078125 0.599609375 0.3603515625 0.6005859375 0.36376953125 0.59375 0.365234375 0.5703125 0.36474609375 0.5390625 0.365234375 0.5146484375 0.3623046875 0.4931640625 0.3583984375 0.4755859375 0.3544921875 0.466796875 0.357421875 0.46484375 0.36328125 0.46484375 0.3662109375 0.462890625 0.36328125 0.447265625 0.35888671875 0.447265625 0.353515625 0.447265625 0.35302734375 0.453125 0.35400390625 0.458984375 0.3525390625 0.458984375 0.34423828125 0.427734375 0.33349609375 0.4013671875 0.326171875 0.390625 0.31884765625 0.3896484375 0.283203125 0.3837890625 0.2431640625 0.388671875 0.22216796875 0.396484375 0.21728515625 0.40234375