27 0.341796875 0 0.3583984375 0.158203125 0.419921875 0.3017578125 0.474609375 0.359375 0.5634765625 0.3466796875 0.64501953125 0.173828125 0.64990234375 0 0.35888671875 0 0.341796875 0
25 0 0.9990234375 0.99951171875 0.9990234375 0.99951171875 0.390625 0.6923828125 0.3662109375 0.55224609375 0.3427734375 0.41796875 0.3642578125 0 0.40625 0 0.9990234375
26 0 0.4560546875 0.29052734375 0.4619140625 0.37255859375 0.455078125 0.40087890625 0.4248046875 0.42822265625 0.3994140625 0.44091796875 0.396484375 0.458984375 0.3994140625 0.46044921875 0.392578125 0.462890625 0.384765625 0.45458984375 0.373046875 0.32763671875 0.3330078125 0 0.3544921875 0 0.4560546875
26 0.65478515625 0.4306640625 0.63037109375 0.4326171875 0.62841796875 0.435546875 0.62890625 0.443359375 0.716796875 0.455078125 0.890625 0.4609375 0.99951171875 0.462890625 0.99951171875 0.447265625 0.8369140625 0.4453125 0.74951171875 0.443359375 0.67138671875 0.4326171875 0.65478515625 0.4306640625
26 0.5380859375 0.3603515625 0.50146484375 0.3720703125 0.49609375 0.3828125 0.49853515625 0.3876953125 0.51123046875 0.39453125 0.5234375 0.3935546875 0.53662109375 0.3955078125 0.54833984375 0.40234375 0.57373046875 0.4091796875 0.63818359375 0.41015625 0.66552734375 0.408203125 0.68798828125 0.41796875 0.744140625 0.4267578125 0.83984375 0.4326171875 0.9296875 0.4423828125 0.99951171875 0.4423828125 0.9990234375 0.3740234375 0.9130859375 0.345703125 0.5380859375 0.3603515625
3 0.474609375 0.380859375 0.4833984375 0.3759765625 0.47998046875 0.3232421875 0.45654296875 0.3232421875 0.45361328125 0.3291015625 0.455078125 0.373046875 0.474609375 0.380859375
3 0.515625 0.3798828125 0.517578125 0.263671875 0.48876953125 0.2607421875 0.48876953125 0.275390625 0.48095703125 0.287109375 0.482421875 0.2939453125 0.48046875 0.2998046875 0.48095703125 0.3056640625 0.478515625 0.3017578125 0.4794921875 0.3193359375 0.47607421875 0.328125 0.47705078125 0.3798828125 0.4794921875 0.3759765625 0.48876953125 0.37890625 0.515625 0.3798828125
37 0.521484375 0.2275390625 0.5166015625 0.2255859375 0.51220703125 0.2275390625 0.50927734375 0.236328125 0.50830078125 0.2373046875 0.50732421875 0.2392578125 0.50390625 0.240234375 0.49560546875 0.2333984375 0.49560546875 0.2392578125 0.49462890625 0.2451171875 0.494140625 0.2490234375 0.494140625 0.2529296875 0.49365234375 0.2578125 0.4892578125 0.2685546875 0.48876953125 0.2783203125 0.48876953125 0.2822265625 0.48876953125 0.287109375 0.48876953125 0.2998046875 0.48876953125 0.302734375 0.48828125 0.3056640625 0.4873046875 0.3125 0.48828125 0.314453125 0.48876953125 0.3173828125 0.48828125 0.3193359375 0.48681640625 0.3232421875 0.484375 0.326171875 0.48486328125 0.330078125 0.48583984375 0.33203125 0.48681640625 0.3349609375 0.4873046875 0.33984375 0.48876953125 0.3408203125 0.490234375 0.3408203125 0.4892578125 0.3447265625 0.49072265625 0.3447265625 0.4921875 0.349609375 0.49365234375 0.349609375 0.494140625 0.3505859375 0.4990234375 0.3544921875 0.50048828125 0.359375 0.50439453125 0.3603515625 0.5078125 0.365234375 0.50927734375 0.3662109375 0.515625 0.3681640625 0.51953125 0.3701171875 0.52734375 0.369140625 0.53466796875 0.37109375 0.537109375 0.3681640625 0.53564453125 0.2470703125 0.529296875 0.2431640625 0.52734375 0.2412109375 0.52587890625 0.2353515625 0.521484375 0.2275390625
37 0.45947265625 0.3408203125 0.45947265625 0.33984375 0.4599609375 0.337890625 0.4619140625 0.3330078125 0.4619140625 0.3310546875 0.46044921875 0.328125 0.46044921875 0.32421875 0.4609375 0.3232421875 0.46240234375 0.3173828125 0.46044921875 0.3125 0.4599609375 0.310546875 0.4599609375 0.30859375 0.4609375 0.3046875 0.4619140625 0.302734375 0.46044921875 0.296875 0.45947265625 0.2939453125 0.4560546875 0.2880859375 0.45458984375 0.2861328125 0.453125 0.2744140625 0.45068359375 0.271484375 0.44873046875 0.271484375 0.44970703125 0.26171875 0.44384765625 0.2568359375 0.4560546875 0.345703125 0.45849609375 0.3466796875 0.45849609375 0.341796875 0.45849609375 0.3408203125 0.45947265625 0.3408203125
37 0.49951171875 0.3603515625 0.49658203125 0.359375 0.49560546875 0.359375 0.4921875 0.359375 0.490234375 0.3681640625 0.50146484375 0.3681640625 0.50048828125 0.361328125 0.49951171875 0.3603515625
37 0.490234375 0.3759765625 0.49560546875 0.3779296875 0.5263671875 0.3828125 0.52734375 0.3701171875 0.51806640625 0.3701171875 0.498046875 0.3701171875 0.4951171875 0.3662109375 0.4931640625 0.3662109375 0.49169921875 0.3671875 0.49072265625 0.369140625 0.48486328125 0.3681640625 0.484375 0.3818359375 0.48779296875 0.380859375 0.48779296875 0.3779296875 0.490234375 0.3759765625
38 0.48681640625 0.376953125 0.4873046875 0.380859375 0.49169921875 0.380859375 0.49169921875 0.376953125 0.48681640625 0.376953125
3 0.447265625 0.39453125 0.45849609375 0.376953125 0.4580078125 0.3486328125 0.455078125 0.341796875 0.45458984375 0.31640625 0.4541015625 0.3046875 0.45263671875 0.2861328125 0.44873046875 0.2763671875 0.44775390625 0.2548828125 0.4482421875 0.24609375 0.45068359375 0.2431640625 0.44873046875 0.2275390625 0.44091796875 0.2138671875 0.4208984375 0.17578125 0.42333984375 0.169921875 0.421875 0.1494140625 0.412109375 0.138671875 0.38232421875 0.060546875 0.35986328125 0.060546875 0.33837890625 0.0576171875 0.33203125 0.3916015625 0.447265625 0.39453125
3 0.0009765625 0 0 0.4384765625 0.240234375 0.4384765625 0.33984375 0.412109375 0.34033203125 0.2958984375 0.3701171875 0.296875 0.3701171875 0.12890625 0.36767578125 0.1220703125 0.3681640625 0.0810546875 0.36181640625 0.0595703125 0.35986328125 0 0.0009765625 0
3 0.63623046875 0.3857421875 0.6376953125 0.322265625 0.62890625 0.2841796875 0.62744140625 0.166015625 0.580078125 0.1650390625 0.5322265625 0.24609375 0.533203125 0.3798828125 0.583984375 0.3837890625 0.60791015625 0.3857421875 0.63623046875 0.3857421875
37 0.61474609375 0.259765625 0.61181640625 0.265625 0.61474609375 0.2734375 0.6171875 0.27734375 0.61767578125 0.28515625 0.61328125 0.2880859375 0.61328125 0.2939453125 0.6142578125 0.3017578125 0.61572265625 0.3056640625 0.6171875 0.310546875 0.6171875 0.3212890625 0.619140625 0.322265625 0.619140625 0.330078125 0.61767578125 0.3310546875 0.6171875 0.3310546875 0.61669921875 0.3408203125 0.6171875 0.3427734375 0.61865234375 0.345703125 0.619140625 0.3544921875 0.61865234375 0.361328125 0.61767578125 0.361328125 0.61669921875 0.369140625 0.615234375 0.3720703125 0.61376953125 0.3759765625 0.61328125 0.3759765625 0.6171875 0.3798828125 0.63134765625 0.3798828125 0.6357421875 0.3779296875 0.6376953125 0.2724609375 0.62939453125 0.2470703125 0.623046875 0.251953125 0.62255859375 0.251953125 0.62060546875 0.2548828125 0.61474609375 0.259765625
28 0.63330078125 0.392578125 0.63330078125 0.37890625 0.62646484375 0.3798828125 0.60986328125 0.37890625 0.60986328125 0.392578125 0.62841796875 0.39453125 0.63330078125 0.392578125
28 0.63330078125 0.392578125 0.63330078125 0.37890625 0.62646484375 0.3798828125 0.60986328125 0.37890625 0.60986328125 0.392578125 0.62841796875 0.39453125 0.63330078125 0.392578125
3 0.62890625 0 0.62744140625 0.294921875 0.62841796875 0.306640625 0.63134765625 0.3095703125 0.63330078125 0.3251953125 0.6318359375 0.39453125 0.6767578125 0.4091796875 0.740234375 0.4033203125 0.77587890625 0.3974609375 0.8017578125 0.4091796875 0.80615234375 0.4130859375 0.8134765625 0.41015625 0.8427734375 0.4169921875 0.94873046875 0.4150390625 0.95654296875 0.419921875 0.9638671875 0.4189453125 0.96875 0.4130859375 0.97021484375 0.41796875 0.97265625 0.4208984375 0.9775390625 0.421875 0.982421875 0.4208984375 0.986328125 0.4189453125 0.98876953125 0.416015625 0.9892578125 0.4072265625 0.99951171875 0.4140625 0.99951171875 0 0.62890625 0
28 0.48681640625 0.376953125 0.4873046875 0.380859375 0.49169921875 0.380859375 0.49169921875 0.376953125 0.48681640625 0.376953125
19 0.498046875 0.353515625 0.498046875 0.3759765625 0.49853515625 0.380859375 0.49853515625 0.353515625 0.498046875 0.353515625
31 0.49609375 0.35546875 0.50048828125 0.35546875 0.49853515625 0.3466796875 0.49609375 0.35546875
19 0.51416015625 0.34765625 0.513671875 0.37109375 0.51416015625 0.376953125 0.51513671875 0.34765625 0.51416015625 0.34765625
31 0.51904296875 0.3486328125 0.513671875 0.3486328125 0.513671875 0.3525390625 0.51904296875 0.3525390625 0.51904296875 0.3486328125
28 0.5185546875 0.3740234375 0.49658203125 0.3740234375 0.49658203125 0.3837890625 0.509765625 0.384765625 0.517578125 0.3828125 0.5185546875 0.3740234375
19 0.54931640625 0.37890625 0.55029296875 0.37890625 0.55029296875 0.34765625 0.54931640625 0.34765625 0.54931640625 0.37890625
28 0.55712890625 0.373046875 0.5458984375 0.373046875 0.5283203125 0.373046875 0.509765625 0.3759765625 0.51025390625 0.388671875 0.521484375 0.392578125 0.53466796875 0.392578125 0.5478515625 0.3916015625 0.5576171875 0.384765625 0.55712890625 0.373046875
19 0.51904296875 0.3583984375 0.51904296875 0.3916015625 0.51953125 0.3916015625 0.51953125 0.3583984375 0.51904296875 0.3583984375
31 0.521484375 0.3544921875 0.51904296875 0.3525390625 0.51806640625 0.353515625 0.51708984375 0.3564453125 0.51806640625 0.3603515625 0.51953125 0.3603515625 0.521484375 0.3583984375 0.521484375 0.3544921875
31 0.55029296875 0.3486328125 0.55224609375 0.345703125 0.55126953125 0.341796875 0.54833984375 0.341796875 0.5478515625 0.3447265625 0.548828125 0.34765625 0.55029296875 0.3486328125
19 0.552734375 0.330078125 0.552734375 0.3857421875 0.5537109375 0.3916015625 0.55322265625 0.330078125 0.552734375 0.330078125
28 0.56103515625 0.34765625 0.56103515625 0.3349609375 0.55615234375 0.3369140625 0.55224609375 0.337890625 0.552734375 0.349609375 0.55517578125 0.349609375 0.56103515625 0.34765625
28 0.55712890625 0.3564453125 0.55224609375 0.3564453125 0.55224609375 0.361328125 0.55712890625 0.361328125 0.55712890625 0.3564453125
28 0.5830078125 0.3681640625 0.58154296875 0.3583984375 0.5654296875 0.3603515625 0.564453125 0.361328125 0.560546875 0.3681640625 0.560546875 0.388671875 0.56640625 0.3974609375 0.58349609375 0.3974609375 0.5830078125 0.3681640625
19 0.6044921875 0.314453125 0.6015625 0.3134765625 0.6005859375 0.3955078125 0.6025390625 0.3955078125 0.60302734375 0.330078125 0.6044921875 0.314453125
28 0.59765625 0.314453125 0.59912109375 0.3173828125 0.6015625 0.3193359375 0.603515625 0.31640625 0.60546875 0.3125 0.60791015625 0.3125 0.6083984375 0.31640625 0.61083984375 0.318359375 0.6123046875 0.318359375 0.6142578125 0.314453125 0.61474609375 0.3115234375 0.61328125 0.3056640625 0.61083984375 0.3056640625 0.6083984375 0.3095703125 0.60498046875 0.3095703125 0.60302734375 0.3056640625 0.6015625 0.3046875 0.59765625 0.306640625 0.5966796875 0.3046875 0.59521484375 0.302734375 0.59423828125 0.302734375 0.59326171875 0.302734375 0.59130859375 0.3076171875 0.59130859375 0.3115234375 0.59326171875 0.31640625 0.5966796875 0.3173828125 0.59765625 0.314453125
8 0.666015625 0.4169921875 0.6669921875 0.4150390625 0.6669921875 0.41015625 0.66796875 0.4091796875 0.66796875 0.4169921875 0.66845703125 0.4169921875 0.6708984375 0.4091796875 0.671875 0.4072265625 0.6728515625 0.404296875 0.66845703125 0.3994140625 0.6669921875 0.3916015625 0.6669921875 0.3974609375 0.6650390625 0.4033203125 0.6650390625 0.408203125 0.666015625 0.4169921875
28 0.5712890625 0.3994140625 0.5712890625 0.3896484375 0.55859375 0.3876953125 0.55419921875 0.384765625 0.54931640625 0.384765625 0.54931640625 0.39453125 0.56005859375 0.3974609375 0.56884765625 0.400390625 0.5712890625 0.3994140625
28 0.5849609375 0.388671875 0.5849609375 0.3955078125 0.58544921875 0.400390625 0.59130859375 0.400390625 0.5908203125 0.388671875 0.5849609375 0.388671875
28 0.6064453125 0.396484375 0.60595703125 0.3876953125 0.60009765625 0.388671875 0.60009765625 0.396484375 0.60107421875 0.3974609375 0.60595703125 0.3974609375 0.6064453125 0.396484375
28 0.62060546875 0.3857421875 0.61474609375 0.3857421875 0.615234375 0.3974609375 0.61962890625 0.3974609375 0.62109375 0.3955078125 0.62060546875 0.3857421875
19 0.615234375 0.302734375 0.61474609375 0.4033203125 0.61865234375 0.4033203125 0.6181640625 0.3046875 0.615234375 0.302734375
28 0.6201171875 0.2998046875 0.62109375 0.298828125 0.6259765625 0.298828125 0.62646484375 0.3017578125 0.62744140625 0.302734375 0.626953125 0.2958984375 0.62744140625 0.287109375 0.626953125 0.2880859375 0.62548828125 0.2900390625 0.62548828125 0.2939453125 0.62548828125 0.296875 0.62109375 0.2958984375 0.62109375 0.29296875 0.619140625 0.2880859375 0.6171875 0.287109375 0.61376953125 0.2880859375 0.61328125 0.29296875 0.61279296875 0.294921875 0.611328125 0.294921875 0.609375 0.2900390625 0.60888671875 0.2861328125 0.6064453125 0.2861328125 0.60302734375 0.287109375 0.6025390625 0.291015625 0.60205078125 0.2958984375 0.603515625 0.30078125 0.60791015625 0.3017578125 0.61083984375 0.2978515625 0.61279296875 0.2978515625 0.61474609375 0.3017578125 0.61767578125 0.302734375 0.619140625 0.302734375 0.6201171875 0.2998046875
28 0.576171875 0.3115234375 0.57373046875 0.314453125 0.5732421875 0.3203125 0.57666015625 0.3232421875 0.57958984375 0.3193359375 0.5810546875 0.322265625 0.58349609375 0.3232421875 0.58349609375 0.3125 0.58154296875 0.3125 0.5791015625 0.3173828125 0.57861328125 0.3125 0.576171875 0.3115234375
28 0.5947265625 0.3203125 0.59423828125 0.3173828125 0.5927734375 0.3173828125 0.59130859375 0.3115234375 0.58935546875 0.3115234375 0.58935546875 0.3212890625 0.591796875 0.3232421875 0.5947265625 0.3203125
31 0.6728515625 0.3076171875 0.6708984375 0.3056640625 0.65625 0.3046875 0.65673828125 0.337890625 0.67236328125 0.3369140625 0.6728515625 0.3076171875
17 0.67138671875 0.396484375 0.67138671875 0.408203125 0.67138671875 0.4150390625 0.673828125 0.4169921875 0.673828125 0.3603515625 0.6708984375 0.3681640625 0.669921875 0.3818359375 0.669921875 0.390625 0.67138671875 0.396484375
19 0.67724609375 0 0.67529296875 0.1748046875 0.673828125 0.1796875 0.67138671875 0.435546875 0.6796875 0.435546875 0.68212890625 0.43359375 0.68408203125 0.1787109375 0.68310546875 0.1748046875 0.68359375 0 0.67724609375 0
31 0.68408203125 0.26953125 0.67919921875 0.271484375 0.6787109375 0.28125 0.68408203125 0.2783203125 0.68408203125 0.26953125
31 0.671875 0.3095703125 0.67529296875 0.3125 0.6806640625 0.310546875 0.6826171875 0.3076171875 0.68359375 0.2978515625 0.6806640625 0.2900390625 0.677734375 0.2880859375 0.673828125 0.2900390625 0.6708984375 0.296875 0.6708984375 0.302734375 0.671875 0.3095703125
8 0.802734375 0.4130859375 0.8037109375 0.3681640625 0.791015625 0.3662109375 0.78369140625 0.3701171875 0.78515625 0.412109375 0.79150390625 0.4130859375 0.802734375 0.4130859375
28 0.77197265625 0.24609375 0.77490234375 0.2529296875 0.77880859375 0.25390625 0.7822265625 0.2509765625 0.78466796875 0.2412109375 0.78369140625 0.236328125 0.78125 0.2314453125 0.77783203125 0.2294921875 0.7734375 0.234375 0.7724609375 0.240234375 0.77197265625 0.24609375
19 0.794921875 0.24609375 0.79150390625 0.2451171875 0.77197265625 0.2451171875 0.77197265625 0.248046875 0.78173828125 0.2470703125 0.7880859375 0.2470703125 0.7939453125 0.2490234375 0.79541015625 0.251953125 0.79345703125 0.4130859375 0.79541015625 0.4130859375 0.79736328125 0.2578125 0.796875 0.25 0.794921875 0.24609375
19 0.7978515625 0.3779296875 0.79541015625 0.3779296875 0.794921875 0.416015625 0.79833984375 0.4150390625 0.79833984375 0.37890625 0.7978515625 0.3779296875
19 0.7802734375 0.3720703125 0.78125 0.2724609375 0.779296875 0.2724609375 0.77880859375 0.373046875 0.77783203125 0.3779296875 0.77734375 0.4248046875 0.7802734375 0.423828125 0.78125 0.376953125 0.7802734375 0.3720703125
31 0.77197265625 0.2509765625 0.7822265625 0.2890625 0.7919921875 0.251953125 0.77197265625 0.2509765625
28 0.72802734375 0.30078125 0.734375 0.3046875 0.7392578125 0.2900390625 0.7392578125 0.27734375 0.736328125 0.2666015625 0.73291015625 0.263671875 0.7275390625 0.26953125 0.7236328125 0.2802734375 0.72412109375 0.2880859375 0.72802734375 0.30078125
19 0.71875 0.3623046875 0.7197265625 0.2666015625 0.7314453125 0.2685546875 0.7314453125 0.296875 0.73388671875 0.2978515625 0.73388671875 0.240234375 0.73193359375 0.240234375 0.7314453125 0.2646484375 0.71923828125 0.2646484375 0.71875 0.2470703125 0.71484375 0.248046875 0.71435546875 0.3642578125 0.712890625 0.37109375 0.71337890625 0.44921875 0.71923828125 0.44921875 0.7197265625 0.37109375 0.71875 0.3623046875
30 0.7060546875 0.265625 0.71240234375 0.2705078125 0.7119140625 0.2734375 0.7060546875 0.275390625 0.69873046875 0.27734375 0.70068359375 0.2841796875 0.70703125 0.2861328125 0.70703125 0.29296875 0.7001953125 0.2939453125 0.70068359375 0.2978515625 0.705078125 0.3046875 0.70654296875 0.310546875 0.71826171875 0.3125 0.716796875 0.2578125 0.71044921875 0.2578125 0.7099609375 0.259765625 0.7060546875 0.263671875 0.7060546875 0.265625
19 0.82666015625 0.3779296875 0.82568359375 0.373046875 0.82763671875 0.1943359375 0.82666015625 0.1884765625 0.8271484375 0.1826171875 0.8271484375 0.154296875 0.82958984375 0.1103515625 0.83447265625 0.0859375 0.837890625 0.0791015625 0.86572265625 0.0205078125 0.869140625 0.021484375 0.8701171875 0.0126953125 0.86181640625 0.015625 0.83837890625 0.06640625 0.82763671875 0.09375 0.82373046875 0.1220703125 0.82275390625 0.1875 0.82177734375 0.193359375 0.8212890625 0.3740234375 0.8203125 0.3779296875 0.8203125 0.4521484375 0.82373046875 0.451171875 0.826171875 0.4501953125 0.82666015625 0.3779296875
30 0.869140625 0 0.8681640625 0.0146484375 0.8681640625 0.0224609375 0.86767578125 0.06640625 0.8701171875 0.068359375 0.87109375 0.0732421875 0.87353515625 0.076171875 0.87890625 0.0615234375 0.88525390625 0.056640625 0.8857421875 0.0498046875 0.88037109375 0.048828125 0.8798828125 0.037109375 0.88427734375 0.037109375 0.88720703125 0.03125 0.88671875 0.0263671875 0.88037109375 0.025390625 0.88037109375 0 0.869140625 0
30 0.8388671875 0.294921875 0.84130859375 0.291015625 0.84326171875 0.287109375 0.8349609375 0.28515625 0.8349609375 0.283203125 0.8369140625 0.27734375 0.841796875 0.275390625 0.84326171875 0.2666015625 0.83544921875 0.263671875 0.8369140625 0.259765625 0.8427734375 0.2548828125 0.84375 0.248046875 0.8359375 0.24609375 0.8291015625 0.24609375 0.828125 0.298828125 0.8349609375 0.2958984375 0.8388671875 0.294921875
31 0.82177734375 0.240234375 0.822265625 0.2529296875 0.8310546875 0.2529296875 0.83154296875 0.2412109375 0.82177734375 0.240234375
30 0.82958984375 0.306640625 0.83203125 0.30078125 0.8349609375 0.2978515625 0.8349609375 0.2880859375 0.83349609375 0.2841796875 0.8349609375 0.27734375 0.83544921875 0.271484375 0.83154296875 0.2626953125 0.82861328125 0.26171875 0.822265625 0.2626953125 0.822265625 0.3056640625 0.82958984375 0.306640625
30 0.99951171875 0.0810546875 0.99951171875 0.048828125 0.99365234375 0.052734375 0.9921875 0.06640625 0.99365234375 0.0751953125 0.99951171875 0.0810546875
30 0.99951171875 0.1396484375 0.99951171875 0.107421875 0.994140625 0.1083984375 0.99169921875 0.1142578125 0.98974609375 0.1298828125 0.99951171875 0.1396484375
17 0.86669921875 0.328125 0.8671875 0.3349609375 0.869140625 0.3427734375 0.869140625 0.3466796875 0.86279296875 0.3486328125 0.861328125 0.361328125 0.85791015625 0.376953125 0.85791015625 0.3798828125 0.859375 0.3818359375 0.8642578125 0.3818359375 0.8623046875 0.388671875 0.85986328125 0.40625 0.86279296875 0.4130859375 0.8671875 0.4326171875 0.86572265625 0.455078125 0.86767578125 0.4736328125 0.86572265625 0.48046875 0.86865234375 0.486328125 0.876953125 0.4853515625 0.87451171875 0.4755859375 0.87744140625 0.4560546875 0.87841796875 0.44140625 0.87939453125 0.4287109375 0.88232421875 0.4287109375 0.88720703125 0.423828125 0.8876953125 0.4140625 0.88720703125 0.40234375 0.88671875 0.3974609375 0.8818359375 0.3896484375 0.880859375 0.3759765625 0.88232421875 0.3681640625 0.8828125 0.359375 0.890625 0.3662109375 0.89013671875 0.3583984375 0.8828125 0.34765625 0.8759765625 0.34375 0.8759765625 0.33984375 0.87744140625 0.3310546875 0.880859375 0.33203125 0.88134765625 0.330078125 0.88134765625 0.3251953125 0.87744140625 0.3173828125 0.87451171875 0.3203125 0.87109375 0.3203125 0.8681640625 0.322265625 0.86669921875 0.328125
17 0.90087890625 0.4853515625 0.90380859375 0.4873046875 0.90576171875 0.4853515625 0.90673828125 0.4775390625 0.90576171875 0.4716796875 0.9091796875 0.443359375 0.91162109375 0.4150390625 0.9130859375 0.400390625 0.91259765625 0.3701171875 0.91650390625 0.37109375 0.9208984375 0.388671875 0.919921875 0.3974609375 0.92138671875 0.4052734375 0.92236328125 0.4072265625 0.9248046875 0.3955078125 0.923828125 0.3896484375 0.9208984375 0.365234375 0.91845703125 0.3564453125 0.91748046875 0.3369140625 0.916015625 0.3330078125 0.908203125 0.333984375 0.90966796875 0.322265625 0.908203125 0.314453125 0.90283203125 0.310546875 0.89892578125 0.310546875 0.896484375 0.3134765625 0.896484375 0.322265625 0.896484375 0.3291015625 0.89794921875 0.3359375 0.890625 0.3408203125 0.88525390625 0.3603515625 0.88525390625 0.3662109375 0.88916015625 0.3740234375 0.8935546875 0.3779296875 0.89306640625 0.396484375 0.8955078125 0.427734375 0.892578125 0.44921875 0.89208984375 0.45703125 0.89208984375 0.4619140625 0.8916015625 0.478515625 0.89501953125 0.4814453125 0.89794921875 0.4775390625 0.89794921875 0.46875 0.900390625 0.44921875 0.90087890625 0.45703125 0.8994140625 0.4775390625 0.90087890625 0.4853515625
5 0.4580078125 0.3837890625 0.46044921875 0.3837890625 0.4619140625 0.388671875 0.46240234375 0.392578125 0.46484375 0.392578125 0.46533203125 0.3896484375 0.47509765625 0.388671875 0.47509765625 0.3916015625 0.47802734375 0.3916015625 0.478515625 0.384765625 0.48095703125 0.384765625 0.48095703125 0.3818359375 0.4814453125 0.376953125 0.48046875 0.369140625 0.4765625 0.369140625 0.474609375 0.3671875 0.4677734375 0.3671875 0.46484375 0.369140625 0.458984375 0.3681640625 0.4580078125 0.3837890625
19 0.45361328125 0.310546875 0.45361328125 0.3857421875 0.45458984375 0.3857421875 0.45458984375 0.310546875 0.45361328125 0.310546875
28 0.4580078125 0.306640625 0.455078125 0.3076171875 0.453125 0.310546875 0.45751953125 0.3115234375 0.45849609375 0.3095703125 0.4580078125 0.306640625
19 0.4482421875 0.2978515625 0.447265625 0.392578125 0.4501953125 0.3916015625 0.44970703125 0.2998046875 0.4482421875 0.2978515625
19 0.4541015625 0.2958984375 0.4501953125 0.294921875 0.4482421875 0.2998046875 0.45263671875 0.2998046875 0.45458984375 0.2998046875 0.4541015625 0.2958984375
28 0.4541015625 0.2958984375 0.4501953125 0.294921875 0.4482421875 0.2998046875 0.45263671875 0.2998046875 0.45458984375 0.2998046875 0.4541015625 0.2958984375
31 0.44775390625 0.3232421875 0.44775390625 0.3349609375 0.45166015625 0.3349609375 0.45166015625 0.3232421875 0.44775390625 0.3232421875
31 0.451171875 0.33984375 0.4482421875 0.33984375 0.4482421875 0.3525390625 0.45068359375 0.3525390625 0.451171875 0.33984375
28 0.421875 0.37890625 0.42236328125 0.337890625 0.44482421875 0.33984375 0.4462890625 0.3349609375 0.421875 0.3232421875 0.4072265625 0.322265625 0.4072265625 0.32421875 0.4130859375 0.3251953125 0.41455078125 0.337890625 0.4189453125 0.33984375 0.4189453125 0.380859375 0.41796875 0.380859375 0.41748046875 0.3916015625 0.44677734375 0.39453125 0.44677734375 0.3818359375 0.421875 0.37890625
19 0.4326171875 0.3544921875 0.43212890625 0.3564453125 0.4326171875 0.3935546875 0.43408203125 0.39453125 0.43359375 0.3544921875 0.4326171875 0.3544921875
19 0.44287109375 0.3564453125 0.4423828125 0.39453125 0.44384765625 0.39453125 0.4443359375 0.3564453125 0.44287109375 0.3564453125
37 0.44140625 0.3681640625 0.44189453125 0.3544921875 0.4423828125 0.33984375 0.43896484375 0.337890625 0.4345703125 0.341796875 0.43359375 0.353515625 0.4345703125 0.3603515625 0.4345703125 0.3681640625 0.435546875 0.3720703125 0.435546875 0.3798828125 0.4384765625 0.3740234375 0.4404296875 0.37109375 0.44140625 0.3681640625
28 0.43505859375 0.3447265625 0.43505859375 0.345703125 0.435546875 0.392578125 0.4384765625 0.3935546875 0.43896484375 0.3447265625 0.43505859375 0.3447265625
28 0.38037109375 0.3916015625 0.38037109375 0.3828125 0.38037109375 0.3212890625 0.3818359375 0.318359375 0.3818359375 0.3134765625 0.365234375 0.3125 0.365234375 0.3134765625 0.3671875 0.3203125 0.365234375 0.3935546875 0.37060546875 0.39453125 0.37841796875 0.3935546875 0.38037109375 0.3916015625
28 0.408203125 0.3740234375 0.388671875 0.3740234375 0.38818359375 0.39453125 0.3916015625 0.396484375 0.408203125 0.3955078125 0.408203125 0.3740234375
28 0.36279296875 0.392578125 0.36181640625 0.2958984375 0.35107421875 0.2958984375 0.349609375 0.3935546875 0.35205078125 0.39453125 0.359375 0.396484375 0.36279296875 0.392578125
19 0.34619140625 0.3740234375 0.34619140625 0.400390625 0.34765625 0.40234375 0.34765625 0.3740234375 0.34619140625 0.3740234375
19 0.349609375 0.3740234375 0.34912109375 0.400390625 0.35009765625 0.40234375 0.3505859375 0.3740234375 0.349609375 0.3740234375
19 0.35888671875 0.37109375 0.357421875 0.3701171875 0.3564453125 0.39453125 0.3564453125 0.4072265625 0.357421875 0.408203125 0.35888671875 0.37109375
19 0.37255859375 0.37890625 0.37255859375 0.4052734375 0.3740234375 0.4052734375 0.37353515625 0.3798828125 0.37255859375 0.37890625
19 0.37939453125 0.404296875 0.380859375 0.4052734375 0.380859375 0.37890625 0.37939453125 0.37890625 0.37939453125 0.404296875
19 0.38623046875 0.37890625 0.384765625 0.37890625 0.384765625 0.3935546875 0.384765625 0.4033203125 0.38623046875 0.404296875 0.38623046875 0.37890625
19 0.39013671875 0.376953125 0.39013671875 0.3994140625 0.3916015625 0.400390625 0.3916015625 0.376953125 0.39013671875 0.376953125
19 0.4140625 0.345703125 0.4140625 0.3759765625 0.4130859375 0.3955078125 0.4150390625 0.396484375 0.41552734375 0.37890625 0.4150390625 0.345703125 0.4140625 0.345703125
19 0.41845703125 0.2021484375 0.416015625 0.201171875 0.41552734375 0.3974609375 0.41845703125 0.3994140625 0.41796875 0.2041015625 0.41845703125 0.2021484375
28 0.4267578125 0.2021484375 0.4267578125 0.1982421875 0.42529296875 0.1943359375 0.42138671875 0.1943359375 0.416015625 0.2001953125 0.416015625 0.203125 0.41796875 0.203125 0.419921875 0.2060546875 0.4228515625 0.2041015625 0.4267578125 0.2021484375
31 0.41845703125 0.341796875 0.42138671875 0.3359375 0.42041015625 0.3291015625 0.41650390625 0.326171875 0.4130859375 0.3310546875 0.4130859375 0.3349609375 0.41552734375 0.341796875 0.41845703125 0.341796875
31 0.4140625 0.3427734375 0.4130859375 0.353515625 0.4208984375 0.353515625 0.4208984375 0.34375 0.4140625 0.3427734375
31 0.40283203125 0.3212890625 0.40283203125 0.314453125 0.40234375 0.3115234375 0.39990234375 0.310546875 0.3984375 0.3134765625 0.3984375 0.32421875 0.40087890625 0.32421875 0.40283203125 0.3212890625
28 0.40283203125 0.3212890625 0.40283203125 0.314453125 0.40234375 0.3115234375 0.39990234375 0.310546875 0.3984375 0.3134765625 0.3984375 0.32421875 0.40087890625 0.32421875 0.40283203125 0.3212890625
19 0.39794921875 0.115234375 0.3974609375 0.412109375 0.40087890625 0.41015625 0.39990234375 0.115234375 0.39794921875 0.115234375
19 0.3525390625 0 0.35302734375 0.44140625 0.35791015625 0.4404296875 0.35791015625 0.3740234375 0.35693359375 0 0.3525390625 0
28 0.310546875 0.1865234375 0.32568359375 0.236328125 0.34033203125 0.1865234375 0.310546875 0.1865234375
28 0.30126953125 0.2421875 0.2978515625 0.2529296875 0.29833984375 0.26171875 0.30126953125 0.2705078125 0.3056640625 0.2763671875 0.31103515625 0.2763671875 0.31689453125 0.2685546875 0.31884765625 0.2548828125 0.31591796875 0.2431640625 0.3095703125 0.2373046875 0.30517578125 0.2373046875 0.30126953125 0.2421875
28 0.3193359375 0.2763671875 0.29931640625 0.27734375 0.29931640625 0.2978515625 0.31982421875 0.2978515625 0.3193359375 0.2763671875
19 0.32861328125 0.3115234375 0.328125 0.234375 0.3271484375 0.234375 0.32763671875 0.1767578125 0.32470703125 0.1767578125 0.32470703125 0.2353515625 0.32275390625 0.2373046875 0.32275390625 0.2607421875 0.31005859375 0.26171875 0.3095703125 0.2333984375 0.3076171875 0.2314453125 0.3076171875 0.298828125 0.3095703125 0.298828125 0.31005859375 0.2666015625 0.322265625 0.265625 0.32373046875 0.3642578125 0.3232421875 0.3720703125 0.32275390625 0.376953125 0.32470703125 0.44921875 0.32958984375 0.4501953125 0.32958984375 0.435546875 0.32958984375 0.376953125 0.328125 0.369140625 0.32861328125 0.3115234375
30 0.3359375 0.3115234375 0.3369140625 0.30078125 0.34326171875 0.3017578125 0.34423828125 0.294921875 0.337890625 0.2900390625 0.337890625 0.287109375 0.34375 0.283203125 0.34423828125 0.275390625 0.337890625 0.2744140625 0.33544921875 0.2705078125 0.3291015625 0.26953125 0.32275390625 0.26953125 0.32470703125 0.3115234375 0.32861328125 0.3125 0.3359375 0.3115234375
19 0.10986328125 0 0.111328125 0.052734375 0.11083984375 0.05859375 0.11083984375 0.21875 0.109375 0.2255859375 0.10986328125 0.4541015625 0.1181640625 0.453125 0.1240234375 0.453125 0.12109375 0.23046875 0.1201171875 0.2197265625 0.1201171875 0.0625 0.119140625 0.0517578125 0.11767578125 0 0.10986328125 0
31 0.11376953125 0.2861328125 0.1201171875 0.28515625 0.12451171875 0.275390625 0.12451171875 0.26171875 0.12255859375 0.25390625 0.1201171875 0.25390625 0.11767578125 0.25390625 0.109375 0.2587890625 0.10791015625 0.26953125 0.10986328125 0.2783203125 0.11376953125 0.2861328125
19 0.03515625 0.2236328125 0.03564453125 0.4599609375 0.04345703125 0.4599609375 0.0380859375 0.22265625 0.03515625 0.2236328125
30 0.017578125 0.2373046875 0.025390625 0.24609375 0.02490234375 0.2490234375 0.01806640625 0.25 0.01708984375 0.2578125 0.02392578125 0.2685546875 0.0185546875 0.271484375 0.0166015625 0.2783203125 0.02294921875 0.287109375 0.02587890625 0.2880859375 0.02734375 0.2978515625 0.03955078125 0.296875 0.037109375 0.23046875 0.0283203125 0.2314453125 0.025390625 0.234375 0.017578125 0.2353515625 0.017578125 0.2373046875
28 0.044921875 0.419921875 0.04638671875 0.3740234375 0.0458984375 0.3662109375 0.03955078125 0.3603515625 0.02783203125 0.365234375 0.02783203125 0.388671875 0.0302734375 0.41796875 0.033203125 0.419921875 0.044921875 0.419921875
26 0.0751953125 0.5751953125 0.07470703125 0.568359375 0.06591796875 0.556640625 0.00048828125 0.544921875 0 0.630859375 0.0712890625 0.58203125 0.0751953125 0.5751953125
26 0.86328125 0.54296875 0.85791015625 0.552734375 0.85888671875 0.5615234375 0.99951171875 0.634765625 0.9990234375 0.5263671875 0.97216796875 0.52734375 0.92431640625 0.53125 0.87939453125 0.5361328125 0.86328125 0.54296875
9 0.91845703125 0.9208984375 0.79150390625 0.900390625 0.6669921875 0.8837890625 0.59619140625 0.8759765625 0.59619140625 0.87109375 0.60498046875 0.8671875 0.615234375 0.8466796875 0.61767578125 0.818359375 0.611328125 0.7900390625 0.59716796875 0.77734375 0.58349609375 0.779296875 0.572265625 0.7919921875 0.568359375 0.8037109375 0.5654296875 0.818359375 0.564453125 0.8359375 0.56689453125 0.8525390625 0.57568359375 0.87109375 0.58740234375 0.875 0.58740234375 0.87890625 0.51904296875 0.88671875 0.4013671875 0.90234375 0.27197265625 0.9267578125 0.1884765625 0.947265625 0.01220703125 0.9912109375 0.01171875 0.9990234375 0.99951171875 0.9990234375 0.99951171875 0.935546875 0.91845703125 0.9208984375
22 0.203125 0 0.99951171875 0.02734375 0.99951171875 0 0.203125 0
22 0.99951171875 0.4970703125 0.99462890625 0.9990234375 0.99951171875 0.9990234375 0.99951171875 0.4970703125
22 0 0 0 0.462890625 0.00830078125 0 0 0
22 0 0.9990234375 0.94580078125 0.9990234375 0.5302734375 0.9599609375 0 0.9541015625 0 0.9990234375