3 0 0 0 0.9990234375 0.99951171875 0.9990234375 0.99951171875 0 0 0
38 0 0.646484375 0.02490234375 0.6318359375 0.078125 0.6064453125 0.20458984375 0.5361328125 0.2138671875 0.5283203125 0.21435546875 0.32421875 0.2158203125 0.3173828125 0.212890625 0.3056640625 0.2080078125 0.296875 0.19970703125 0.2880859375 0.18212890625 0.27734375 0.1611328125 0.263671875 0.1474609375 0.2578125 0.13720703125 0.25390625 0.13916015625 0.2509765625 0.14111328125 0.2392578125 0.138671875 0.2275390625 0.13427734375 0.21875 0.12646484375 0.2158203125 0.11962890625 0.2177734375 0.115234375 0.228515625 0.11474609375 0.2392578125 0.11572265625 0.2470703125 0.1083984375 0.2421875 0.0185546875 0.205078125 0 0.19921875 0 0.646484375
28 0.26123046875 0.310546875 0.263671875 0.3193359375 0.26708984375 0.3232421875 0.271484375 0.3251953125 0.27490234375 0.3251953125 0.27978515625 0.3212890625 0.2822265625 0.31640625 0.2841796875 0.3095703125 0.28466796875 0.3017578125 0.28369140625 0.29296875 0.28125 0.28515625 0.2783203125 0.28125 0.275390625 0.2783203125 0.2724609375 0.2783203125 0.26904296875 0.27734375 0.26416015625 0.2841796875 0.26123046875 0.29296875 0.26025390625 0.3017578125 0.26123046875 0.310546875
28 0.263671875 0.32421875 0.263671875 0.3369140625 0.2822265625 0.3369140625 0.2822265625 0.3251953125 0.263671875 0.32421875
25 0 0.9990234375 0.99951171875 0.9990234375 0.99951171875 0.7099609375 0.98193359375 0.669921875 0.86767578125 0.6435546875 0.75927734375 0.6435546875 0.54931640625 0.5029296875 0.548828125 0.4814453125 0.548828125 0.47265625 0.54736328125 0.46875 0.54150390625 0.4677734375 0.50244140625 0.466796875 0.43798828125 0.4638671875 0.40869140625 0.4619140625 0.36474609375 0.4560546875 0.32080078125 0.451171875 0.29638671875 0.4501953125 0.23291015625 0.4501953125 0.2197265625 0.44921875 0.21630859375 0.466796875 0.2373046875 0.4921875 0.27001953125 0.5078125 0.16796875 0.611328125 0 0.73828125 0 0.9990234375
19 0.27392578125 0.2880859375 0.27197265625 0.2880859375 0.2724609375 0.4833984375 0.2763671875 0.4814453125 0.2744140625 0.4306640625 0.27392578125 0.2880859375
26 0.548828125 0.47265625 0.54833984375 0.46484375 0.50390625 0.4638671875 0.48291015625 0.4619140625 0.4462890625 0.4609375 0.39208984375 0.45703125 0.32861328125 0.43359375 0.28466796875 0.4443359375 0.2705078125 0.447265625 0.23046875 0.4443359375 0.21875 0.4453125 0.214586759375 0.4511410359375 0.2216796875 0.4501953125 0.22021484375 0.4560546875 0.3154296875 0.455078125 0.44775390625 0.4677734375 0.5009765625 0.46875 0.53662109375 0.4697265625 0.548828125 0.47265625
19 0.1806640625 0.47265625 0.1806640625 0.439453125 0.18017578125 0.373046875 0.17822265625 0.369140625 0.1748046875 0.3671875 0.171875 0.369140625 0.1708984375 0.4248046875 0.17041015625 0.455078125 0.171875 0.478515625 0.1806640625 0.47265625
17 0.26416015625 0.4130859375 0.2626953125 0.4248046875 0.26220703125 0.4296875 0.263671875 0.43359375 0.26708984375 0.43359375 0.2685546875 0.4306640625 0.27001953125 0.4306640625 0.26953125 0.4267578125 0.267578125 0.4248046875 0.2685546875 0.416015625 0.271484375 0.40625 0.2734375 0.4013671875 0.27587890625 0.400390625 0.279296875 0.3994140625 0.27978515625 0.408203125 0.28076171875 0.4189453125 0.28076171875 0.4287109375 0.28173828125 0.4365234375 0.2841796875 0.4404296875 0.28369140625 0.453125 0.28466796875 0.4677734375 0.28515625 0.4814453125 0.28564453125 0.4951171875 0.2861328125 0.5068359375 0.2900390625 0.5029296875 0.28955078125 0.4970703125 0.28955078125 0.4873046875 0.2900390625 0.4775390625 0.2919921875 0.474609375 0.2998046875 0.46875 0.3037109375 0.453125 0.302734375 0.439453125 0.3017578125 0.4267578125 0.3017578125 0.41796875 0.30322265625 0.4150390625 0.3037109375 0.408203125 0.3037109375 0.39453125 0.30322265625 0.3857421875 0.2998046875 0.3779296875 0.29541015625 0.373046875 0.29345703125 0.3701171875 0.294921875 0.3662109375 0.294921875 0.3603515625 0.2939453125 0.3544921875 0.29345703125 0.3505859375 0.29150390625 0.34765625 0.2880859375 0.3466796875 0.28515625 0.349609375 0.2841796875 0.35546875 0.2841796875 0.365234375 0.28466796875 0.3671875 0.28515625 0.37109375 0.2822265625 0.3740234375 0.279296875 0.3740234375 0.2763671875 0.3798828125 0.2724609375 0.390625 0.27001953125 0.3955078125 0.267578125 0.4013671875 0.26416015625 0.4130859375
26 0.5078125 0.486328125 0.50537109375 0.48828125 0.50390625 0.490234375 0.5068359375 0.49609375 0.53662109375 0.5234375 0.57568359375 0.560546875 0.6552734375 0.6318359375 0.68896484375 0.66015625 0.69580078125 0.6650390625 0.708984375 0.669921875 0.734375 0.6806640625 0.76513671875 0.6884765625 0.7861328125 0.6943359375 0.8173828125 0.701171875 0.84765625 0.70703125 0.8701171875 0.7099609375 0.908203125 0.62109375 0.87744140625 0.6064453125 0.85302734375 0.5732421875 0.81787109375 0.5791015625 0.74560546875 0.560546875 0.70947265625 0.552734375 0.68505859375 0.5478515625 0.65966796875 0.5380859375 0.6328125 0.5234375 0.591796875 0.5029296875 0.5654296875 0.4892578125 0.5595703125 0.486328125 0.5478515625 0.4814453125 0.5380859375 0.4833984375 0.52734375 0.4833984375 0.51513671875 0.486328125 0.5078125 0.486328125
26 0 0.822265625 0.0224609375 0.7998046875 0.06884765625 0.759765625 0.203125 0.615234375 0.2685546875 0.5087890625 0.2724609375 0.4892578125 0.228515625 0.4970703125 0.208984375 0.513671875 0.1962890625 0.5244140625 0.07373046875 0.607421875 0.0244140625 0.6318359375 0 0.64453125 0 0.822265625
19 0.2216796875 0.4248046875 0.21826171875 0.42578125 0.21826171875 0.458984375 0.2177734375 0.4716796875 0.2216796875 0.4599609375 0.2216796875 0.4248046875
1 0.27294921875 0.4443359375 0.27294921875 0.44921875 0.27392578125 0.4521484375 0.27294921875 0.4619140625 0.27197265625 0.4765625 0.27294921875 0.484375 0.27734375 0.4833984375 0.27880859375 0.4775390625 0.279296875 0.4677734375 0.2802734375 0.458984375 0.2802734375 0.4482421875 0.2802734375 0.44140625 0.28466796875 0.439453125 0.29541015625 0.4423828125 0.29638671875 0.4453125 0.29638671875 0.4560546875 0.2958984375 0.46484375 0.29345703125 0.4638671875 0.29296875 0.4697265625 0.29296875 0.4794921875 0.2939453125 0.4853515625 0.2978515625 0.4853515625 0.2998046875 0.478515625 0.2998046875 0.4677734375 0.298828125 0.4619140625 0.29833984375 0.453125 0.298828125 0.4443359375 0.30419921875 0.4423828125 0.31005859375 0.443359375 0.314453125 0.4443359375 0.32080078125 0.4453125 0.3232421875 0.4443359375 0.3232421875 0.4404296875 0.3134765625 0.439453125 0.3134765625 0.435546875 0.3115234375 0.431640625 0.30859375 0.431640625 0.30810546875 0.4384765625 0.2978515625 0.4375 0.28515625 0.435546875 0.28662109375 0.431640625 0.28369140625 0.431640625 0.279296875 0.431640625 0.27490234375 0.4306640625 0.2705078125 0.4296875 0.26904296875 0.427734375 0.2666015625 0.42578125 0.26904296875 0.4375 0.2744140625 0.4384765625 0.27490234375 0.4443359375 0.27294921875 0.4443359375
0 0.26904296875 0.427734375 0.2666015625 0.42578125 0.26904296875 0.4375 0.2744140625 0.4384765625 0.27490234375 0.4443359375 0.27294921875 0.4443359375 0.27294921875 0.44921875 0.27392578125 0.4521484375 0.27294921875 0.4619140625 0.27197265625 0.4765625 0.27294921875 0.484375 0.27734375 0.4833984375 0.27880859375 0.4775390625 0.279296875 0.4677734375 0.2802734375 0.458984375 0.2802734375 0.44140625 0.28466796875 0.439453125 0.28515625 0.439453125 0.28564453125 0.4384765625 0.28564453125 0.435546875 0.28515625 0.435546875 0.28564453125 0.4345703125 0.28564453125 0.431640625 0.2841796875 0.431640625 0.279296875 0.431640625 0.2705078125 0.4296875 0.26904296875 0.427734375
0 0.31005859375 0.4990234375 0.3115234375 0.5 0.31396484375 0.5 0.31689453125 0.4970703125 0.3193359375 0.4921875 0.31787109375 0.4794921875 0.31396484375 0.47265625 0.31103515625 0.4677734375 0.31005859375 0.4775390625 0.30908203125 0.48828125 0.30908203125 0.4931640625 0.31005859375 0.4990234375
17 0.30810546875 0.431640625 0.30908203125 0.44140625 0.30810546875 0.4443359375 0.30859375 0.4501953125 0.30810546875 0.46484375 0.31103515625 0.4716796875 0.314453125 0.4794921875 0.31640625 0.4873046875 0.32080078125 0.515625 0.32373046875 0.525390625 0.326171875 0.5234375 0.3271484375 0.515625 0.3271484375 0.48828125 0.32763671875 0.4697265625 0.32861328125 0.455078125 0.328125 0.439453125 0.32861328125 0.4267578125 0.32763671875 0.4150390625 0.32666015625 0.4072265625 0.32373046875 0.39453125 0.32373046875 0.3916015625 0.326171875 0.392578125 0.32861328125 0.3876953125 0.32958984375 0.3798828125 0.32958984375 0.373046875 0.328125 0.3671875 0.326171875 0.3642578125 0.32177734375 0.365234375 0.3173828125 0.3701171875 0.31494140625 0.376953125 0.31494140625 0.3837890625 0.3134765625 0.392578125 0.31005859375 0.400390625 0.30859375 0.4150390625 0.30712890625 0.42578125 0.30810546875 0.431640625
28 0.31884765625 0.5732421875 0.32275390625 0.5634765625 0.32470703125 0.552734375 0.3232421875 0.47265625 0.3232421875 0.4638671875 0.32275390625 0.4609375 0.3212890625 0.4599609375 0.3203125 0.4599609375 0.31884765625 0.4619140625 0.31689453125 0.4716796875 0.31640625 0.490234375 0.31689453125 0.556640625 0.31884765625 0.5732421875
28 0.09130859375 0.7734375 0.09130859375 0.75 0.1123046875 0.7470703125 0.1201171875 0.7490234375 0.12353515625 0.7734375 0.12451171875 0.8095703125 0.13232421875 0.806640625 0.1318359375 0.7841796875 0.12890625 0.751953125 0.123046875 0.7294921875 0.09033203125 0.7236328125 0.0791015625 0.7490234375 0.0859375 0.7822265625 0.0849609375 0.8095703125 0.08544921875 0.822265625 0.09423828125 0.8193359375 0.09130859375 0.7734375
1 0.06591796875 0.7490234375 0.0732421875 0.771484375 0.07958984375 0.7822265625 0.08251953125 0.7841796875 0.07958984375 0.79296875 0.07958984375 0.7978515625 0.08251953125 0.806640625 0.08837890625 0.814453125 0.0927734375 0.81640625 0.09326171875 0.810546875 0.0908203125 0.8056640625 0.08837890625 0.80078125 0.08740234375 0.794921875 0.08935546875 0.7861328125 0.0908203125 0.775390625 0.0927734375 0.7890625 0.09619140625 0.7900390625 0.09912109375 0.7900390625 0.095703125 0.833984375 0.099609375 0.83203125 0.10205078125 0.7890625 0.11181640625 0.78515625 0.1181640625 0.7822265625 0.12255859375 0.7763671875 0.1259765625 0.7802734375 0.13134765625 0.787109375 0.13525390625 0.791015625 0.140625 0.7958984375 0.14990234375 0.80078125 0.158203125 0.80078125 0.1640625 0.7998046875 0.1826171875 0.791015625 0.1943359375 0.7783203125 0.2021484375 0.76953125 0.20751953125 0.7578125 0.21435546875 0.7412109375 0.2197265625 0.7236328125 0.2216796875 0.7109375 0.2236328125 0.7001953125 0.2275390625 0.7109375 0.234375 0.72265625 0.24755859375 0.734375 0.25830078125 0.7373046875 0.26806640625 0.734375 0.27734375 0.7294921875 0.28515625 0.72265625 0.2939453125 0.708984375 0.30029296875 0.697265625 0.3046875 0.6826171875 0.30810546875 0.666015625 0.31103515625 0.6630859375 0.31689453125 0.6533203125 0.3212890625 0.64453125 0.32373046875 0.6318359375 0.32763671875 0.6142578125 0.32861328125 0.5986328125 0.328125 0.583984375 0.3251953125 0.56640625 0.3232421875 0.5576171875 0.32275390625 0.5517578125 0.31640625 0.5361328125 0.3115234375 0.5302734375 0.31005859375 0.52734375 0.31005859375 0.5224609375 0.31005859375 0.5107421875 0.30908203125 0.4990234375 0.30615234375 0.4892578125 0.3056640625 0.48046875 0.3056640625 0.4736328125 0.3037109375 0.4677734375 0.302734375 0.4697265625 0.30224609375 0.474609375 0.29833984375 0.474609375 0.2919921875 0.4765625 0.29052734375 0.4736328125 0.2890625 0.4697265625 0.287109375 0.4697265625 0.2861328125 0.4755859375 0.28564453125 0.4833984375 0.28369140625 0.4794921875 0.27734375 0.478515625 0.26513671875 0.4794921875 0.263671875 0.474609375 0.26220703125 0.4697265625 0.25634765625 0.4716796875 0.25146484375 0.4716796875 0.24951171875 0.46875 0.25146484375 0.46484375 0.25830078125 0.4541015625 0.25830078125 0.4501953125 0.255859375 0.4521484375 0.248046875 0.458984375 0.2431640625 0.4423828125 0.24169921875 0.443359375 0.24365234375 0.46484375 0.2431640625 0.4677734375 0.240234375 0.4599609375 0.23779296875 0.4560546875 0.23291015625 0.46484375 0.2275390625 0.462890625 0.22412109375 0.4619140625 0.220703125 0.458984375 0.212890625 0.4482421875 0.2001953125 0.4404296875 0.19140625 0.435546875 0.17626953125 0.439453125 0.16064453125 0.4326171875 0.15576171875 0.4326171875 0.1533203125 0.45703125 0.142578125 0.46484375 0.13916015625 0.4609375 0.13330078125 0.4677734375 0.125 0.4599609375 0.123046875 0.4619140625 0.12255859375 0.46875 0.1123046875 0.4697265625 0.1123046875 0.4736328125 0.125 0.478515625 0.1240234375 0.4853515625 0.1171875 0.48828125 0.11474609375 0.49609375 0.07861328125 0.48828125 0.078125 0.501953125 0.07958984375 0.6064453125 0.07470703125 0.6279296875 0.06982421875 0.638671875 0.06884765625 0.6533203125 0.064453125 0.6875 0.06396484375 0.71484375 0.06396484375 0.7294921875 0.06591796875 0.7490234375
28 0 0.7578125 0.00341796875 0.8740234375 0.01513671875 0.876953125 0.0048828125 0.615234375 0.00537109375 0.59375 0.0068359375 0.5810546875 0.01171875 0.572265625 0.017578125 0.56640625 0.02392578125 0.5625 0.02978515625 0.5634765625 0.03369140625 0.56640625 0.0380859375 0.57421875 0.04150390625 0.5849609375 0.04296875 0.5986328125 0.0517578125 0.8232421875 0.0537109375 0.876953125 0.06298828125 0.8740234375 0.06396484375 0.869140625 0.05859375 0.7265625 0.0546875 0.64453125 0.05419921875 0.603515625 0.05224609375 0.58984375 0.0478515625 0.5712890625 0.04345703125 0.5595703125 0.037109375 0.55078125 0.03173828125 0.548828125 0.0205078125 0.5478515625 0.01123046875 0.552734375 0.00390625 0.5625 0.0009765625 0.5712890625 0 0.578125 0 0.7578125
0 0 0.9931640625 0.00634765625 0.9755859375 0.0205078125 0.9443359375 0.0244140625 0.9287109375 0.02783203125 0.91015625 0.0302734375 0.8896484375 0.03173828125 0.8671875 0.0283203125 0.8232421875 0.0244140625 0.8046875 0.01806640625 0.787109375 0.013671875 0.7783203125 0.0068359375 0.7685546875 0 0.7587890625 0 0.7626953125 0 0.9931640625
1 0.32861328125 0.48046875 0.32861328125 0.4970703125 0.330078125 0.5205078125 0.33154296875 0.5341796875 0.33251953125 0.5458984375 0.33203125 0.5595703125 0.33154296875 0.572265625 0.3330078125 0.57421875 0.3349609375 0.572265625 0.33544921875 0.5693359375 0.3369140625 0.5634765625 0.33740234375 0.5595703125 0.33837890625 0.5634765625 0.341796875 0.564453125 0.34375 0.5634765625 0.34521484375 0.560546875 0.3466796875 0.560546875 0.35107421875 0.5615234375 0.3515625 0.5576171875 0.3505859375 0.5556640625 0.34912109375 0.552734375 0.3486328125 0.548828125 0.34619140625 0.5478515625 0.34521484375 0.54296875 0.345703125 0.533203125 0.3466796875 0.53515625 0.3486328125 0.53515625 0.35009765625 0.5390625 0.35205078125 0.541015625 0.35498046875 0.5400390625 0.3564453125 0.537109375 0.35791015625 0.53125 0.361328125 0.5361328125 0.361328125 0.5341796875 0.35791015625 0.52734375 0.3583984375 0.521484375 0.359375 0.5166015625 0.35986328125 0.513671875 0.3623046875 0.5146484375 0.36474609375 0.5166015625 0.36962890625 0.51953125 0.3740234375 0.51953125 0.37890625 0.515625 0.38134765625 0.509765625 0.38330078125 0.5029296875 0.38623046875 0.50390625 0.39013671875 0.5029296875 0.3935546875 0.4990234375 0.39697265625 0.4912109375 0.39794921875 0.486328125 0.39794921875 0.4775390625 0.3974609375 0.4697265625 0.3935546875 0.4609375 0.392578125 0.4599609375 0.39501953125 0.4541015625 0.39501953125 0.4501953125 0.39111328125 0.44921875 0.39111328125 0.439453125 0.38818359375 0.4365234375 0.3828125 0.4326171875 0.37451171875 0.431640625 0.375 0.4287109375 0.37451171875 0.4267578125 0.373046875 0.4248046875 0.3701171875 0.4248046875 0.369140625 0.4248046875 0.36865234375 0.42578125 0.3642578125 0.4267578125 0.3642578125 0.4296875 0.36279296875 0.4306640625 0.35986328125 0.4296875 0.359375 0.4267578125 0.3564453125 0.427734375 0.35302734375 0.4296875 0.330078125 0.427734375 0.32958984375 0.4296875 0.326171875 0.4306640625 0.3251953125 0.4375 0.32568359375 0.4443359375 0.32666015625 0.4638671875 0.32861328125 0.48046875
17 0.61376953125 0.462890625 0.61572265625 0.4765625 0.615234375 0.5009765625 0.61474609375 0.513671875 0.61474609375 0.51953125 0.61572265625 0.521484375 0.61767578125 0.5205078125 0.61865234375 0.51953125 0.6181640625 0.515625 0.6181640625 0.5078125 0.61865234375 0.5 0.619140625 0.4951171875 0.619140625 0.4990234375 0.61962890625 0.4990234375 0.61962890625 0.5068359375 0.6201171875 0.5126953125 0.61962890625 0.515625 0.61962890625 0.5205078125 0.62060546875 0.521484375 0.62255859375 0.5205078125 0.623046875 0.5146484375 0.62353515625 0.5078125 0.6240234375 0.4970703125 0.625 0.486328125 0.62646484375 0.47265625 0.62841796875 0.4482421875 0.6171875 0.4404296875 0.61376953125 0.4482421875 0.6123046875 0.4541015625 0.61181640625 0.4599609375 0.61376953125 0.462890625
17 0.59033203125 0.4296875 0.59130859375 0.4306640625 0.59130859375 0.4365234375 0.59130859375 0.44140625 0.5908203125 0.4482421875 0.59130859375 0.4560546875 0.59375 0.46875 0.59423828125 0.4755859375 0.59423828125 0.4853515625 0.59423828125 0.4931640625 0.595703125 0.501953125 0.59619140625 0.509765625 0.5947265625 0.5146484375 0.59375 0.5166015625 0.59375 0.51953125 0.5966796875 0.51953125 0.60009765625 0.5185546875 0.603515625 0.5166015625 0.6044921875 0.513671875 0.603515625 0.5068359375 0.60498046875 0.4951171875 0.60498046875 0.4853515625 0.6044921875 0.4794921875 0.6044921875 0.4736328125 0.60546875 0.46875 0.6064453125 0.4658203125 0.60791015625 0.4521484375 0.60791015625 0.447265625 0.6083984375 0.4384765625 0.60693359375 0.42578125 0.60595703125 0.4169921875 0.60595703125 0.4072265625 0.60546875 0.400390625 0.6044921875 0.39453125 0.60205078125 0.392578125 0.599609375 0.3916015625 0.5986328125 0.388671875 0.59912109375 0.3837890625 0.599609375 0.3798828125 0.59912109375 0.3740234375 0.5966796875 0.37109375 0.59375 0.37109375 0.591796875 0.373046875 0.59130859375 0.376953125 0.5908203125 0.380859375 0.59130859375 0.384765625 0.591796875 0.3916015625 0.59130859375 0.3935546875 0.58984375 0.3955078125 0.58837890625 0.3994140625 0.58740234375 0.404296875 0.5859375 0.4130859375 0.58837890625 0.4267578125 0.59033203125 0.4296875
17 0.57568359375 0.4921875 0.5771484375 0.4951171875 0.57861328125 0.49609375 0.580078125 0.498046875 0.57861328125 0.5107421875 0.578125 0.5126953125 0.57763671875 0.5185546875 0.578125 0.521484375 0.57958984375 0.521484375 0.58154296875 0.5205078125 0.58349609375 0.521484375 0.5859375 0.521484375 0.587890625 0.51953125 0.5859375 0.513671875 0.58544921875 0.5048828125 0.58544921875 0.4970703125 0.58984375 0.4970703125 0.5908203125 0.4921875 0.59033203125 0.4814453125 0.59033203125 0.4658203125 0.58935546875 0.455078125 0.58837890625 0.4482421875 0.587890625 0.44140625 0.58935546875 0.4453125 0.59130859375 0.44921875 0.59326171875 0.4482421875 0.59423828125 0.4453125 0.59423828125 0.4384765625 0.591796875 0.439453125 0.59130859375 0.439453125 0.5908203125 0.4384765625 0.5888671875 0.431640625 0.58935546875 0.427734375 0.58837890625 0.423828125 0.58837890625 0.416015625 0.587890625 0.412109375 0.58544921875 0.4091796875 0.5830078125 0.4091796875 0.5810546875 0.41015625 0.578125 0.416015625 0.57373046875 0.44921875 0.5732421875 0.484375 0.57568359375 0.4921875
17 0.54736328125 0.4306640625 0.546875 0.4443359375 0.54833984375 0.4482421875 0.55126953125 0.4482421875 0.5517578125 0.443359375 0.5517578125 0.439453125 0.5537109375 0.4326171875 0.5546875 0.4296875 0.55517578125 0.43359375 0.55517578125 0.4482421875 0.5556640625 0.453125 0.55810546875 0.4599609375 0.5595703125 0.4619140625 0.56005859375 0.4697265625 0.56103515625 0.4814453125 0.5634765625 0.4921875 0.56396484375 0.49609375 0.56494140625 0.5 0.56494140625 0.5126953125 0.56396484375 0.5166015625 0.56201171875 0.521484375 0.56201171875 0.525390625 0.56298828125 0.5302734375 0.564453125 0.5302734375 0.564453125 0.533203125 0.56591796875 0.533203125 0.56982421875 0.5341796875 0.572265625 0.5322265625 0.57275390625 0.5263671875 0.57177734375 0.5205078125 0.5703125 0.4970703125 0.5712890625 0.4951171875 0.57373046875 0.4931640625 0.57568359375 0.4892578125 0.5751953125 0.4833984375 0.57568359375 0.4765625 0.576171875 0.4736328125 0.57666015625 0.466796875 0.576171875 0.4638671875 0.57666015625 0.45703125 0.578125 0.453125 0.57958984375 0.455078125 0.5810546875 0.458984375 0.5791015625 0.486328125 0.5791015625 0.5 0.5791015625 0.509765625 0.57958984375 0.5126953125 0.58251953125 0.515625 0.5849609375 0.5146484375 0.58740234375 0.5126953125 0.5869140625 0.5048828125 0.5859375 0.4853515625 0.5849609375 0.4658203125 0.5849609375 0.4599609375 0.583984375 0.4541015625 0.5830078125 0.451171875 0.58349609375 0.4453125 0.5830078125 0.435546875 0.58203125 0.421875 0.5810546875 0.408203125 0.57763671875 0.3935546875 0.57373046875 0.388671875 0.57177734375 0.3876953125 0.5693359375 0.3798828125 0.56982421875 0.3759765625 0.56982421875 0.369140625 0.56884765625 0.365234375 0.56640625 0.3623046875 0.564453125 0.3623046875 0.56103515625 0.3671875 0.56005859375 0.37109375 0.56005859375 0.37890625 0.56103515625 0.380859375 0.56005859375 0.3837890625 0.55810546875 0.3876953125 0.55517578125 0.3935546875 0.55224609375 0.4052734375 0.548828125 0.419921875 0.54736328125 0.4306640625
17 0.6064453125 0.44140625 0.6083984375 0.443359375 0.609375 0.447265625 0.61181640625 0.447265625 0.61376953125 0.4482421875 0.6142578125 0.4501953125 0.6142578125 0.4599609375 0.61376953125 0.4716796875 0.61328125 0.4814453125 0.6123046875 0.48828125 0.61181640625 0.5 0.611328125 0.5078125 0.611328125 0.5107421875 0.60986328125 0.5146484375 0.6083984375 0.5205078125 0.609375 0.5244140625 0.61181640625 0.5244140625 0.61279296875 0.5224609375 0.61376953125 0.5185546875 0.615234375 0.5126953125 0.61572265625 0.5087890625 0.61767578125 0.5009765625 0.619140625 0.4873046875 0.61962890625 0.4765625 0.62060546875 0.46484375 0.62158203125 0.458984375 0.62353515625 0.462890625 0.62451171875 0.46875 0.625 0.48046875 0.62548828125 0.490234375 0.62548828125 0.5068359375 0.6259765625 0.5107421875 0.62451171875 0.515625 0.62451171875 0.5234375 0.62646484375 0.525390625 0.62890625 0.5244140625 0.6298828125 0.5205078125 0.63037109375 0.513671875 0.630859375 0.5078125 0.630859375 0.4970703125 0.63037109375 0.4697265625 0.630859375 0.4609375 0.63134765625 0.451171875 0.6318359375 0.4404296875 0.6318359375 0.43359375 0.6328125 0.42578125 0.63330078125 0.4150390625 0.6328125 0.4013671875 0.63232421875 0.396484375 0.6298828125 0.392578125 0.62890625 0.390625 0.62841796875 0.384765625 0.62744140625 0.3798828125 0.62744140625 0.373046875 0.62744140625 0.3662109375 0.62548828125 0.3603515625 0.623046875 0.359375 0.6201171875 0.361328125 0.61865234375 0.3681640625 0.61865234375 0.376953125 0.6201171875 0.3798828125 0.62109375 0.3857421875 0.619140625 0.3876953125 0.61572265625 0.388671875 0.6123046875 0.3935546875 0.6083984375 0.4130859375 0.607421875 0.4248046875 0.6064453125 0.4384765625 0.6064453125 0.44140625
19 0.79248046875 0.15625 0.77734375 0.6357421875 0.7822265625 0.6376953125 0.79931640625 0.1494140625 0.79248046875 0.15625
31 0.76220703125 0.09375 0.76513671875 0.115234375 0.76953125 0.1318359375 0.77783203125 0.146484375 0.78466796875 0.1533203125 0.79931640625 0.158203125 0.81005859375 0.154296875 0.8212890625 0.1435546875 0.82568359375 0.134765625 0.83154296875 0.119140625 0.833984375 0.1083984375 0.83544921875 0.0927734375 0.8369140625 0.07421875 0.83544921875 0.0625 0.8330078125 0.046875 0.828125 0.0341796875 0.82275390625 0.0224609375 0.81640625 0.013671875 0.8076171875 0.01171875 0.787109375 0.0146484375 0.77978515625 0.0224609375 0.77294921875 0.0361328125 0.76806640625 0.046875 0.76318359375 0.068359375 0.76220703125 0.09375
19 0.5419921875 0.3095703125 0.54296875 0.4814453125 0.544921875 0.4814453125 0.544921875 0.3095703125 0.5419921875 0.3095703125
19 0.525390625 0.4326171875 0.52294921875 0.43359375 0.5224609375 0.4931640625 0.5234375 0.4951171875 0.525390625 0.4931640625 0.525390625 0.4326171875
19 0.21533203125 0.2861328125 0.2138671875 0.2861328125 0.21435546875 0.34765625 0.21484375 0.451171875 0.21630859375 0.451171875 0.21533203125 0.2861328125
31 0.21240234375 0.2763671875 0.21240234375 0.302734375 0.2197265625 0.3056640625 0.2197265625 0.2802734375 0.21240234375 0.2763671875
31 0.2138671875 0.33203125 0.21533203125 0.3359375 0.216796875 0.33984375 0.21875 0.337890625 0.2197265625 0.333984375 0.2197265625 0.326171875 0.21923828125 0.31640625 0.21875 0.3115234375 0.216796875 0.30859375 0.21484375 0.3095703125 0.21484375 0.3203125 0.21435546875 0.3232421875 0.2138671875 0.33203125
31 0.21435546875 0.33984375 0.21435546875 0.345703125 0.21923828125 0.345703125 0.21923828125 0.33984375 0.21435546875 0.33984375
28 0.54052734375 0.3076171875 0.54052734375 0.3359375 0.5439453125 0.3359375 0.5439453125 0.30859375 0.54052734375 0.3076171875
28 0.84521484375 0.595703125 0.8515625 0.6708984375 0.8564453125 0.669921875 0.85205078125 0.609375 0.87890625 0.6044921875 0.91259765625 0.5068359375 0.9091796875 0.4814453125 0.9091796875 0.4755859375 0.90087890625 0.400390625 0.83203125 0.4052734375 0.828125 0.4091796875 0.8154296875 0.65234375 0.81884765625 0.65234375 0.822265625 0.5966796875 0.84521484375 0.595703125
28 0.115234375 0.5732421875 0.115234375 0.5615234375 0.1142578125 0.5556640625 0.11328125 0.546875 0.10546875 0.54296875 0.1005859375 0.5361328125 0.0966796875 0.5341796875 0.08984375 0.53515625 0.0830078125 0.5400390625 0.0771484375 0.548828125 0.07470703125 0.55859375 0.072265625 0.5751953125 0.0732421875 0.6044921875 0.07177734375 0.619140625 0.0751953125 0.6240234375 0.07763671875 0.673828125 0.08203125 0.677734375 0.0859375 0.673828125 0.0830078125 0.607421875 0.08154296875 0.5830078125 0.08203125 0.56640625 0.0859375 0.5556640625 0.09326171875 0.5478515625 0.099609375 0.548828125 0.10302734375 0.5498046875 0.109375 0.5595703125 0.111328125 0.572265625 0.11181640625 0.58984375 0.11328125 0.599609375 0.115234375 0.5966796875 0.115234375 0.5732421875
5 0.912109375 0.490234375 0.91064453125 0.4814453125 0.9091796875 0.4775390625 0.8994140625 0.4736328125 0.890625 0.47265625 0.88232421875 0.4814453125 0.88037109375 0.5 0.88232421875 0.5107421875 0.8857421875 0.5126953125 0.8974609375 0.5146484375 0.8974609375 0.5205078125 0.88525390625 0.5322265625 0.87158203125 0.5458984375 0.86572265625 0.5595703125 0.8623046875 0.578125 0.861328125 0.5986328125 0.85888671875 0.62109375 0.85791015625 0.65234375 0.8583984375 0.67578125 0.85791015625 0.6865234375 0.85791015625 0.724609375 0.86083984375 0.7578125 0.8681640625 0.796875 0.87353515625 0.80859375 0.880859375 0.8125 0.8876953125 0.8134765625 0.900390625 0.8134765625 0.9091796875 0.8095703125 0.91455078125 0.79296875 0.916015625 0.7744140625 0.99951171875 0.8525390625 0.99951171875 0.353515625 0.96826171875 0.388671875 0.94580078125 0.4267578125 0.9248046875 0.462890625 0.912109375 0.490234375
0 0 0.693359375 0.00830078125 0.6875 0.01318359375 0.6650390625 0.0166015625 0.6494140625 0.0185546875 0.6376953125 0.0205078125 0.626953125 0.0234375 0.6181640625 0.02880859375 0.6240234375 0.03662109375 0.642578125 0.04541015625 0.6640625 0.0498046875 0.677734375 0.06396484375 0.7001953125 0.06396484375 0.701171875 0.064453125 0.701171875 0.0751953125 0.7177734375 0.0849609375 0.7333984375 0.08935546875 0.7412109375 0.08203125 0.783203125 0.08154296875 0.783203125 0.08251953125 0.7841796875 0.07958984375 0.79296875 0.07958984375 0.7978515625 0.08251953125 0.806640625 0.08837890625 0.814453125 0.0927734375 0.81640625 0.09326171875 0.810546875 0.08837890625 0.80078125 0.08740234375 0.794921875 0.08837890625 0.7900390625 0.087890625 0.7880859375 0.08984375 0.783203125 0.0908203125 0.775390625 0.09130859375 0.7783203125 0.0927734375 0.7724609375 0.09619140625 0.75 0.09716796875 0.7421875 0.1005859375 0.7392578125 0.103515625 0.7392578125 0.1025390625 0.748046875 0.103515625 0.751953125 0.1015625 0.7607421875 0.10009765625 0.7705078125 0.099609375 0.7900390625 0.0966796875 0.8193359375 0.095703125 0.8330078125 0.0966796875 0.8330078125 0.099609375 0.83203125 0.10205078125 0.7890625 0.1025390625 0.7890625 0.1025390625 0.787109375 0.1025390625 0.7705078125 0.10498046875 0.7626953125 0.10888671875 0.7529296875 0.10791015625 0.7431640625 0.10693359375 0.736328125 0.11181640625 0.7353515625 0.11181640625 0.74609375 0.1142578125 0.75390625 0.11865234375 0.763671875 0.123046875 0.7744140625 0.12451171875 0.7783203125 0.1259765625 0.7802734375 0.13134765625 0.787109375 0.13525390625 0.791015625 0.140625 0.7958984375 0.14990234375 0.80078125 0.158203125 0.80078125 0.1640625 0.7998046875 0.1826171875 0.791015625 0.1943359375 0.7783203125 0.2021484375 0.76953125 0.20751953125 0.7578125 0.21435546875 0.7412109375 0.2197265625 0.7236328125 0.2216796875 0.7109375 0.2236328125 0.7001953125 0.22412109375 0.7021484375 0.22412109375 0.6904296875 0.224609375 0.6806640625 0.224609375 0.6640625 0.22607421875 0.65625 0.22509765625 0.64453125 0.220703125 0.6259765625 0.21630859375 0.6171875 0.2119140625 0.6064453125 0.2080078125 0.6025390625 0.2080078125 0.5830078125 0.20849609375 0.5791015625 0.2158203125 0.576171875 0.216796875 0.5732421875 0.216796875 0.5703125 0.21435546875 0.564453125 0.2119140625 0.5615234375 0.2080078125 0.5625 0.20361328125 0.56640625 0.201171875 0.56640625 0.1953125 0.564453125 0.1708984375 0.5625 0.1552734375 0.5615234375 0.15576171875 0.5673828125 0.15869140625 0.5751953125 0.16796875 0.576171875 0.16845703125 0.58203125 0.1669921875 0.58203125 0.162109375 0.583984375 0.150390625 0.591796875 0.1435546875 0.59765625 0.13671875 0.6044921875 0.12890625 0.6162109375 0.12646484375 0.6171875 0.1259765625 0.6162109375 0.12060546875 0.611328125 0.11767578125 0.6044921875 0.12158203125 0.5703125 0.12353515625 0.56640625 0.134765625 0.5693359375 0.14013671875 0.5693359375 0.14306640625 0.5615234375 0.14453125 0.544921875 0.1435546875 0.5361328125 0.13671875 0.5283203125 0.1328125 0.5263671875 0.12744140625 0.52734375 0.12255859375 0.533203125 0.109375 0.5322265625 0.103515625 0.5322265625 0.1005859375 0.5380859375 0.1005859375 0.5458984375 0.10595703125 0.55078125 0.11181640625 0.5556640625 0.1181640625 0.5615234375 0.11669921875 0.5712890625 0.11376953125 0.5810546875 0.11181640625 0.59765625 0.10302734375 0.6396484375 0.099609375 0.666015625 0.09765625 0.669921875 0.08837890625 0.673828125 0.076171875 0.6708984375 0.06640625 0.6640625 0.06103515625 0.658203125 0.05322265625 0.64453125 0.02978515625 0.5830078125 0.03955078125 0.5751953125 0.04638671875 0.564453125 0.0546875 0.5322265625 0.0654296875 0.5087890625 0.07275390625 0.5107421875 0.087890625 0.5107421875 0.08935546875 0.5048828125 0.08447265625 0.501953125 0.08154296875 0.501953125 0.080078125 0.5048828125 0.078125 0.501953125 0.07373046875 0.4990234375 0.064453125 0.498046875 0.06103515625 0.48828125 0.0439453125 0.4765625 0.01513671875 0.458984375 0 0.4443359375 0 0.693359375
9 0.91845703125 0.9208984375 0.79150390625 0.900390625 0.6669921875 0.8837890625 0.59619140625 0.8759765625 0.59619140625 0.87109375 0.60498046875 0.8671875 0.615234375 0.8466796875 0.61767578125 0.818359375 0.611328125 0.7900390625 0.59716796875 0.77734375 0.58349609375 0.779296875 0.572265625 0.7919921875 0.568359375 0.8037109375 0.5654296875 0.818359375 0.564453125 0.8359375 0.56689453125 0.8525390625 0.57568359375 0.87109375 0.58740234375 0.875 0.58740234375 0.87890625 0.51904296875 0.88671875 0.4013671875 0.90234375 0.27197265625 0.9267578125 0.1884765625 0.947265625 0.01220703125 0.9912109375 0.01171875 0.9990234375 0.99951171875 0.9990234375 0.99951171875 0.935546875 0.91845703125 0.9208984375
22 0.203125 0 0.99951171875 0.02734375 0.99951171875 0 0.203125 0
22 0.99951171875 0.4970703125 0.99462890625 0.9990234375 0.99951171875 0.9990234375 0.99951171875 0.4970703125
22 0 0 0 0.462890625 0.00830078125 0 0 0
22 0 0.9990234375 0.94580078125 0.9990234375 0.5302734375 0.9599609375 0 0.9541015625 0 0.9990234375