26 0.42626953125 0.3642578125 0.42724609375 0.369140625 0.4931640625 0.373046875 0.63427734375 0.376953125 0.634765625 0.373046875 0.42626953125 0.3642578125
3 0 0 0 0.9990234375 0.99951171875 0.9990234375 0.99951171875 0 0 0
38 0.634765625 0.287109375 0.42919921875 0.283203125 0.4296875 0.365234375 0.4296875 0.388671875 0.59375 0.41015625 0.63427734375 0.3876953125 0.634765625 0.287109375
25 0 0.9990234375 0.99951171875 0.9990234375 0.99951171875 0.7353515625 0.9482421875 0.677734375 0.69140625 0.46484375 0.64404296875 0.4375 0.61767578125 0.40234375 0.634765625 0.384765625 0.634765625 0.376953125 0.59130859375 0.3740234375 0.49462890625 0.3681640625 0.43212890625 0.3642578125 0.4296875 0.3642578125 0.4306640625 0.380859375 0.43994140625 0.384765625 0 0.8134765625 0 0.9990234375
26 0.4296875 0.365234375 0.4296875 0.369140625 0.4931640625 0.373046875 0.63427734375 0.376953125 0.634765625 0.373046875 0.4296875 0.365234375
0 0.55224609375 0.373046875 0.564453125 0.376953125 0.5654296875 0.3681640625 0.55712890625 0.3544921875 0.5537109375 0.34765625 0.55029296875 0.3349609375 0.5478515625 0.333984375 0.5458984375 0.337890625 0.5458984375 0.34375 0.54833984375 0.3447265625 0.5478515625 0.3505859375 0.54345703125 0.35546875 0.5400390625 0.3642578125 0.541015625 0.37109375 0.54296875 0.37890625 0.54645525 0.38017406875000004 0.55224609375 0.373046875
26 0 0.9990234375 0.0009765625 0.998046875 0.26025390625 0.6953125 0.35107421875 0.56640625 0.4501953125 0.4365234375 0.4638671875 0.41796875 0.470703125 0.40625 0.47509765625 0.392578125 0.4794921875 0.3779296875 0.478515625 0.3740234375 0.4736328125 0.3740234375 0.44873046875 0.373046875 0.43017578125 0.373046875 0.4296875 0.3759765625 0.4296875 0.3857421875 0.42236328125 0.392578125 0.4169921875 0.3974609375 0.408203125 0.4033203125 0.326171875 0.453125 0.29248046875 0.46875 0.0205078125 0.6201171875 0 0.6318359375 0 0.9990234375
26 0.6005859375 0.3798828125 0.5927734375 0.3798828125 0.58544921875 0.3798828125 0.58203125 0.3798828125 0.5810546875 0.3828125 0.58203125 0.3896484375 0.5849609375 0.3935546875 0.58935546875 0.3994140625 0.60302734375 0.4169921875 0.640625 0.4658203125 0.736328125 0.5703125 0.86865234375 0.708984375 0.99951171875 0.8427734375 0.99951171875 0.642578125 0.89208984375 0.580078125 0.72705078125 0.4716796875 0.7119140625 0.462890625 0.69482421875 0.4443359375 0.67724609375 0.423828125 0.65087890625 0.4072265625 0.634765625 0.392578125 0.634765625 0.380859375 0.625 0.380859375 0.61474609375 0.380859375 0.6064453125 0.380859375 0.6005859375 0.3798828125
17 0.55517578125 0.3330078125 0.55712890625 0.330078125 0.55859375 0.3330078125 0.56005859375 0.33984375 0.55908203125 0.34375 0.55712890625 0.349609375 0.5576171875 0.3701171875 0.5634765625 0.373046875 0.56640625 0.3466796875 0.5634765625 0.33203125 0.56103515625 0.3125 0.5595703125 0.310546875 0.5576171875 0.3125 0.55712890625 0.3173828125 0.55810546875 0.3232421875 0.55810546875 0.3251953125 0.55517578125 0.3203125 0.5537109375 0.3212890625 0.5537109375 0.33203125 0.55517578125 0.3330078125
17 0.54638671875 0.3408203125 0.546875 0.34375 0.54833984375 0.3447265625 0.548828125 0.345703125 0.548828125 0.3486328125 0.548828125 0.3603515625 0.548828125 0.361328125 0.5498046875 0.3623046875 0.5517578125 0.3662109375 0.5517578125 0.37109375 0.55126953125 0.3740234375 0.54833984375 0.376953125 0.548828125 0.37890625 0.55224609375 0.37890625 0.552734375 0.37890625 0.5537109375 0.3720703125 0.55419921875 0.3701171875 0.5556640625 0.37109375 0.55615234375 0.373046875 0.5576171875 0.3720703125 0.55859375 0.369140625 0.55810546875 0.3671875 0.55615234375 0.3662109375 0.55419921875 0.3623046875 0.5537109375 0.3603515625 0.5537109375 0.35546875 0.5546875 0.345703125 0.55517578125 0.3349609375 0.55517578125 0.322265625 0.55419921875 0.3193359375 0.5537109375 0.314453125 0.55322265625 0.310546875 0.5517578125 0.30859375 0.5498046875 0.3095703125 0.54931640625 0.3134765625 0.5498046875 0.3173828125 0.55126953125 0.3212890625 0.54931640625 0.33203125 0.548828125 0.333984375 0.546875 0.3359375 0.54638671875 0.3408203125
17 0.5703125 0.3505859375 0.5703125 0.3564453125 0.56982421875 0.365234375 0.572265625 0.3671875 0.57373046875 0.3681640625 0.57568359375 0.37109375 0.5771484375 0.373046875 0.57763671875 0.3759765625 0.578125 0.3818359375 0.5791015625 0.3818359375 0.580078125 0.376953125 0.5810546875 0.37109375 0.5791015625 0.369140625 0.576171875 0.365234375 0.57373046875 0.359375 0.57373046875 0.3544921875 0.57470703125 0.3505859375 0.57568359375 0.345703125 0.5771484375 0.3408203125 0.57763671875 0.3330078125 0.578125 0.3251953125 0.57763671875 0.3193359375 0.57666015625 0.314453125 0.57568359375 0.310546875 0.57470703125 0.306640625 0.57275390625 0.3056640625 0.57080078125 0.306640625 0.56982421875 0.3095703125 0.56982421875 0.3134765625 0.57080078125 0.31640625 0.5712890625 0.318359375 0.5673828125 0.3291015625 0.5673828125 0.34375 0.5693359375 0.349609375 0.5703125 0.3505859375
17 0.56201171875 0.3232421875 0.5615234375 0.3310546875 0.560546875 0.33203125 0.56103515625 0.3359375 0.56103515625 0.3408203125 0.56103515625 0.34375 0.5615234375 0.349609375 0.560546875 0.35546875 0.560546875 0.3662109375 0.560546875 0.37890625 0.5576171875 0.3798828125 0.55615234375 0.384765625 0.56103515625 0.3828125 0.56396484375 0.37890625 0.564453125 0.376953125 0.56396484375 0.3720703125 0.5654296875 0.359375 0.56884765625 0.37109375 0.57080078125 0.3740234375 0.5712890625 0.380859375 0.57177734375 0.3828125 0.57275390625 0.3857421875 0.5751953125 0.3837890625 0.5751953125 0.3779296875 0.57275390625 0.3701171875 0.57080078125 0.3642578125 0.5693359375 0.3544921875 0.5693359375 0.349609375 0.57080078125 0.3486328125 0.5703125 0.33984375 0.56982421875 0.330078125 0.56884765625 0.3232421875 0.56689453125 0.3173828125 0.56640625 0.310546875 0.564453125 0.30859375 0.5615234375 0.3095703125 0.56103515625 0.314453125 0.5634765625 0.3193359375 0.56201171875 0.3232421875
28 0.59765625 0.39453125 0.60009765625 0.39453125 0.6015625 0.39453125 0.6015625 0.3974609375 0.60498046875 0.3974609375 0.60986328125 0.3974609375 0.61279296875 0.3974609375 0.61181640625 0.37890625 0.607421875 0.3759765625 0.60693359375 0.373046875 0.6044921875 0.3720703125 0.603515625 0.369140625 0.60009765625 0.3681640625 0.595703125 0.3701171875 0.5947265625 0.390625 0.595703125 0.3916015625 0.59765625 0.3916015625 0.59765625 0.39453125
19 0.47119140625 0.25 0.46923828125 0.2509765625 0.46875 0.3671875 0.47021484375 0.3671875 0.47119140625 0.251953125 0.47119140625 0.25
31 0.47265625 0.248046875 0.47119140625 0.2490234375 0.47119140625 0.263671875 0.474609375 0.263671875 0.474609375 0.248046875 0.47265625 0.248046875
31 0.470703125 0.2861328125 0.4716796875 0.2890625 0.474609375 0.2890625 0.47607421875 0.287109375 0.47607421875 0.2822265625 0.47607421875 0.2763671875 0.4755859375 0.2724609375 0.47265625 0.2685546875 0.470703125 0.2705078125 0.4697265625 0.275390625 0.4697265625 0.283203125 0.470703125 0.2861328125
17 0.28662109375 0.33984375 0.28564453125 0.3779296875 0.2861328125 0.384765625 0.2900390625 0.3876953125 0.29345703125 0.388671875 0.294921875 0.388671875 0.3017578125 0.408203125 0.31005859375 0.4365234375 0.31494140625 0.4453125 0.31884765625 0.455078125 0.31787109375 0.466796875 0.31640625 0.4755859375 0.31787109375 0.478515625 0.322265625 0.48046875 0.3251953125 0.478515625 0.32666015625 0.4765625 0.32763671875 0.46875 0.3271484375 0.4599609375 0.32373046875 0.451171875 0.32275390625 0.4326171875 0.32177734375 0.4248046875 0.31982421875 0.416015625 0.3203125 0.388671875 0.32177734375 0.3837890625 0.32470703125 0.3857421875 0.32958984375 0.3818359375 0.330078125 0.3720703125 0.330078125 0.3671875 0.330078125 0.359375 0.32958984375 0.3544921875 0.3291015625 0.333984375 0.32763671875 0.3095703125 0.326171875 0.2939453125 0.3212890625 0.2880859375 0.3193359375 0.287109375 0.31591796875 0.287109375 0.31298828125 0.2783203125 0.31201171875 0.2734375 0.3115234375 0.2685546875 0.3095703125 0.2666015625 0.30859375 0.259765625 0.3056640625 0.2568359375 0.302734375 0.2548828125 0.30029296875 0.259765625 0.29833984375 0.2685546875 0.29833984375 0.27734375 0.29931640625 0.2861328125 0.2998046875 0.2880859375 0.2978515625 0.2900390625 0.29541015625 0.2900390625 0.2919921875 0.29296875 0.29052734375 0.2958984375 0.2880859375 0.3125 0.287109375 0.32421875 0.2880859375 0.3310546875 0.28662109375 0.33984375
17 0.287109375 0.3740234375 0.28662109375 0.3818359375 0.2880859375 0.3876953125 0.2919921875 0.390625 0.294921875 0.390625 0.29345703125 0.4033203125 0.294921875 0.4375 0.2939453125 0.4443359375 0.29541015625 0.4521484375 0.2958984375 0.4619140625 0.29541015625 0.47265625 0.29541015625 0.478515625 0.2958984375 0.484375 0.29638671875 0.490234375 0.296875 0.4951171875 0.29931640625 0.498046875 0.3017578125 0.49609375 0.30322265625 0.490234375 0.3076171875 0.4921875 0.3095703125 0.490234375 0.31005859375 0.4833984375 0.3095703125 0.4736328125 0.31103515625 0.462890625 0.3115234375 0.455078125 0.314453125 0.447265625 0.314453125 0.4375 0.3154296875 0.41796875 0.31494140625 0.40625 0.31494140625 0.3994140625 0.31396484375 0.3955078125 0.31640625 0.39453125 0.31591796875 0.3837890625 0.31494140625 0.3720703125 0.31494140625 0.365234375 0.3134765625 0.353515625 0.31591796875 0.3525390625 0.322265625 0.3486328125 0.326171875 0.3447265625 0.328125 0.3330078125 0.32958984375 0.326171875 0.3310546875 0.3203125 0.33203125 0.31640625 0.3271484375 0.3193359375 0.3251953125 0.326171875 0.3232421875 0.3359375 0.3212890625 0.3427734375 0.31298828125 0.34375 0.31005859375 0.341796875 0.30908203125 0.337890625 0.3095703125 0.3310546875 0.3095703125 0.326171875 0.31005859375 0.3193359375 0.3095703125 0.3173828125 0.30517578125 0.314453125 0.3017578125 0.3193359375 0.2978515625 0.3212890625 0.2939453125 0.328125 0.29296875 0.341796875 0.291015625 0.357421875 0.28955078125 0.3671875 0.287109375 0.3740234375
17 0.35888671875 0.484375 0.361328125 0.486328125 0.36279296875 0.4853515625 0.3642578125 0.484375 0.3642578125 0.48046875 0.36669921875 0.486328125 0.369140625 0.4853515625 0.37060546875 0.4833984375 0.37158203125 0.478515625 0.37060546875 0.4736328125 0.369140625 0.4697265625 0.36865234375 0.462890625 0.36767578125 0.4423828125 0.36767578125 0.435546875 0.3701171875 0.4375 0.37255859375 0.435546875 0.37255859375 0.4296875 0.37109375 0.4140625 0.3681640625 0.388671875 0.369140625 0.3603515625 0.37109375 0.3583984375 0.37255859375 0.3525390625 0.37158203125 0.33984375 0.37158203125 0.3310546875 0.37158203125 0.32421875 0.3701171875 0.3193359375 0.3681640625 0.314453125 0.365234375 0.3125 0.36474609375 0.3095703125 0.36474609375 0.302734375 0.3642578125 0.2998046875 0.36474609375 0.2978515625 0.3671875 0.2939453125 0.36669921875 0.287109375 0.36279296875 0.2861328125 0.36083984375 0.2822265625 0.35888671875 0.27734375 0.35693359375 0.27734375 0.35498046875 0.2783203125 0.35302734375 0.283203125 0.3505859375 0.30859375 0.35302734375 0.3837890625 0.35546875 0.458984375 0.35888671875 0.484375
17 0.33447265625 0.35546875 0.33447265625 0.369140625 0.3349609375 0.3798828125 0.3359375 0.384765625 0.337890625 0.3857421875 0.33984375 0.3857421875 0.3427734375 0.3916015625 0.34326171875 0.3994140625 0.34326171875 0.40625 0.3447265625 0.416015625 0.3486328125 0.4384765625 0.3505859375 0.44921875 0.35107421875 0.4609375 0.35009765625 0.4697265625 0.349609375 0.48046875 0.34765625 0.4931640625 0.34912109375 0.498046875 0.3505859375 0.5 0.3544921875 0.501953125 0.35595703125 0.5 0.35693359375 0.4951171875 0.35888671875 0.4931640625 0.359375 0.484375 0.359375 0.4677734375 0.35986328125 0.45703125 0.361328125 0.4482421875 0.361328125 0.44140625 0.36181640625 0.4326171875 0.3623046875 0.423828125 0.36376953125 0.4150390625 0.36572265625 0.4052734375 0.3671875 0.4033203125 0.3701171875 0.4052734375 0.37109375 0.4072265625 0.373046875 0.4169921875 0.3759765625 0.4189453125 0.3798828125 0.416015625 0.3798828125 0.41015625 0.37939453125 0.4013671875 0.37646484375 0.3837890625 0.375 0.3740234375 0.37109375 0.3720703125 0.37060546875 0.361328125 0.36865234375 0.3447265625 0.3671875 0.330078125 0.36474609375 0.3193359375 0.36181640625 0.3173828125 0.357421875 0.314453125 0.3583984375 0.310546875 0.35888671875 0.296875 0.35888671875 0.2890625 0.35693359375 0.283203125 0.35546875 0.2822265625 0.3525390625 0.283203125 0.35009765625 0.2861328125 0.34912109375 0.29296875 0.34912109375 0.30078125 0.349609375 0.3095703125 0.35009765625 0.3125 0.34765625 0.3173828125 0.345703125 0.3173828125 0.34326171875 0.3173828125 0.3408203125 0.318359375 0.3388671875 0.3203125 0.337890625 0.326171875 0.33740234375 0.337890625 0.33544921875 0.34765625 0.33447265625 0.35546875
17 0.67724609375 0.4072265625 0.67724609375 0.4208984375 0.6767578125 0.427734375 0.6767578125 0.431640625 0.677734375 0.4365234375 0.68017578125 0.439453125 0.68212890625 0.4404296875 0.68212890625 0.453125 0.68310546875 0.458984375 0.685546875 0.4619140625 0.68603515625 0.47265625 0.68701171875 0.490234375 0.6904296875 0.5166015625 0.6904296875 0.525390625 0.68896484375 0.5283203125 0.68896484375 0.533203125 0.689453125 0.5341796875 0.6923828125 0.53515625 0.69482421875 0.53515625 0.6962890625 0.5283203125 0.6953125 0.5205078125 0.69482421875 0.5126953125 0.69482421875 0.4970703125 0.69482421875 0.4853515625 0.69384765625 0.4765625 0.6943359375 0.4677734375 0.69482421875 0.4619140625 0.6962890625 0.4677734375 0.6962890625 0.478515625 0.69775390625 0.486328125 0.69970703125 0.4951171875 0.7001953125 0.5009765625 0.7001953125 0.5107421875 0.69970703125 0.51953125 0.69970703125 0.525390625 0.70068359375 0.5283203125 0.703125 0.53125 0.705078125 0.5283203125 0.7060546875 0.521484375 0.705078125 0.513671875 0.70458984375 0.501953125 0.70361328125 0.498046875 0.7041015625 0.4873046875 0.7041015625 0.4755859375 0.7041015625 0.46484375 0.7060546875 0.4619140625 0.70751953125 0.4541015625 0.70751953125 0.435546875 0.7080078125 0.416015625 0.7080078125 0.4052734375 0.7119140625 0.40234375 0.71337890625 0.3955078125 0.71044921875 0.380859375 0.71337890625 0.3779296875 0.7138671875 0.3701171875 0.7119140625 0.357421875 0.7099609375 0.3486328125 0.7080078125 0.33984375 0.7060546875 0.3359375 0.70166015625 0.333984375 0.70068359375 0.333984375 0.701171875 0.326171875 0.7021484375 0.322265625 0.70166015625 0.3134765625 0.69775390625 0.30859375 0.69384765625 0.3076171875 0.68994140625 0.3115234375 0.6865234375 0.3173828125 0.68603515625 0.3251953125 0.68798828125 0.33203125 0.68896484375 0.3359375 0.6865234375 0.337890625 0.68408203125 0.3408203125 0.68212890625 0.3447265625 0.6806640625 0.3486328125 0.6796875 0.353515625 0.67919921875 0.37109375 0.67822265625 0.3857421875 0.677734375 0.392578125 0.67724609375 0.4072265625
17 0.74755859375 0.373046875 0.748046875 0.3798828125 0.748046875 0.3876953125 0.744140625 0.408203125 0.74609375 0.4140625 0.74853515625 0.41796875 0.74853515625 0.4296875 0.748046875 0.43359375 0.7490234375 0.4384765625 0.74951171875 0.4423828125 0.74951171875 0.453125 0.7490234375 0.46875 0.74853515625 0.4775390625 0.74853515625 0.4912109375 0.7490234375 0.4990234375 0.74853515625 0.50390625 0.7451171875 0.5078125 0.74365234375 0.509765625 0.74365234375 0.513671875 0.748046875 0.5166015625 0.75244140625 0.51953125 0.75439453125 0.515625 0.75390625 0.5078125 0.75341796875 0.501953125 0.75439453125 0.4892578125 0.755859375 0.4736328125 0.75634765625 0.4609375 0.75732421875 0.4501953125 0.7578125 0.4404296875 0.76025390625 0.4384765625 0.76318359375 0.4384765625 0.76318359375 0.4453125 0.76318359375 0.455078125 0.76416015625 0.466796875 0.76416015625 0.4833984375 0.76416015625 0.50390625 0.76416015625 0.5126953125 0.763671875 0.5234375 0.765625 0.52734375 0.76904296875 0.5263671875 0.771484375 0.5224609375 0.77001953125 0.5166015625 0.76953125 0.5107421875 0.76953125 0.4951171875 0.771484375 0.4794921875 0.77197265625 0.46484375 0.77197265625 0.455078125 0.77197265625 0.4443359375 0.7734375 0.4423828125 0.77783203125 0.443359375 0.7783203125 0.439453125 0.77880859375 0.42578125 0.77880859375 0.408203125 0.7802734375 0.4072265625 0.78173828125 0.404296875 0.783203125 0.3994140625 0.7822265625 0.388671875 0.78369140625 0.3759765625 0.7822265625 0.359375 0.78125 0.345703125 0.779296875 0.326171875 0.77783203125 0.3212890625 0.7734375 0.3193359375 0.76953125 0.314453125 0.77001953125 0.306640625 0.77197265625 0.3017578125 0.771484375 0.298828125 0.77001953125 0.2958984375 0.76904296875 0.294921875 0.7685546875 0.287109375 0.767578125 0.2822265625 0.76416015625 0.2783203125 0.75830078125 0.28125 0.755859375 0.2841796875 0.75439453125 0.291015625 0.7548828125 0.2958984375 0.75244140625 0.30078125 0.751953125 0.3046875 0.75390625 0.306640625 0.755859375 0.30859375 0.75634765625 0.3125 0.755859375 0.31640625 0.751953125 0.318359375 0.75 0.3212890625 0.74755859375 0.328125 0.7451171875 0.349609375 0.744140625 0.3623046875 0.7451171875 0.3701171875 0.74755859375 0.373046875
28 0.85693359375 0 0.8623046875 0.1025390625 0.865234375 0.1005859375 0.9169921875 0.0869140625 0.91748046875 0.0849609375 0.9150390625 0 0.85693359375 0
0 0.62841796875 0.376953125 0.62890625 0.3681640625 0.6298828125 0.3701171875 0.6318359375 0.380859375 0.634765625 0.380859375 0.63525390625 0.373046875 0.63525390625 0.3583984375 0.63134765625 0.3564453125 0.6298828125 0.35546875 0.62841796875 0.353515625 0.6298828125 0.349609375 0.62890625 0.3486328125 0.6259765625 0.3466796875 0.62353515625 0.34765625 0.6259765625 0.3505859375 0.62548828125 0.35546875 0.6240234375 0.3564453125 0.62060546875 0.359375 0.619140625 0.369140625 0.61962890625 0.3779296875 0.6201171875 0.380859375 0.62646484375 0.380859375 0.62841796875 0.376953125
9 0.91845703125 0.9208984375 0.79150390625 0.900390625 0.6669921875 0.8837890625 0.59619140625 0.8759765625 0.59619140625 0.87109375 0.60498046875 0.8671875 0.615234375 0.8466796875 0.61767578125 0.818359375 0.611328125 0.7900390625 0.59716796875 0.77734375 0.58349609375 0.779296875 0.572265625 0.7919921875 0.568359375 0.8037109375 0.5654296875 0.818359375 0.564453125 0.8359375 0.56689453125 0.8525390625 0.57568359375 0.87109375 0.58740234375 0.875 0.58740234375 0.87890625 0.51904296875 0.88671875 0.4013671875 0.90234375 0.27197265625 0.9267578125 0.1884765625 0.947265625 0.01220703125 0.9912109375 0.01171875 0.9990234375 0.99951171875 0.9990234375 0.99951171875 0.935546875 0.91845703125 0.9208984375
22 0.203125 0 0.99951171875 0.02734375 0.99951171875 0 0.203125 0
22 0.99951171875 0.4970703125 0.99462890625 0.9990234375 0.99951171875 0.9990234375 0.99951171875 0.4970703125
22 0 0 0 0.462890625 0.00830078125 0 0 0
22 0 0.9990234375 0.94580078125 0.9990234375 0.5302734375 0.9599609375 0 0.9541015625 0 0.9990234375