25 0 0.9990234375 0.99951171875 0.9990234375 0.99951171875 0.6572265625 0 0.5234375 0 0.9990234375
26 0 0.5556640625 0.0546875 0.5849609375 0.2177734375 0.6640625 0.3466796875 0.72265625 0.41064453125 0.7412109375 0.48974609375 0.75 0.6875 0.7529296875 0.83544921875 0.7529296875 0.9990234375 0.71484375 0.99951171875 0.5029296875 0.94189453125 0.4765625 0.74853515625 0.544921875 0.43505859375 0.5078125 0 0.4599609375 0 0.5556640625
3 0 0 0 0.4873046875 0.0283203125 0.4912109375 0.0546875 0.4970703125 0.25927734375 0.5498046875 0.28466796875 0.5556640625 0.4052734375 0.58203125 0.4375 0.5791015625 0.6435546875 0.630859375 0.99951171875 0.5615234375 0.99951171875 0 0 0
28 0.8388671875 0.03125 0.8671875 0.1591796875 0.89892578125 0.0048828125 0.8388671875 0.03125
28 0.85791015625 0.18359375 0.88525390625 0.177734375 0.88720703125 0.171875 0.88720703125 0.1435546875 0.8857421875 0.1396484375 0.8544921875 0.1494140625 0.853515625 0.169921875 0.8544921875 0.1796875 0.85791015625 0.18359375
19 0.857421875 0 0.87353515625 0.68359375 0.87890625 0.681640625 0.86328125 0 0.857421875 0
17 0.35009765625 0.6103515625 0.357421875 0.609375 0.357421875 0.6015625 0.35498046875 0.595703125 0.353515625 0.5537109375 0.3564453125 0.55078125 0.359375 0.529296875 0.361328125 0.478515625 0.359375 0.4580078125 0.361328125 0.455078125 0.36865234375 0.45703125 0.37255859375 0.4501953125 0.3740234375 0.44921875 0.3740234375 0.4443359375 0.37060546875 0.443359375 0.36572265625 0.4443359375 0.3603515625 0.4443359375 0.359375 0.435546875 0.359375 0.419921875 0.3603515625 0.412109375 0.36669921875 0.427734375 0.37109375 0.4365234375 0.38525390625 0.4521484375 0.388671875 0.45703125 0.39208984375 0.4541015625 0.39208984375 0.4501953125 0.39208984375 0.4462890625 0.38720703125 0.4443359375 0.3857421875 0.443359375 0.38330078125 0.44140625 0.37646484375 0.4306640625 0.37255859375 0.4248046875 0.365234375 0.40625 0.3642578125 0.400390625 0.35986328125 0.3896484375 0.357421875 0.3857421875 0.353515625 0.380859375 0.353515625 0.376953125 0.3564453125 0.369140625 0.3564453125 0.3623046875 0.35498046875 0.3515625 0.349609375 0.3466796875 0.3447265625 0.3486328125 0.3427734375 0.3564453125 0.341796875 0.3662109375 0.34423828125 0.3779296875 0.3408203125 0.37890625 0.33984375 0.384765625 0.333984375 0.392578125 0.33349609375 0.4150390625 0.33544921875 0.4189453125 0.3388671875 0.431640625 0.3388671875 0.44140625 0.33544921875 0.4580078125 0.33935546875 0.5078125 0.3427734375 0.52734375 0.34130859375 0.53515625 0.3427734375 0.5439453125 0.33984375 0.5458984375 0.3427734375 0.552734375 0.33935546875 0.5712890625 0.3369140625 0.578125 0.33544921875 0.5830078125 0.3408203125 0.59375 0.345703125 0.6025390625 0.34716796875 0.6005859375 0.35009765625 0.6103515625
8 0.3857421875 0.462890625 0.3818359375 0.46484375 0.3779296875 0.4677734375 0.36865234375 0.462890625 0.36865234375 0.4580078125 0.3671875 0.4501953125 0.3642578125 0.455078125 0.3642578125 0.4658203125 0.3671875 0.486328125 0.36328125 0.4921875 0.3681640625 0.5029296875 0.37255859375 0.580078125 0.3681640625 0.59375 0.3681640625 0.6015625 0.3720703125 0.6064453125 0.37939453125 0.6083984375 0.38134765625 0.5908203125 0.3818359375 0.5849609375 0.38330078125 0.580078125 0.38525390625 0.5830078125 0.388671875 0.59375 0.3857421875 0.609375 0.38720703125 0.6123046875 0.3935546875 0.6142578125 0.3974609375 0.609375 0.39501953125 0.5986328125 0.400390625 0.6015625 0.4033203125 0.5986328125 0.404296875 0.5849609375 0.412109375 0.59375 0.412109375 0.6005859375 0.41748046875 0.609375 0.4228515625 0.609375 0.423828125 0.5986328125 0.421875 0.58984375 0.41796875 0.5859375 0.40966796875 0.5419921875 0.40673828125 0.5263671875 0.4052734375 0.515625 0.404296875 0.4970703125 0.4033203125 0.4912109375 0.39794921875 0.4814453125 0.39208984375 0.462890625 0.392578125 0.45703125 0.3896484375 0.447265625 0.38818359375 0.4521484375 0.38720703125 0.4609375 0.3857421875 0.462890625
19 0.0439453125 0.587890625 0.0478515625 0.5927734375 0.05419921875 0.58984375 0.06494140625 0.5126953125 0.0615234375 0.5068359375 0.0576171875 0.50390625 0.0517578125 0.5078125 0.0458984375 0.5830078125 0.0439453125 0.587890625
17 0.15576171875 0.3798828125 0.15576171875 0.388671875 0.15234375 0.39453125 0.14453125 0.3994140625 0.1396484375 0.4150390625 0.13623046875 0.4423828125 0.13720703125 0.4765625 0.138671875 0.4892578125 0.14208984375 0.501953125 0.14453125 0.501953125 0.14453125 0.525390625 0.14892578125 0.5263671875 0.1474609375 0.548828125 0.14892578125 0.57421875 0.14794921875 0.59375 0.1494140625 0.59765625 0.1552734375 0.59765625 0.1552734375 0.564453125 0.15625 0.53515625 0.1572265625 0.52734375 0.15966796875 0.5263671875 0.1591796875 0.544921875 0.16064453125 0.5576171875 0.16162109375 0.5869140625 0.17138671875 0.5927734375 0.17724609375 0.5927734375 0.169921875 0.580078125 0.166015625 0.560546875 0.16357421875 0.513671875 0.169921875 0.478515625 0.16650390625 0.46875 0.166015625 0.44921875 0.17431640625 0.4599609375 0.17431640625 0.46875 0.17919921875 0.478515625 0.18115234375 0.47265625 0.17919921875 0.4599609375 0.17578125 0.44921875 0.1689453125 0.4287109375 0.1728515625 0.4208984375 0.169921875 0.4052734375 0.171875 0.40234375 0.17138671875 0.390625 0.1689453125 0.376953125 0.16259765625 0.373046875 0.15576171875 0.3798828125
17 0.16259765625 0.58984375 0.1611328125 0.5927734375 0.1650390625 0.595703125 0.16796875 0.595703125 0.169921875 0.59375 0.16650390625 0.5859375 0.16796875 0.5751953125 0.169921875 0.556640625 0.17431640625 0.5556640625 0.1728515625 0.5830078125 0.17138671875 0.587890625 0.17431640625 0.5927734375 0.17724609375 0.595703125 0.18212890625 0.59765625 0.18359375 0.5908203125 0.17822265625 0.587890625 0.1796875 0.55078125 0.18359375 0.5458984375 0.18310546875 0.5419921875 0.17919921875 0.5322265625 0.18359375 0.5107421875 0.1845703125 0.505859375 0.18359375 0.5029296875 0.18212890625 0.5029296875 0.1796875 0.5029296875 0.17724609375 0.4970703125 0.17919921875 0.486328125 0.17919921875 0.4765625 0.17431640625 0.47265625 0.171875 0.46875 0.169921875 0.46875 0.1650390625 0.470703125 0.16455078125 0.4755859375 0.16357421875 0.4892578125 0.1650390625 0.4921875 0.16650390625 0.4921875 0.16650390625 0.4951171875 0.16357421875 0.498046875 0.16064453125 0.53125 0.158203125 0.5400390625 0.15576171875 0.5498046875 0.16455078125 0.5537109375 0.16455078125 0.5615234375 0.16357421875 0.5693359375 0.16259765625 0.58984375
19 0 0.57421875 0.00634765625 0.57421875 0.0068359375 0.501953125 0 0.5 0 0.57421875
8 0 0.5107421875 0.00390625 0.5126953125 0.00439453125 0.4716796875 0.01025390625 0.470703125 0.009765625 0.49609375 0.01611328125 0.498046875 0.01806640625 0.5029296875 0.02490234375 0.5029296875 0.02490234375 0.47265625 0.0283203125 0.47265625 0.02783203125 0.498046875 0.0361328125 0.498046875 0.04150390625 0.5 0.04736328125 0.50390625 0.0458984375 0.4296875 0.0400390625 0.427734375 0.0224609375 0.4267578125 0 0.462890625 0 0.5107421875
31 0.70849609375 0.1787109375 0.70751953125 0.1298828125 0.66162109375 0.1259765625 0.66259765625 0.17578125 0.66455078125 0.1767578125 0.7080078125 0.1806640625 0.70849609375 0.1787109375
9 0.91845703125 0.9208984375 0.79150390625 0.900390625 0.6669921875 0.8837890625 0.59619140625 0.8759765625 0.59619140625 0.87109375 0.60498046875 0.8671875 0.615234375 0.8466796875 0.61767578125 0.818359375 0.611328125 0.7900390625 0.59716796875 0.77734375 0.58349609375 0.779296875 0.572265625 0.7919921875 0.568359375 0.8037109375 0.5654296875 0.818359375 0.564453125 0.8359375 0.56689453125 0.8525390625 0.57568359375 0.87109375 0.58740234375 0.875 0.58740234375 0.87890625 0.51904296875 0.88671875 0.4013671875 0.90234375 0.27197265625 0.9267578125 0.1884765625 0.947265625 0.01220703125 0.9912109375 0.01171875 0.9990234375 0.99951171875 0.9990234375 0.99951171875 0.935546875 0.91845703125 0.9208984375
22 0.203125 0 0.99951171875 0.02734375 0.99951171875 0 0.203125 0
22 0.99951171875 0.4970703125 0.99462890625 0.9990234375 0.99951171875 0.9990234375 0.99951171875 0.4970703125
22 0 0 0 0.462890625 0.00830078125 0 0 0
22 0 0.9990234375 0.94580078125 0.9990234375 0.5302734375 0.9599609375 0 0.9541015625 0 0.9990234375