2 0 0.4130859375 0.00048828125 0.41796875 0.00439453125 0.41796875 0.005859375 0.419921875 0.00634765625 0.4228515625 0.00732421875 0.423828125 0.0087890625 0.4248046875 0.0107421875 0.42578125 0.01220703125 0.423828125 0.0126953125 0.419921875 0.0126953125 0.4169921875 0.013671875 0.4130859375 0.013671875 0.4091796875 0.01318359375 0.4033203125 0.0126953125 0.3974609375 0.00927734375 0.3876953125 0.00830078125 0.384765625 0.00634765625 0.3818359375 0.00390625 0.3779296875 0 0.3779296875 0 0.4130859375
7 0.04150390625 0.318359375 0.04150390625 0.2890625 0.0322265625 0.2890625 0.03173828125 0.3154296875 0.03173828125 0.318359375 0.03955078125 0.318359375 0.04150390625 0.318359375
7 0.03515625 0.3349609375 0.0361328125 0.3349609375 0.037109375 0.333984375 0.03857421875 0.3310546875 0.03955078125 0.326171875 0.0390625 0.3232421875 0.0380859375 0.322265625 0.037109375 0.3203125 0.03369140625 0.322265625 0.0322265625 0.326171875 0.03271484375 0.3291015625 0.03369140625 0.333984375 0.03515625 0.3349609375
7 0.04052734375 0.3349609375 0.04052734375 0.3330078125 0.0322265625 0.33203125 0.0322265625 0.3564453125 0.03271484375 0.359375 0.04052734375 0.359375 0.04052734375 0.3349609375
4 0.0615234375 0.4091796875 0.0615234375 0.40625 0.06201171875 0.404296875 0.0625 0.4013671875 0.0625 0.400390625 0.06298828125 0.3974609375 0.06298828125 0.3935546875 0.0625 0.390625 0.06201171875 0.3876953125 0.0615234375 0.384765625 0.06103515625 0.3828125 0.060546875 0.3798828125 0.0595703125 0.3779296875 0.06005859375 0.3759765625 0.0595703125 0.373046875 0.05908203125 0.37109375 0.0576171875 0.37109375 0.05517578125 0.375 0.0556640625 0.376953125 0.05517578125 0.3779296875 0.0546875 0.3798828125 0.0546875 0.3828125 0.05419921875 0.3857421875 0.05322265625 0.390625 0.052734375 0.392578125 0.052734375 0.3955078125 0.0537109375 0.3974609375 0.0537109375 0.4033203125 0.0537109375 0.404296875 0.05517578125 0.40625 0.05615234375 0.4072265625 0.056640625 0.4072265625 0.056640625 0.408203125 0.056640625 0.41015625 0.05615234375 0.4130859375 0.05615234375 0.416015625 0.05615234375 0.41796875 0.05517578125 0.419921875 0.05712890625 0.423828125 0.05810546875 0.4208984375 0.05810546875 0.41796875 0.05859375 0.41796875 0.05908203125 0.41796875 0.06005859375 0.4189453125 0.06005859375 0.419921875 0.060546875 0.421875 0.0625 0.423828125 0.0654296875 0.4248046875 0.06494140625 0.421875 0.06396484375 0.419921875 0.0625 0.4169921875 0.06201171875 0.412109375 0.0615234375 0.4091796875
4 0.1044921875 0.3955078125 0.10498046875 0.3935546875 0.10498046875 0.392578125 0.1044921875 0.390625 0.103515625 0.388671875 0.103515625 0.38671875 0.10107421875 0.3818359375 0.10009765625 0.3779296875 0.10009765625 0.3759765625 0.10009765625 0.375 0.09716796875 0.375 0.0966796875 0.3779296875 0.0966796875 0.3828125 0.095703125 0.384765625 0.0947265625 0.38671875 0.0947265625 0.388671875 0.09375 0.3916015625 0.09375 0.3955078125 0.09326171875 0.3984375 0.09375 0.400390625 0.0947265625 0.4013671875 0.095703125 0.4013671875 0.0966796875 0.40234375 0.0966796875 0.40625 0.09716796875 0.4150390625 0.09765625 0.41796875 0.09814453125 0.423828125 0.09912109375 0.4248046875 0.1025390625 0.42578125 0.10498046875 0.421875 0.10595703125 0.4189453125 0.10595703125 0.416015625 0.10595703125 0.4091796875 0.10546875 0.404296875 0.10400390625 0.4033203125 0.103515625 0.400390625 0.103515625 0.3974609375 0.1044921875 0.3955078125
7 0.12060546875 0.3818359375 0.1162109375 0.38671875 0.11669921875 0.421875 0.11865234375 0.4267578125 0.12158203125 0.421875 0.12255859375 0.390625 0.12060546875 0.3818359375
7 0.23876953125 0.4443359375 0.240234375 0.4443359375 0.24072265625 0.435546875 0.2412109375 0.4326171875 0.2421875 0.4287109375 0.2421875 0.3935546875 0.24169921875 0.3896484375 0.2373046875 0.390625 0.23583984375 0.392578125 0.2353515625 0.4306640625 0.2373046875 0.4326171875 0.23779296875 0.43359375 0.23876953125 0.4443359375
7 0.37939453125 0.2939453125 0.37939453125 0.33984375 0.38037109375 0.341796875 0.39013671875 0.3427734375 0.3935546875 0.341796875 0.39403281093750003 0.2958970828125 0.37939453125 0.2939453125
7 0.39111328125 0.2705078125 0.39013671875 0.26953125 0.3876953125 0.267578125 0.3837890625 0.267578125 0.380859375 0.2734375 0.37939453125 0.27734375 0.37939453125 0.2822265625 0.3798828125 0.2861328125 0.38134765625 0.291015625 0.3828125 0.2939453125 0.384765625 0.294921875 0.38720703125 0.294921875 0.390625 0.29296875 0.39306640625 0.287109375 0.39306640625 0.2783203125 0.392578125 0.2734375 0.39111328125 0.2705078125
7 0.6064453125 0.2353515625 0.60546875 0.2392578125 0.6044921875 0.2646484375 0.60693359375 0.265625 0.61865234375 0.26953125 0.619140625 0.2626953125 0.62109375 0.2421875 0.62109375 0.2373046875 0.607421875 0.234375 0.6064453125 0.2353515625
2 0.6845703125 0.8017578125 0.68212890625 0.7744140625 0.681640625 0.763671875 0.68212890625 0.748046875 0.68408203125 0.7255859375 0.68408203125 0.7041015625 0.68505859375 0.6884765625 0.6845703125 0.6806640625 0.68359375 0.6708984375 0.68212890625 0.6552734375 0.681640625 0.6455078125 0.6796875 0.6337890625 0.67578125 0.623046875 0.6728515625 0.6142578125 0.67041015625 0.6064453125 0.669921875 0.599609375 0.67138671875 0.5986328125 0.67236328125 0.5966796875 0.6650390625 0.552734375 0.65087890625 0.482421875 0.62109375 0.3798828125 0.61572265625 0.3671875 0.611328125 0.3603515625 0.60791015625 0.353515625 0.6025390625 0.349609375 0.5908203125 0.345703125 0.55615234375 0.3388671875 0.50634765625 0.3359375 0.5009765625 0.3349609375 0.50048828125 0.3291015625 0.50048828125 0.1796875 0.49755859375 0.3134765625 0.4951171875 0.3388671875 0.46923828125 0.337890625 0.45361328125 0.3388671875 0.43310546875 0.33984375 0.4130859375 0.34375 0.392578125 0.3505859375 0.3837890625 0.3583984375 0.35986328125 0.43359375 0.3505859375 0.4736328125 0.3505859375 0.4755859375 0.34130859375 0.4775390625 0.33349609375 0.4794921875 0.3291015625 0.4814453125 0.3251953125 0.484375 0.32275390625 0.4912109375 0.322265625 0.5009765625 0.3232421875 0.5087890625 0.3251953125 0.513671875 0.32861328125 0.517578125 0.333984375 0.51953125 0.33837890625 0.51953125 0.3427734375 0.5205078125 0.33642578125 0.5546875 0.33203125 0.56640625 0.330078125 0.5712890625 0.3291015625 0.5751953125 0.32958984375 0.5771484375 0.32861328125 0.58203125 0.3310546875 0.583984375 0.32763671875 0.6044921875 0.326171875 0.61328125 0.32421875 0.6171875 0.31591796875 0.6416015625 0.31591796875 0.650390625 0.3134765625 0.6884765625 0.31396484375 0.7080078125 0.31494140625 0.720703125 0.31640625 0.7265625 0.3173828125 0.7333984375 0.3173828125 0.73828125 0.318359375 0.744140625 0.31982421875 0.75390625 0.318359375 0.7763671875 0.31884765625 0.8037109375 0.31982421875 0.87890625 0.32177734375 0.9072265625 0.32373046875 0.9140625 0.32470703125 0.921875 0.3310546875 0.9248046875 0.34619140625 0.9306640625 0.359375 0.9326171875 0.36669921875 0.9287109375 0.37060546875 0.927734375 0.37548828125 0.919921875 0.3818359375 0.908203125 0.39013671875 0.888671875 0.39404296875 0.8779296875 0.40869140625 0.880859375 0.447265625 0.87890625 0.5048828125 0.873046875 0.54296875 0.8701171875 0.56640625 0.8671875 0.5859375 0.8662109375 0.59912109375 0.86328125 0.62060546875 0.86328125 0.62255859375 0.87890625 0.6259765625 0.890625 0.63525390625 0.912109375 0.64208984375 0.9189453125 0.65771484375 0.9189453125 0.6650390625 0.9169921875 0.67138671875 0.9140625 0.67626953125 0.90625 0.67919921875 0.890625 0.68017578125 0.8779296875 0.6826171875 0.8564453125 0.68359375 0.845703125 0.68408203125 0.826171875 0.6845703125 0.8017578125
7 0.875 0 0.87548828125 0.0009765625 0.876953125 0.0068359375 0.876953125 0.009765625 0.880859375 0.017578125 0.88818359375 0.025390625 0.89599609375 0.02734375 0.9033203125 0.025390625 0.91259765625 0.0166015625 0.91552734375 0.01171875 0.92041015625 0 0.919921875 0 0.875 0
7 0.212890625 0.392578125 0.20654296875 0.392578125 0.20703125 0.4345703125 0.208984375 0.435546875 0.20947265625 0.4423828125 0.2109375 0.435546875 0.212890625 0.4345703125 0.212890625 0.392578125