7 0.75830078125 0.1806640625 0.75830078125 0.224609375 0.80615234375 0.224609375 0.8056640625 0.1796875 0.75830078125 0.1806640625
4 0.6826171875 0.3896484375 0.6845703125 0.396484375 0.68798828125 0.39453125 0.6865234375 0.38671875 0.685546875 0.384765625 0.6845703125 0.38671875 0.6826171875 0.3896484375
9 0.68115234375 0.3291015625 0.68408203125 0.3291015625 0.6875 0.3310546875 0.68994140625 0.333984375 0.69140625 0.3388671875 0.69384765625 0.3388671875 0.693359375 0.3115234375 0.68115234375 0.310546875 0.6796875 0.306640625 0.67822265625 0.2705078125 0.68212890625 0.267578125 0.68017578125 0.26171875 0.6787109375 0.2587890625 0.6767578125 0.255859375 0.66845703125 0.2587890625 0.66455078125 0.2666015625 0.65966796875 0.275390625 0.6591796875 0.294921875 0.65966796875 0.310546875 0.662109375 0.326171875 0.6640625 0.330078125 0.66943359375 0.3291015625 0.67236328125 0.3271484375 0.67578125 0.3271484375 0.67724609375 0.3291015625 0.67626953125 0.419921875 0.677734375 0.419921875 0.67919921875 0.3330078125 0.68115234375 0.3291015625
7 0.6494140625 0.3525390625 0.64990234375 0.3623046875 0.66015625 0.36328125 0.66015625 0.3505859375 0.65673828125 0.3505859375 0.6591796875 0.3466796875 0.65966796875 0.337890625 0.6572265625 0.3330078125 0.6533203125 0.3310546875 0.65185546875 0.33203125 0.650390625 0.3359375 0.6494140625 0.33984375 0.64990234375 0.3466796875 0.6533203125 0.3525390625 0.6494140625 0.3525390625
7 0.68994140625 0.34765625 0.68017578125 0.34765625 0.68017578125 0.3525390625 0.69091796875 0.3525390625 0.68994140625 0.34765625
9 0.58984375 0.275390625 0.5849609375 0.2763671875 0.58056640625 0.2626953125 0.5732421875 0.2421875 0.568359375 0.251953125 0.5576171875 0.2705078125 0.5556640625 0.2822265625 0.5537109375 0.29296875 0.546875 0.298828125 0.5498046875 0.2880859375 0.5546875 0.2724609375 0.5537109375 0.26171875 0.54638671875 0.2734375 0.54150390625 0.2802734375 0.5341796875 0.279296875 0.52734375 0.267578125 0.5224609375 0.271484375 0.51708984375 0.2734375 0.51220703125 0.271484375 0.50439453125 0.25390625 0.50048828125 0.244140625 0.4931640625 0.2587890625 0.48193359375 0.2646484375 0.48095703125 0.271484375 0.4775390625 0.2890625 0.47705078125 0.3212890625 0.47705078125 0.3388671875 0.48046875 0.3447265625 0.48876953125 0.34765625 0.49853515625 0.34765625 0.50830078125 0.3505859375 0.51220703125 0.349609375 0.517578125 0.345703125 0.52099609375 0.345703125 0.52783203125 0.3447265625 0.533203125 0.34375 0.5341796875 0.4267578125 0.53662109375 0.4267578125 0.53564453125 0.345703125 0.53662109375 0.3447265625 0.54541015625 0.3466796875 0.552734375 0.34375 0.5595703125 0.345703125 0.5654296875 0.34765625 0.576171875 0.34765625 0.59716796875 0.310546875 0.59814453125 0.302734375 0.595703125 0.2919921875 0.59375 0.28125 0.58984375 0.275390625
8 0.62744140625 0.3779296875 0.62841796875 0.306640625 0.57470703125 0.3076171875 0.5673828125 0.3134765625 0.56787109375 0.333984375 0.59716796875 0.3916015625 0.62841796875 0.3818359375 0.62744140625 0.3779296875
0 0.53564453125 0.416015625 0.5361328125 0.423828125 0.53662109375 0.4248046875 0.5390625 0.4267578125 0.54150390625 0.4267578125 0.54345703125 0.4228515625 0.54541015625 0.41796875 0.5458984375 0.4130859375 0.54638671875 0.40625 0.54638671875 0.404296875 0.5458984375 0.3974609375 0.54150390625 0.400390625 0.5390625 0.4052734375 0.537109375 0.408203125 0.53564453125 0.416015625
2 0.54150390625 0.4208984375 0.541015625 0.427734375 0.54150390625 0.4365234375 0.54296875 0.44140625 0.54541015625 0.44140625 0.546875 0.4375 0.54931640625 0.4365234375 0.5498046875 0.439453125 0.55126953125 0.44140625 0.5537109375 0.4384765625 0.55712890625 0.4365234375 0.5625 0.4326171875 0.560546875 0.38671875 0.55224609375 0.3876953125 0.54833984375 0.390625 0.54443359375 0.404296875 0.54150390625 0.4208984375
2 0.5693359375 0.3203125 0.5634765625 0.359375 0.5595703125 0.38671875 0.55322265625 0.38671875 0.5537109375 0.3955078125 0.55712890625 0.3974609375 0.55712890625 0.421875 0.5576171875 0.4375 0.5576171875 0.4501953125 0.55810546875 0.466796875 0.5595703125 0.4716796875 0.56201171875 0.47265625 0.56396484375 0.4716796875 0.5654296875 0.4697265625 0.5654296875 0.46484375 0.5654296875 0.458984375 0.56884765625 0.4609375 0.57080078125 0.4599609375 0.57421875 0.4580078125 0.58544921875 0.4423828125 0.60986328125 0.3759765625 0.60693359375 0.3544921875 0.5986328125 0.3134765625 0.5712890625 0.3154296875 0.5693359375 0.3203125
2 0.5732421875 0.404296875 0.5703125 0.41015625 0.5703125 0.416015625 0.572265625 0.41796875 0.57470703125 0.4189453125 0.57421875 0.42578125 0.57275390625 0.431640625 0.5732421875 0.44921875 0.5732421875 0.46484375 0.5732421875 0.4833984375 0.57421875 0.490234375 0.5751953125 0.494140625 0.578125 0.49609375 0.58154296875 0.494140625 0.58251953125 0.490234375 0.58251953125 0.4853515625 0.58251953125 0.48046875 0.58349609375 0.482421875 0.58740234375 0.484375 0.5888671875 0.482421875 0.58984375 0.478515625 0.60791015625 0.478515625 0.61865234375 0.478515625 0.6240234375 0.4775390625 0.6259765625 0.4814453125 0.62841796875 0.4833984375 0.6298828125 0.484375 0.63134765625 0.4892578125 0.63330078125 0.4931640625 0.63525390625 0.49609375 0.63671875 0.49609375 0.6396484375 0.49609375 0.6416015625 0.494140625 0.642578125 0.4814453125 0.642578125 0.462890625 0.64404296875 0.4443359375 0.64208984375 0.42578125 0.64013671875 0.41796875 0.64208984375 0.4150390625 0.64306640625 0.4130859375 0.64208984375 0.4091796875 0.64013671875 0.40625 0.63720703125 0.4052734375 0.6357421875 0.4013671875 0.6337890625 0.3857421875 0.6298828125 0.376953125 0.62158203125 0.3740234375 0.60546875 0.3720703125 0.591796875 0.3720703125 0.5869140625 0.3759765625 0.5849609375 0.3828125 0.57958984375 0.4033203125 0.578125 0.4091796875 0.5771484375 0.404296875 0.5732421875 0.404296875
2 0.50146484375 0.431640625 0.50634765625 0.431640625 0.52001953125 0.431640625 0.5224609375 0.4326171875 0.5234375 0.4365234375 0.525390625 0.4365234375 0.52783203125 0.431640625 0.52783203125 0.42578125 0.52734375 0.4130859375 0.52587890625 0.4052734375 0.5224609375 0.3955078125 0.51904296875 0.390625 0.51611328125 0.39453125 0.50341796875 0.396484375 0.4931640625 0.408203125 0.49365234375 0.419921875 0.50146484375 0.431640625
7 0.5234375 0.3955078125 0.52392578125 0.4287109375 0.5341796875 0.427734375 0.5341796875 0.3955078125 0.5234375 0.3955078125
7 0.50439453125 0.361328125 0.50390625 0.3515625 0.5009765625 0.3515625 0.50732421875 0.3251953125 0.49169921875 0.326171875 0.4990234375 0.3525390625 0.4951171875 0.3525390625 0.49560546875 0.361328125 0.50439453125 0.361328125
7 0.48681640625 0.267578125 0.4873046875 0.2890625 0.5302734375 0.2880859375 0.52978515625 0.265625 0.48681640625 0.267578125
7 0.4873046875 0.294921875 0.48779296875 0.3134765625 0.52978515625 0.3134765625 0.52978515625 0.29296875 0.4873046875 0.294921875
9 0.5009765625 0.4443359375 0.50390625 0.44140625 0.5068359375 0.4404296875 0.50830078125 0.4287109375 0.5048828125 0.416015625 0.50439453125 0.4033203125 0.50341796875 0.4033203125 0.498046875 0.40234375 0.49658203125 0.4052734375 0.494140625 0.40625 0.49267578125 0.404296875 0.490234375 0.4140625 0.490234375 0.4208984375 0.49169921875 0.4326171875 0.494140625 0.4443359375 0.4951171875 0.447265625 0.498046875 0.447265625 0.5009765625 0.4443359375
9 0.4423828125 0.3857421875 0.44580078125 0.3837890625 0.451171875 0.3828125 0.4521484375 0.3798828125 0.453125 0.3720703125 0.4560546875 0.3671875 0.46044921875 0.3671875 0.46240234375 0.369140625 0.4677734375 0.3701171875 0.47119140625 0.3681640625 0.4736328125 0.3603515625 0.4765625 0.3505859375 0.4765625 0.3388671875 0.47607421875 0.3291015625 0.4755859375 0.3056640625 0.4736328125 0.294921875 0.470703125 0.2890625 0.46630859375 0.2841796875 0.46240234375 0.279296875 0.46044921875 0.279296875 0.4599609375 0.28515625 0.458984375 0.294921875 0.4580078125 0.30078125 0.45751953125 0.3134765625 0.45556640625 0.310546875 0.455078125 0.2978515625 0.453125 0.2900390625 0.4521484375 0.2822265625 0.45068359375 0.2744140625 0.4501953125 0.2685546875 0.4462890625 0.2587890625 0.44677734375 0.2529296875 0.44580078125 0.244140625 0.44140625 0.2373046875 0.43798828125 0.228515625 0.43701171875 0.2421875 0.43408203125 0.2490234375 0.4326171875 0.2548828125 0.42822265625 0.25 0.43115234375 0.2626953125 0.43310546875 0.2763671875 0.4296875 0.2734375 0.4267578125 0.2646484375 0.42626953125 0.2685546875 0.42724609375 0.275390625 0.42724609375 0.27734375 0.42578125 0.2841796875 0.4228515625 0.27734375 0.421875 0.2822265625 0.421875 0.291015625 0.4228515625 0.2978515625 0.42236328125 0.302734375 0.42041015625 0.3017578125 0.41943359375 0.30078125 0.421875 0.30859375 0.4248046875 0.3203125 0.42431640625 0.3271484375 0.42236328125 0.330078125 0.41796875 0.3251953125 0.416015625 0.322265625 0.41455078125 0.318359375 0.41357421875 0.314453125 0.4130859375 0.3232421875 0.4140625 0.330078125 0.41259765625 0.33203125 0.40966796875 0.333984375 0.4111328125 0.33984375 0.4150390625 0.345703125 0.4169921875 0.35546875 0.421875 0.3642578125 0.42431640625 0.37109375 0.42822265625 0.376953125 0.43310546875 0.380859375 0.4384765625 0.3857421875 0.4375 0.4384765625 0.43896484375 0.439453125 0.4404296875 0.38671875 0.4423828125 0.3857421875
4 0.4130859375 0.42578125 0.4140625 0.4189453125 0.4150390625 0.4130859375 0.4150390625 0.408203125 0.4140625 0.4033203125 0.4140625 0.3984375 0.4130859375 0.3984375 0.412109375 0.400390625 0.41162109375 0.40625 0.41162109375 0.4150390625 0.412109375 0.423828125 0.4130859375 0.42578125
4 0.376953125 0.421875 0.376953125 0.431640625 0.38330078125 0.431640625 0.38330078125 0.4140625 0.3818359375 0.3994140625 0.37890625 0.400390625 0.37841796875 0.408203125 0.376953125 0.421875
4 0.36328125 0.41015625 0.3623046875 0.4169921875 0.361328125 0.4287109375 0.36328125 0.4326171875 0.365234375 0.43359375 0.36767578125 0.4287109375 0.37060546875 0.4169921875 0.36962890625 0.4033203125 0.36572265625 0.4013671875 0.36474609375 0.4033203125 0.36328125 0.41015625
4 0.02197265625 0.4267578125 0.02197265625 0.43359375 0.02099609375 0.435546875 0.02001953125 0.4375 0.0185546875 0.4541015625 0.01904296875 0.462890625 0.0205078125 0.4658203125 0.02197265625 0.474609375 0.0234375 0.48828125 0.0244140625 0.4931640625 0.02587890625 0.4931640625 0.02880859375 0.4912109375 0.02880859375 0.4853515625 0.02880859375 0.474609375 0.0302734375 0.466796875 0.0322265625 0.45703125 0.0322265625 0.447265625 0.02978515625 0.439453125 0.02734375 0.4345703125 0.0263671875 0.427734375 0.02587890625 0.423828125 0.02294921875 0.4248046875 0.02197265625 0.4267578125
7 0.091796875 0.4091796875 0.0908203125 0.3896484375 0.08642578125 0.390625 0.0869140625 0.4111328125 0.091796875 0.4091796875
6 0.05224609375 0.455078125 0.05322265625 0.4609375 0.05322265625 0.4638671875 0.05712890625 0.46875 0.06005859375 0.47265625 0.0615234375 0.482421875 0.0634765625 0.484375 0.064453125 0.482421875 0.06494140625 0.47265625 0.0634765625 0.4638671875 0.06298828125 0.4560546875 0.06298828125 0.4462890625 0.06298828125 0.4375 0.0625 0.431640625 0.06201171875 0.427734375 0.06005859375 0.4248046875 0.05859375 0.4228515625 0.056640625 0.42578125 0.0556640625 0.4296875 0.052734375 0.435546875 0.0517578125 0.44140625 0.05224609375 0.4501953125 0.05224609375 0.455078125
0 0.06298828125 0.4912109375 0.06396484375 0.4873046875 0.06396484375 0.482421875 0.0625 0.466796875 0.05908203125 0.4609375 0.05859375 0.455078125 0.06005859375 0.4541015625 0.0615234375 0.453125 0.0615234375 0.4501953125 0.06103515625 0.44921875 0.052734375 0.451171875 0.05517578125 0.4541015625 0.0556640625 0.45703125 0.0556640625 0.4619140625 0.0546875 0.4658203125 0.05419921875 0.470703125 0.05419921875 0.4794921875 0.05712890625 0.4912109375 0.06005859375 0.4931640625 0.06298828125 0.4912109375
9 0.13720703125 0.2841796875 0.1357421875 0.2744140625 0.1337890625 0.2724609375 0.13330078125 0.27734375 0.1328125 0.28515625 0.13330078125 0.2939453125 0.13330078125 0.2978515625 0.12939453125 0.296875 0.12353515625 0.2958984375 0.1220703125 0.2978515625 0.1220703125 0.30078125 0.12109375 0.3046875 0.12060546875 0.310546875 0.12158203125 0.31640625 0.1220703125 0.3232421875 0.12109375 0.3330078125 0.1162109375 0.333984375 0.11474609375 0.3359375 0.115234375 0.341796875 0.11474609375 0.345703125 0.11181640625 0.3466796875 0.1123046875 0.349609375 0.1171875 0.3544921875 0.119140625 0.357421875 0.1162109375 0.3623046875 0.11279296875 0.361328125 0.11474609375 0.3671875 0.11669921875 0.37109375 0.11474609375 0.373046875 0.11328125 0.3740234375 0.11328125 0.3818359375 0.1142578125 0.388671875 0.11572265625 0.390625 0.1181640625 0.3935546875 0.11962890625 0.3984375 0.12109375 0.404296875 0.1220703125 0.408203125 0.12353515625 0.412109375 0.125 0.4111328125 0.12841796875 0.4091796875 0.1328125 0.40625 0.13525390625 0.40625 0.1396484375 0.408203125 0.14599609375 0.41015625 0.15087890625 0.412109375 0.15576171875 0.4111328125 0.1591796875 0.41015625 0.16552734375 0.408203125 0.16845703125 0.4033203125 0.16845703125 0.3935546875 0.1708984375 0.380859375 0.17236328125 0.375 0.16650390625 0.373046875 0.16845703125 0.365234375 0.1689453125 0.3583984375 0.16357421875 0.361328125 0.1611328125 0.359375 0.16259765625 0.3525390625 0.162109375 0.349609375 0.16650390625 0.34375 0.16455078125 0.3408203125 0.16064453125 0.33203125 0.1630859375 0.3271484375 0.16552734375 0.3232421875 0.16162109375 0.318359375 0.1611328125 0.3134765625 0.15771484375 0.3125 0.15771484375 0.318359375 0.1552734375 0.3212890625 0.15673828125 0.314453125 0.15380859375 0.3115234375 0.1552734375 0.3037109375 0.15478515625 0.298828125 0.15185546875 0.291015625 0.14990234375 0.2880859375 0.1484375 0.2880859375 0.146484375 0.2919921875 0.14453125 0.287109375 0.142578125 0.28515625 0.13916015625 0.287109375 0.13720703125 0.2841796875
4 0.2685546875 0.4345703125 0.27001953125 0.435546875 0.27197265625 0.4345703125 0.27197265625 0.4287109375 0.27197265625 0.419921875 0.27197265625 0.412109375 0.271484375 0.4072265625 0.27001953125 0.4033203125 0.267578125 0.40625 0.2666015625 0.4150390625 0.2666015625 0.4248046875 0.26708984375 0.4296875 0.2685546875 0.4345703125
0 0 0.5029296875 0.00146484375 0.501953125 0.00341796875 0.498046875 0.00439453125 0.4931640625 0.00537109375 0.4990234375 0.0068359375 0.5029296875 0.0087890625 0.5029296875 0.01220703125 0.4931640625 0.01171875 0.484375 0.0107421875 0.4755859375 0.00634765625 0.46875 0.00439453125 0.4619140625 0 0.451171875 0 0.5029296875
6 0 0.482421875 0.0009765625 0.4853515625 0.00390625 0.4873046875 0.00830078125 0.4853515625 0.00927734375 0.482421875 0.0068359375 0.48046875 0.00830078125 0.4775390625 0.01171875 0.4755859375 0.01171875 0.474609375 0.01171875 0.4716796875 0.01123046875 0.4638671875 0.01025390625 0.4560546875 0.01220703125 0.4501953125 0.01513671875 0.439453125 0.01513671875 0.4326171875 0.01171875 0.419921875 0.01025390625 0.4189453125 0.00732421875 0.41796875 0.00732421875 0.4130859375 0.0068359375 0.41015625 0.0048828125 0.40625 0.001953125 0.4072265625 0 0.40625 0 0.482421875
9 0.31298828125 0.3095703125 0.3095703125 0.3056640625 0.310546875 0.291015625 0.31494140625 0.287109375 0.326171875 0.28125 0.31591796875 0.2734375 0.31103515625 0.271484375 0.32275390625 0.267578125 0.3232421875 0.2568359375 0.31787109375 0.2578125 0.31103515625 0.248046875 0.3125 0.2333984375 0.31689453125 0.2275390625 0.31787109375 0.2236328125 0.3095703125 0.2197265625 0.3056640625 0.220703125 0.3037109375 0.2314453125 0.306640625 0.24609375 0.3037109375 0.2783203125 0.30078125 0.29296875 0.30078125 0.296875 0.29248046875 0.2978515625 0.28955078125 0.3017578125 0.29150390625 0.3095703125 0.2880859375 0.3212890625 0.28662109375 0.33203125 0.2919921875 0.345703125 0.29638671875 0.3564453125 0.2998046875 0.365234375 0.30908203125 0.3681640625 0.3125 0.365234375 0.31591796875 0.365234375 0.32373046875 0.369140625 0.32666015625 0.3623046875 0.32861328125 0.35546875 0.33251953125 0.3515625 0.3388671875 0.3505859375 0.341796875 0.3408203125 0.33349609375 0.3349609375 0.32958984375 0.3330078125 0.333984375 0.3310546875 0.33740234375 0.330078125 0.337890625 0.32421875 0.33740234375 0.3154296875 0.33154296875 0.3115234375 0.3251953125 0.3115234375 0.32177734375 0.310546875 0.32373046875 0.3037109375 0.32763671875 0.30078125 0.33154296875 0.3017578125 0.33447265625 0.2919921875 0.32861328125 0.2880859375 0.3193359375 0.3037109375 0.31298828125 0.3095703125
0 0.3916015625 0.4130859375 0.38916015625 0.4130859375 0.388671875 0.4150390625 0.38720703125 0.419921875 0.38623046875 0.4208984375 0.38525390625 0.4228515625 0.384765625 0.42578125 0.38525390625 0.4306640625 0.38623046875 0.4326171875 0.3876953125 0.4326171875 0.3896484375 0.4326171875 0.39111328125 0.4287109375 0.39208984375 0.4267578125 0.39404296875 0.4287109375 0.3955078125 0.4306640625 0.3984375 0.4326171875 0.40087890625 0.4306640625 0.40185546875 0.4248046875 0.40234375 0.4189453125 0.39990234375 0.416015625 0.396484375 0.4169921875 0.39501953125 0.4150390625 0.3916015625 0.4130859375
6 0.39208984375 0.3984375 0.3916015625 0.4033203125 0.39013671875 0.4091796875 0.39013671875 0.4140625 0.3916015625 0.41796875 0.39208984375 0.4248046875 0.392578125 0.427734375 0.39599609375 0.4267578125 0.3955078125 0.4228515625 0.39599609375 0.416015625 0.39697265625 0.41015625 0.3955078125 0.400390625 0.39501953125 0.396484375 0.39306640625 0.396484375 0.39208984375 0.3984375
7 0.3740234375 0.3525390625 0.37548828125 0.3525390625 0.37744140625 0.3505859375 0.3779296875 0.345703125 0.37744140625 0.341796875 0.37646484375 0.33984375 0.37451171875 0.33984375 0.373046875 0.3408203125 0.37255859375 0.345703125 0.373046875 0.3505859375 0.3740234375 0.3525390625