9 0.38818359375 0.267578125 0.38671875 0.2861328125 0.3984375 0.310546875 0.40625 0.3125 0.41357421875 0.31640625 0.419921875 0.3095703125 0.41162109375 0.259765625 0.40478515625 0.259765625 0.39453125 0.2646484375 0.38818359375 0.267578125
4 0.65283203125 0.45703125 0.65380859375 0.5009765625 0.65380859375 0.509765625 0.65234375 0.5185546875 0.6533203125 0.5224609375 0.65869140625 0.5244140625 0.6630859375 0.5244140625 0.6611328125 0.5048828125 0.66064453125 0.48046875 0.66259765625 0.462890625 0.66748046875 0.4853515625 0.669921875 0.5048828125 0.67236328125 0.509765625 0.6728515625 0.5244140625 0.6748046875 0.52734375 0.67822265625 0.5185546875 0.67822265625 0.5087890625 0.67724609375 0.4990234375 0.6728515625 0.478515625 0.67333984375 0.4462890625 0.67724609375 0.4228515625 0.6787109375 0.4033203125 0.67626953125 0.392578125 0.671875 0.3837890625 0.6689453125 0.3759765625 0.66845703125 0.36328125 0.66455078125 0.357421875 0.66162109375 0.357421875 0.65869140625 0.3642578125 0.658203125 0.3740234375 0.6572265625 0.37890625 0.65478515625 0.3857421875 0.65185546875 0.4072265625 0.65234375 0.419921875 0.65234375 0.431640625 0.65283203125 0.45703125
4 0.6748046875 0.46875 0.6845703125 0.5009765625 0.6865234375 0.376953125 0.673828125 0.390625 0.6748046875 0.408203125 0.67919921875 0.41015625 0.6748046875 0.46875
4 0.8359375 0.4619140625 0.837890625 0.4697265625 0.83935546875 0.4814453125 0.83154296875 0.51953125 0.8330078125 0.5322265625 0.8359375 0.5380859375 0.8388671875 0.5390625 0.8408203125 0.5380859375 0.841796875 0.5341796875 0.84130859375 0.52734375 0.84912109375 0.4892578125 0.84619140625 0.51953125 0.845703125 0.537109375 0.84912109375 0.541015625 0.853515625 0.54296875 0.85693359375 0.54296875 0.85986328125 0.5419921875 0.85693359375 0.533203125 0.85693359375 0.4921875 0.8603515625 0.4716796875 0.86376953125 0.4619140625 0.8681640625 0.453125 0.86474609375 0.421875 0.86376953125 0.3994140625 0.859375 0.384765625 0.857421875 0.3828125 0.85888671875 0.3642578125 0.8525390625 0.353515625 0.84619140625 0.3544921875 0.84423828125 0.36328125 0.84423828125 0.3740234375 0.84375 0.3828125 0.8388671875 0.3876953125 0.83642578125 0.3896484375 0.833984375 0.4111328125 0.833984375 0.4345703125 0.8359375 0.4521484375 0.8359375 0.4619140625
9 0.7275390625 0 0.72314453125 0.0048828125 0.72509765625 0.015625 0.72802734375 0.0361328125 0.7275390625 0.07421875 0.7294921875 0.1455078125 0.72900390625 0.3134765625 0.72705078125 0.451171875 0.7255859375 0.591796875 0.74560546875 0.6123046875 0.74609375 0.580078125 0.74365234375 0.50390625 0.7451171875 0.37890625 0.74462890625 0.322265625 0.748046875 0.2919921875 0.74560546875 0.2568359375 0.7431640625 0.1650390625 0.74560546875 0.1162109375 0.74560546875 0.0888671875 0.74169921875 0.029296875 0.74560546875 0.0078125 0.7451171875 0 0.7275390625 0
9 0.39501953125 0.2998046875 0.392578125 0.2978515625 0.3896484375 0.3046875 0.38525390625 0.3193359375 0.38525390625 0.3212890625 0.3828125 0.33984375 0.38232421875 0.3671875 0.38232421875 0.380859375 0.38427734375 0.3984375 0.38671875 0.419921875 0.392578125 0.419921875 0.39892578125 0.419921875 0.3994140625 0.40625 0.39892578125 0.396484375 0.3994140625 0.388671875 0.4013671875 0.38671875 0.4052734375 0.3876953125 0.4091796875 0.3876953125 0.4091796875 0.3447265625 0.408203125 0.3388671875 0.4072265625 0.326171875 0.40185546875 0.31640625 0.3984375 0.3095703125 0.39501953125 0.2998046875
2 0.3974609375 0.416015625 0.3984375 0.4248046875 0.400390625 0.4267578125 0.40234375 0.4267578125 0.40234375 0.4248046875 0.40576171875 0.4248046875 0.40576171875 0.4267578125 0.408203125 0.4267578125 0.40869140625 0.400390625 0.40576171875 0.4013671875 0.4013671875 0.40234375 0.3974609375 0.416015625
7 0.36767578125 0.3095703125 0.3681640625 0.3232421875 0.39501953125 0.3251953125 0.39501953125 0.3125 0.36767578125 0.3095703125
7 0.373046875 0.3388671875 0.38916015625 0.33984375 0.388671875 0.3310546875 0.37353515625 0.330078125 0.373046875 0.3388671875
2 0.32373046875 0.396484375 0.3203125 0.3974609375 0.3173828125 0.396484375 0.314453125 0.3974609375 0.3134765625 0.408203125 0.31689453125 0.431640625 0.318359375 0.431640625 0.3193359375 0.43359375 0.3193359375 0.4404296875 0.3193359375 0.4423828125 0.3212890625 0.443359375 0.3232421875 0.4443359375 0.33251953125 0.4072265625 0.33056640625 0.400390625 0.3291015625 0.3984375 0.32666015625 0.3974609375 0.32373046875 0.396484375
2 0.322265625 0.4404296875 0.322265625 0.44921875 0.32275390625 0.4521484375 0.32373046875 0.453125 0.3271484375 0.4541015625 0.32861328125 0.4541015625 0.32958984375 0.4501953125 0.32958984375 0.447265625 0.333984375 0.4482421875 0.3359375 0.44921875 0.33984375 0.44921875 0.3427734375 0.4501953125 0.34521484375 0.447265625 0.349609375 0.435546875 0.3486328125 0.400390625 0.33056640625 0.3994140625 0.32568359375 0.412109375 0.322265625 0.42578125 0.322265625 0.4404296875
2 0.34423828125 0.41015625 0.34326171875 0.427734375 0.341796875 0.4443359375 0.34228515625 0.4541015625 0.34228515625 0.46484375 0.3427734375 0.4697265625 0.3447265625 0.4697265625 0.34716796875 0.46875 0.34814453125 0.4677734375 0.3486328125 0.4619140625 0.34912109375 0.4658203125 0.349609375 0.4697265625 0.3505859375 0.47265625 0.3544921875 0.4716796875 0.35546875 0.470703125 0.35546875 0.4638671875 0.357421875 0.4638671875 0.35888671875 0.4658203125 0.361328125 0.4658203125 0.36328125 0.4619140625 0.3779296875 0.462890625 0.37841796875 0.4658203125 0.37939453125 0.4736328125 0.38134765625 0.4736328125 0.3837890625 0.47265625 0.38427734375 0.470703125 0.3857421875 0.4658203125 0.38623046875 0.46875 0.38671875 0.4755859375 0.3876953125 0.4765625 0.390625 0.4765625 0.392578125 0.474609375 0.392578125 0.4697265625 0.39306640625 0.4580078125 0.39501953125 0.443359375 0.39404296875 0.423828125 0.3916015625 0.39453125 0.3876953125 0.369140625 0.38427734375 0.353515625 0.3642578125 0.3525390625 0.35595703125 0.35546875 0.34912109375 0.384765625 0.34423828125 0.41015625
2 0.2890625 0.421875 0.29052734375 0.421875 0.291015625 0.4189453125 0.298828125 0.4189453125 0.30126953125 0.41015625 0.29931640625 0.3994140625 0.29638671875 0.396484375 0.28369140625 0.39453125 0.28125 0.3994140625 0.28271484375 0.41015625 0.28564453125 0.4228515625 0.2890625 0.421875
2 0.26025390625 0.42578125 0.263671875 0.42578125 0.263671875 0.421875 0.26806640625 0.421875 0.2685546875 0.42578125 0.271484375 0.4248046875 0.2724609375 0.4228515625 0.2724609375 0.421875 0.27392578125 0.423828125 0.275390625 0.4248046875 0.27734375 0.4248046875 0.2783203125 0.4228515625 0.28271484375 0.421875 0.283203125 0.42578125 0.28515625 0.42578125 0.28759765625 0.421875 0.287109375 0.412109375 0.2861328125 0.4052734375 0.2802734375 0.396484375 0.2666015625 0.3984375 0.26025390625 0.4072265625 0.2587890625 0.4111328125 0.2587890625 0.4189453125 0.26025390625 0.42578125
7 0.21875 0.33203125 0.21923828125 0.3369140625 0.22119140625 0.33984375 0.22265625 0.33984375 0.2236328125 0.33984375 0.2255859375 0.3349609375 0.2255859375 0.3310546875 0.224609375 0.3271484375 0.22314453125 0.3251953125 0.2197265625 0.326171875 0.21875 0.33203125
7 0.22705078125 0.3369140625 0.2177734375 0.337890625 0.22265625 0.3525390625 0.22705078125 0.3369140625
2 0.2314453125 0.4267578125 0.23486328125 0.427734375 0.23583984375 0.4306640625 0.236328125 0.43359375 0.23779296875 0.43359375 0.240234375 0.4326171875 0.24072265625 0.4287109375 0.2412109375 0.4189453125 0.23974609375 0.41015625 0.240234375 0.4033203125 0.2421875 0.4013671875 0.2421875 0.396484375 0.24072265625 0.3955078125 0.23974609375 0.3857421875 0.23779296875 0.3720703125 0.234375 0.369140625 0.23291015625 0.3671875 0.22216796875 0.3662109375 0.220703125 0.3701171875 0.21728515625 0.3720703125 0.21435546875 0.375 0.212890625 0.384765625 0.212890625 0.3935546875 0.22119140625 0.419921875 0.22802734375 0.4267578125 0.2314453125 0.4267578125
2 0.29638671875 0.4287109375 0.2978515625 0.431640625 0.302734375 0.431640625 0.30419921875 0.4306640625 0.3046875 0.4267578125 0.31494140625 0.4287109375 0.3154296875 0.431640625 0.31640625 0.43359375 0.31982421875 0.4326171875 0.31982421875 0.4296875 0.322265625 0.412109375 0.3212890625 0.4072265625 0.318359375 0.400390625 0.31494140625 0.39453125 0.30322265625 0.3935546875 0.2998046875 0.3955078125 0.2958984375 0.4130859375 0.29638671875 0.4287109375
9 0.05810546875 0.3701171875 0.06298828125 0.375 0.06982421875 0.375 0.0732421875 0.373046875 0.07568359375 0.3662109375 0.078125 0.36328125 0.0810546875 0.36328125 0.0810546875 0.38671875 0.076171875 0.4052734375 0.1025390625 0.388671875 0.1015625 0.359375 0.10498046875 0.3583984375 0.10693359375 0.3583984375 0.10791015625 0.3603515625 0.11083984375 0.3603515625 0.115234375 0.36328125 0.11767578125 0.3662109375 0.11962890625 0.3603515625 0.11962890625 0.353515625 0.119140625 0.3486328125 0.12158203125 0.345703125 0.12548828125 0.3427734375 0.12841796875 0.341796875 0.13037109375 0.33984375 0.13330078125 0.3330078125 0.134765625 0.3251953125 0.13623046875 0.318359375 0.13720703125 0.3154296875 0.13916015625 0.3115234375 0.14208984375 0.3095703125 0.14599609375 0.3076171875 0.146484375 0.3037109375 0.146484375 0.298828125 0.1474609375 0.2978515625 0.14892578125 0.2919921875 0.146484375 0.283203125 0.14404296875 0.2724609375 0.1474609375 0.271484375 0.15234375 0.2685546875 0.15380859375 0.259765625 0.1533203125 0.2568359375 0.1513671875 0.25390625 0.146484375 0.251953125 0.1455078125 0.2490234375 0.14404296875 0.240234375 0.146484375 0.2421875 0.15087890625 0.2451171875 0.1533203125 0.23828125 0.1552734375 0.2294921875 0.15625 0.2236328125 0.1572265625 0.21484375 0.15380859375 0.20703125 0.150390625 0.203125 0.146484375 0.2001953125 0.142578125 0.2001953125 0.138671875 0.1943359375 0.13720703125 0.18359375 0.1337890625 0.1748046875 0.13134765625 0.17578125 0.12890625 0.1728515625 0.1279296875 0.169921875 0.125 0.1689453125 0.123046875 0.1640625 0.12109375 0.162109375 0.12353515625 0.162109375 0.12646484375 0.15625 0.12890625 0.1513671875 0.12939453125 0.1533203125 0.1318359375 0.1552734375 0.13232421875 0.1533203125 0.1396484375 0.1474609375 0.1435546875 0.142578125 0.1435546875 0.134765625 0.13916015625 0.134765625 0.13525390625 0.1337890625 0.12939453125 0.1318359375 0.12744140625 0.134765625 0.123046875 0.126953125 0.12060546875 0.125 0.11865234375 0.1171875 0.1201171875 0.109375 0.12060546875 0.1044921875 0.11669921875 0.099609375 0.11376953125 0.0966796875 0.11181640625 0.09765625 0.10986328125 0.0908203125 0.111328125 0.0849609375 0.11279296875 0.0771484375 0.11181640625 0.0732421875 0.1103515625 0.06640625 0.10888671875 0.0576171875 0.10302734375 0.0693359375 0.09765625 0.095703125 0.0986328125 0.1103515625 0.0986328125 0.1201171875 0.0966796875 0.1171875 0.0927734375 0.11328125 0.0908203125 0.109375 0.08935546875 0.1240234375 0.08935546875 0.1357421875 0.0849609375 0.1435546875 0.0810546875 0.14453125 0.07861328125 0.1435546875 0.0791015625 0.150390625 0.08056640625 0.154296875 0.07958984375 0.1572265625 0.07763671875 0.158203125 0.07763671875 0.1494140625 0.0751953125 0.15234375 0.07470703125 0.1591796875 0.0732421875 0.1640625 0.07080078125 0.1650390625 0.068359375 0.1669921875 0.068359375 0.1611328125 0.06787109375 0.1552734375 0.06591796875 0.1591796875 0.06494140625 0.166015625 0.0625 0.1650390625 0.060546875 0.1650390625 0.05712890625 0.1669921875 0.0546875 0.1650390625 0.052734375 0.162109375 0.05029296875 0.1650390625 0.04931640625 0.1669921875 0.04736328125 0.1689453125 0.05126953125 0.1767578125 0.05078125 0.1826171875 0.04248046875 0.30078125 0.0498046875 0.36328125 0.05810546875 0.3701171875
7 0.1171875 0.3271484375 0.11669921875 0.3349609375 0.13232421875 0.3359375 0.13232421875 0.330078125 0.1171875 0.3271484375
2 0.0849609375 0.4658203125 0.091796875 0.466796875 0.09716796875 0.466796875 0.10009765625 0.462890625 0.10400390625 0.4619140625 0.107421875 0.462890625 0.10888671875 0.4599609375 0.109375 0.44921875 0.11083984375 0.43359375 0.11083984375 0.4248046875 0.1064453125 0.4052734375 0.099609375 0.390625 0.09423828125 0.3876953125 0.0859375 0.3876953125 0.072265625 0.388671875 0.07080078125 0.39453125 0.07421875 0.439453125 0.08203125 0.462890625 0.0849609375 0.4658203125
2 0.0625 0.4775390625 0.06689453125 0.4775390625 0.0703125 0.4755859375 0.0712890625 0.47265625 0.07177734375 0.4658203125 0.0751953125 0.4638671875 0.07568359375 0.4658203125 0.07568359375 0.4697265625 0.07763671875 0.47265625 0.08056640625 0.47265625 0.08349609375 0.470703125 0.083984375 0.4697265625 0.08447265625 0.455078125 0.0849609375 0.4384765625 0.08447265625 0.423828125 0.08154296875 0.4072265625 0.07763671875 0.3955078125 0.06982421875 0.3837890625 0.06640625 0.384765625 0.06396484375 0.38671875 0.05322265625 0.384765625 0.04931640625 0.388671875 0.05029296875 0.43359375 0.05908203125 0.474609375 0.0625 0.4775390625
2 0.05029296875 0.48828125 0.05224609375 0.4892578125 0.0576171875 0.48828125 0.0595703125 0.484375 0.0615234375 0.4697265625 0.06201171875 0.4423828125 0.0615234375 0.4169921875 0.0576171875 0.3984375 0.0517578125 0.3837890625 0.046875 0.37890625 0.037109375 0.451171875 0.04638671875 0.48046875 0.05029296875 0.48828125
7 0.158203125 0.3466796875 0.158203125 0.3525390625 0.15869140625 0.3515625 0.15869140625 0.34765625 0.1640625 0.3349609375 0.154296875 0.3349609375 0.158203125 0.3466796875
2 0.19873046875 0.4130859375 0.1982421875 0.4375 0.19970703125 0.4404296875 0.2001953125 0.4443359375 0.201171875 0.4453125 0.20361328125 0.4443359375 0.2041015625 0.4404296875 0.224609375 0.4404296875 0.224609375 0.4462890625 0.2275390625 0.447265625 0.2294921875 0.4462890625 0.23046875 0.4404296875 0.23046875 0.421875 0.23046875 0.412109375 0.23193359375 0.4111328125 0.2314453125 0.4072265625 0.22900390625 0.40625 0.22705078125 0.396484375 0.2255859375 0.392578125 0.205078125 0.390625 0.203125 0.3935546875 0.2021484375 0.3974609375 0.19873046875 0.4130859375
2 0.20361328125 0.443359375 0.20361328125 0.4423828125 0.20361328125 0.42578125 0.2021484375 0.4111328125 0.1953125 0.3935546875 0.19189453125 0.3935546875 0.1943359375 0.419921875 0.19970703125 0.44140625 0.20361328125 0.443359375
2 0.19580078125 0.4609375 0.2001953125 0.4580078125 0.201171875 0.455078125 0.201171875 0.44921875 0.20166015625 0.4345703125 0.19921875 0.4140625 0.19677734375 0.3984375 0.19189453125 0.388671875 0.18896484375 0.388671875 0.18212890625 0.388671875 0.173828125 0.388671875 0.1689453125 0.3876953125 0.16455078125 0.3984375 0.18310546875 0.4482421875 0.193359375 0.4609375 0.19580078125 0.4609375
2 0.142578125 0.4013671875 0.13818359375 0.416015625 0.134765625 0.4150390625 0.1328125 0.416015625 0.1328125 0.419921875 0.13525390625 0.4248046875 0.13232421875 0.4306640625 0.1298828125 0.4384765625 0.1298828125 0.46484375 0.130859375 0.4765625 0.13232421875 0.482421875 0.1357421875 0.4833984375 0.138671875 0.4814453125 0.138671875 0.4736328125 0.14111328125 0.474609375 0.1416015625 0.478515625 0.14453125 0.48046875 0.14990234375 0.48046875 0.1611328125 0.478515625 0.171875 0.478515625 0.1796875 0.478515625 0.1806640625 0.48046875 0.18505859375 0.484375 0.18798828125 0.484375 0.189453125 0.4814453125 0.19189453125 0.4794921875 0.19384765625 0.4775390625 0.1943359375 0.458984375 0.19482421875 0.439453125 0.19140625 0.421875 0.18896484375 0.41015625 0.1865234375 0.40234375 0.18212890625 0.39453125 0.16064453125 0.39453125 0.1474609375 0.3974609375 0.142578125 0.4013671875
8 0 0.599609375 0.00048828125 0.59765625 0.001953125 0.587890625 0.00146484375 0.5751953125 0.01513671875 0.5771484375 0.015625 0.5361328125 0.0439453125 0.5302734375 0.05615234375 0.177734375 0 0.140625 0 0.599609375