9 0.548828125 0.423828125 0.59033203125 0.421875 0.5966796875 0.3603515625 0.59326171875 0.328125 0.591796875 0.3134765625 0.583984375 0.3056640625 0.58056640625 0.3037109375 0.578125 0.2978515625 0.57421875 0.2978515625 0.5712890625 0.30078125 0.57080078125 0.302734375 0.5654296875 0.30078125 0.56103515625 0.302734375 0.5576171875 0.3076171875 0.55322265625 0.3173828125 0.55517578125 0.3251953125 0.5556640625 0.33203125 0.55078125 0.33984375 0.54833984375 0.341796875 0.54931640625 0.349609375 0.54833984375 0.3515625 0.54736328125 0.357421875 0.54833984375 0.361328125 0.5458984375 0.3720703125 0.544921875 0.37890625 0.54736328125 0.384765625 0.5478515625 0.3974609375 0.5458984375 0.396484375 0.5439453125 0.3935546875 0.54150390625 0.3984375 0.5390625 0.3935546875 0.537109375 0.38671875 0.53564453125 0.3828125 0.53466796875 0.3779296875 0.53759765625 0.3681640625 0.5361328125 0.365234375 0.53466796875 0.3642578125 0.533203125 0.36328125 0.5322265625 0.3583984375 0.52880859375 0.349609375 0.52587890625 0.34375 0.5224609375 0.3291015625 0.5205078125 0.3232421875 0.51904296875 0.3173828125 0.517578125 0.3076171875 0.5146484375 0.3037109375 0.51611328125 0.2998046875 0.51611328125 0.29296875 0.5126953125 0.29296875 0.51025390625 0.291015625 0.5068359375 0.291015625 0.50244140625 0.291015625 0.50048828125 0.291015625 0.49755859375 0.29296875 0.49560546875 0.291015625 0.494140625 0.2890625 0.49072265625 0.2890625 0.490234375 0.2890625 0.48779296875 0.29296875 0.486328125 0.2978515625 0.486328125 0.3017578125 0.48583984375 0.3037109375 0.482421875 0.3017578125 0.4794921875 0.30078125 0.47705078125 0.2998046875 0.48046875 0.4345703125 0.52001953125 0.42578125 0.548828125 0.423828125
9 0.61962890625 0.2607421875 0.615234375 0.271484375 0.61083984375 0.271484375 0.60888671875 0.2734375 0.60888671875 0.27734375 0.60546875 0.2919921875 0.6025390625 0.3017578125 0.60009765625 0.3125 0.59814453125 0.3173828125 0.59423828125 0.3291015625 0.59130859375 0.3330078125 0.5888671875 0.337890625 0.58544921875 0.3447265625 0.5830078125 0.357421875 0.58251953125 0.3720703125 0.58203125 0.3818359375 0.58251953125 0.392578125 0.58447265625 0.4013671875 0.58837890625 0.4111328125 0.59521484375 0.42578125 0.62158203125 0.4345703125 0.623046875 0.287109375 0.61962890625 0.2607421875
7 0.7255859375 0.2353515625 0.7158203125 0.2529296875 0.72509765625 0.26953125 0.73486328125 0.2548828125 0.7255859375 0.2353515625
7 0.71630859375 0.22265625 0.71923828125 0.2265625 0.72509765625 0.228515625 0.7314453125 0.224609375 0.7333984375 0.2216796875 0.7333984375 0.2109375 0.732421875 0.203125 0.73046875 0.1962890625 0.72705078125 0.1962890625 0.72216796875 0.1962890625 0.71728515625 0.19921875 0.71630859375 0.2021484375 0.71484375 0.2080078125 0.71484375 0.216796875 0.71630859375 0.22265625
7 0.794921875 0.2783203125 0.79931640625 0.2802734375 0.82470703125 0.2802734375 0.82568359375 0.2763671875 0.82568359375 0.2236328125 0.82080078125 0.220703125 0.79736328125 0.22265625 0.79541015625 0.228515625 0.794921875 0.2783203125
7 0.43798828125 0.3857421875 0.43603515625 0.3857421875 0.43603515625 0.380859375 0.435546875 0.373046875 0.43408203125 0.3720703125 0.43115234375 0.373046875 0.4296875 0.4013671875 0.43798828125 0.4013671875 0.43798828125 0.3857421875
2 0.43505859375 0.41796875 0.43017578125 0.4208984375 0.431640625 0.4453125 0.4345703125 0.4462890625 0.43701171875 0.4462890625 0.4384765625 0.4443359375 0.44873046875 0.443359375 0.44970703125 0.4453125 0.45166015625 0.447265625 0.45458984375 0.443359375 0.45751953125 0.44140625 0.45751953125 0.431640625 0.4560546875 0.42578125 0.453125 0.4228515625 0.44873046875 0.41796875 0.44482421875 0.41796875 0.4404296875 0.41796875 0.43505859375 0.41796875
9 0.46728515625 0.43359375 0.46630859375 0.4423828125 0.4677734375 0.4443359375 0.47021484375 0.4453125 0.47314453125 0.4462890625 0.47705078125 0.443359375 0.48193359375 0.44140625 0.484375 0.4384765625 0.4873046875 0.43359375 0.48681640625 0.4296875 0.484375 0.4267578125 0.4814453125 0.427734375 0.47900390625 0.4267578125 0.474609375 0.4169921875 0.470703125 0.4169921875 0.46923828125 0.423828125 0.4677734375 0.427734375 0.46728515625 0.43359375
7 0.40869140625 0.3466796875 0.39306640625 0.3466796875 0.39306640625 0.3544921875 0.4111328125 0.3515625 0.40869140625 0.3466796875
7 0.3759765625 0.3623046875 0.3642578125 0.3623046875 0.36376953125 0.3701171875 0.37548828125 0.369140625 0.3759765625 0.3623046875
0 0.27734375 0.453125 0.275390625 0.4580078125 0.27392578125 0.4697265625 0.2763671875 0.4794921875 0.28125 0.4794921875 0.28564453125 0.478515625 0.29052734375 0.46875 0.29638671875 0.4697265625 0.298828125 0.474609375 0.30029296875 0.4765625 0.30322265625 0.478515625 0.3076171875 0.4794921875 0.3115234375 0.4716796875 0.31298828125 0.46484375 0.31298828125 0.45703125 0.3095703125 0.451171875 0.30712890625 0.4443359375 0.30615234375 0.439453125 0.298828125 0.4384765625 0.298828125 0.4462890625 0.29345703125 0.4619140625 0.287109375 0.4453125 0.28564453125 0.4345703125 0.2802734375 0.4375 0.28076171875 0.443359375 0.27734375 0.453125
7 0.28515625 0.328125 0.28662109375 0.3310546875 0.2880859375 0.3232421875 0.2890625 0.3076171875 0.287109375 0.296875 0.28466796875 0.302734375 0.2841796875 0.3076171875 0.28515625 0.328125
7 0.32373046875 0.2197265625 0.3203125 0.2294921875 0.32080078125 0.240234375 0.32177734375 0.2490234375 0.3251953125 0.2548828125 0.33154296875 0.2578125 0.33642578125 0.2509765625 0.3388671875 0.2412109375 0.337890625 0.2294921875 0.33447265625 0.220703125 0.32958984375 0.21875 0.3271484375 0.2177734375 0.32568359375 0.2177734375 0.32373046875 0.2197265625
2 0.56103515625 0.453125 0.5634765625 0.4638671875 0.5654296875 0.4677734375 0.5712890625 0.4677734375 0.5732421875 0.462890625 0.578125 0.4619140625 0.58740234375 0.4638671875 0.5888671875 0.4658203125 0.591796875 0.46875 0.5947265625 0.46875 0.59619140625 0.462890625 0.59716796875 0.46875 0.59912109375 0.4697265625 0.6044921875 0.4697265625 0.60546875 0.4677734375 0.60693359375 0.462890625 0.61474609375 0.4638671875 0.61962890625 0.462890625 0.62158203125 0.4677734375 0.62646484375 0.46875 0.62890625 0.4677734375 0.63134765625 0.4619140625 0.6318359375 0.4404296875 0.62744140625 0.431640625 0.61767578125 0.4169921875 0.60693359375 0.4052734375 0.583984375 0.4052734375 0.56982421875 0.408203125 0.56494140625 0.416015625 0.5625 0.4287109375 0.56103515625 0.453125
7 0.6513671875 0.3828125 0.6533203125 0.3828125 0.65771484375 0.3798828125 0.65869140625 0.3759765625 0.658203125 0.369140625 0.65380859375 0.3662109375 0.64892578125 0.369140625 0.64892578125 0.3740234375 0.6494140625 0.37890625 0.6513671875 0.3828125
9 0 0.5380859375 0.044921875 0.53125 0.09326171875 0.5205078125 0.0947265625 0.5107421875 0.095703125 0.494140625 0.0947265625 0.482421875 0.09375 0.4736328125 0.09326171875 0.458984375 0.091796875 0.4423828125 0.091796875 0.408203125 0.09130859375 0.390625 0.09033203125 0.375 0.08544921875 0.357421875 0.07861328125 0.3525390625 0.0751953125 0.3515625 0.06884765625 0.3525390625 0.064453125 0.3515625 0.0576171875 0.34765625 0.05078125 0.34765625 0.04736328125 0.34765625 0.03662109375 0.3505859375 0.02880859375 0.3505859375 0.01953125 0.3525390625 0.01025390625 0.3515625 0 0.3505859375 0 0.5380859375
7 0.59521484375 0.39453125 0.59912109375 0.3935546875 0.5986328125 0.3857421875 0.59521484375 0.3876953125 0.59521484375 0.39453125