2 0.47900390625 0.4130859375 0.478515625 0.4169921875 0.484375 0.4189453125 0.486328125 0.419921875 0.4912109375 0.423828125 0.50146484375 0.423828125 0.50244140625 0.41796875 0.49658203125 0.4091796875 0.49462890625 0.4072265625 0.490234375 0.3994140625 0.48388671875 0.40234375 0.482421875 0.4033203125 0.47998046875 0.4091796875 0.47900390625 0.4130859375
2 0.42333984375 0.43359375 0.4306640625 0.427734375 0.43115234375 0.40625 0.4267578125 0.4013671875 0.4150390625 0.4013671875 0.4150390625 0.4267578125 0.41748046875 0.4345703125 0.42333984375 0.43359375
2 0.4423828125 0.4296875 0.44140625 0.419921875 0.4404296875 0.4150390625 0.43505859375 0.4130859375 0.42919921875 0.4150390625 0.4267578125 0.4267578125 0.42724609375 0.4365234375 0.427734375 0.439453125 0.4296875 0.439453125 0.4306640625 0.4365234375 0.43896484375 0.4365234375 0.4404296875 0.4384765625 0.4423828125 0.4365234375 0.4423828125 0.431640625 0.4423828125 0.4296875
2 0.3935546875 0.4267578125 0.3935546875 0.4013671875 0.376953125 0.400390625 0.37158203125 0.41796875 0.37744140625 0.4287109375 0.3935546875 0.4267578125
2 0.41845703125 0.4501953125 0.4208984375 0.4501953125 0.4208984375 0.4384765625 0.4208984375 0.4306640625 0.4189453125 0.423828125 0.416015625 0.419921875 0.40380859375 0.419921875 0.4013671875 0.4248046875 0.3994140625 0.4287109375 0.3974609375 0.42578125 0.40234375 0.4541015625 0.404296875 0.4501953125 0.4150390625 0.4501953125 0.4169921875 0.4521484375 0.41845703125 0.4501953125
2 0.3564453125 0.4677734375 0.3564453125 0.4716796875 0.35888671875 0.4716796875 0.35986328125 0.46484375 0.3642578125 0.4638671875 0.37353515625 0.4638671875 0.37939453125 0.4609375 0.38037109375 0.466796875 0.3828125 0.466796875 0.384765625 0.462890625 0.384765625 0.453125 0.384765625 0.4453125 0.38427734375 0.4287109375 0.37890625 0.412109375 0.373046875 0.412109375 0.361328125 0.4130859375 0.35498046875 0.4140625 0.35009765625 0.4345703125 0.3544921875 0.451171875 0.3564453125 0.4677734375
2 0.2275390625 0.4755859375 0.2294921875 0.484375 0.23876953125 0.484375 0.25 0.42578125 0.234375 0.4287109375 0.232421875 0.4365234375 0.228515625 0.4384765625 0.22802734375 0.44140625 0.22998046875 0.443359375 0.22900390625 0.4560546875 0.2275390625 0.4755859375
2 0.232421875 0.4677734375 0.232421875 0.4833984375 0.2333984375 0.48828125 0.23388671875 0.4931640625 0.23828125 0.4931640625 0.23974609375 0.4873046875 0.24755859375 0.486328125 0.25048828125 0.4951171875 0.265625 0.4228515625 0.23974609375 0.427734375 0.23681640625 0.443359375 0.236328125 0.453125 0.232421875 0.4677734375
2 0.328125 0.447265625 0.32666015625 0.4326171875 0.31689453125 0.4248046875 0.30810546875 0.4267578125 0.3125 0.47265625 0.3232421875 0.47265625 0.328125 0.447265625
2 0.15869140625 0.4814453125 0.16259765625 0.4814453125 0.17724609375 0.482421875 0.18310546875 0.4794921875 0.1865234375 0.46484375 0.18505859375 0.4501953125 0.1806640625 0.43359375 0.16357421875 0.431640625 0.15576171875 0.43359375 0.15869140625 0.4814453125
4 0.0439453125 0.46875 0.0439453125 0.4794921875 0.0498046875 0.4814453125 0.05029296875 0.494140625 0.05029296875 0.5009765625 0.05322265625 0.5068359375 0.05712890625 0.509765625 0.0595703125 0.509765625 0.0615234375 0.498046875 0.06298828125 0.49609375 0.064453125 0.4951171875 0.06787109375 0.4892578125 0.0654296875 0.4775390625 0.064453125 0.470703125 0.06396484375 0.455078125 0.0595703125 0.4453125 0.05615234375 0.4267578125 0.05126953125 0.427734375 0.0498046875 0.43359375 0.0498046875 0.4404296875 0.04638671875 0.451171875 0.0439453125 0.46875
9 0.50341796875 0.2451171875 0.50244140625 0.255859375 0.50634765625 0.26953125 0.49755859375 0.294921875 0.494140625 0.3271484375 0.4912109375 0.33984375 0.4951171875 0.3544921875 0.50244140625 0.365234375 0.51025390625 0.3720703125 0.51611328125 0.380859375 0.5224609375 0.37890625 0.52099609375 0.4140625 0.52587890625 0.419921875 0.533203125 0.4248046875 0.5400390625 0.4248046875 0.55078125 0.4228515625 0.56396484375 0.42578125 0.58251953125 0.4326171875 0.5908203125 0.431640625 0.607421875 0.439453125 0.62060546875 0.4287109375 0.62890625 0.421875 0.62353515625 0.4443359375 0.64306640625 0.4453125 0.66650390625 0.45703125 0.6796875 0.4501953125 0.6806640625 0.4287109375 0.68408203125 0.408203125 0.685546875 0.3642578125 0.68310546875 0.2939453125 0.69091796875 0.2548828125 0.7021484375 0.2998046875 0.73291015625 0.3056640625 0.74365234375 0.279296875 0.73974609375 0.2529296875 0.77880859375 0.201171875 0.7822265625 0.181640625 0.78466796875 0.1591796875 0.7763671875 0.138671875 0.767578125 0.1435546875 0.76513671875 0.0849609375 0.751953125 0.056640625 0.76611328125 0.02734375 0.7705078125 0 0.5166015625 0.0009765625 0.51416015625 0.0126953125 0.5205078125 0.02734375 0.5205078125 0.0498046875 0.515625 0.083984375 0.51025390625 0.09375 0.50634765625 0.10546875 0.50390625 0.115234375 0.5107421875 0.1220703125 0.50634765625 0.1591796875 0.50390625 0.1845703125 0.50439453125 0.2021484375 0.5078125 0.232421875 0.50341796875 0.2451171875
2 0.53515625 0.3896484375 0.53466796875 0.4248046875 0.5537109375 0.4287109375 0.55419921875 0.390625 0.53515625 0.3896484375
2 0.5673828125 0.4404296875 0.5703125 0.4404296875 0.57080078125 0.4375 0.5791015625 0.4375 0.5791015625 0.4404296875 0.583984375 0.4404296875 0.583984375 0.431640625 0.5830078125 0.419921875 0.5830078125 0.4169921875 0.580078125 0.412109375 0.57470703125 0.41015625 0.5703125 0.4111328125 0.56689453125 0.41796875 0.5654296875 0.4248046875 0.564453125 0.431640625 0.56494140625 0.4375 0.5673828125 0.4404296875
7 0.7744140625 0.3125 0.798828125 0.3115234375 0.7978515625 0.2861328125 0.79296875 0.2861328125 0.79296875 0.2958984375 0.775390625 0.298828125 0.7744140625 0.3125
4 0.88037109375 0.404296875 0.8818359375 0.4326171875 0.8828125 0.462890625 0.88330078125 0.484375 0.88720703125 0.4892578125 0.89404296875 0.4873046875 0.89501953125 0.466796875 0.896484375 0.44921875 0.89697265625 0.4423828125 0.8984375 0.4365234375 0.89599609375 0.423828125 0.89404296875 0.396484375 0.89453125 0.3828125 0.8876953125 0.3720703125 0.8818359375 0.3818359375 0.88232421875 0.3984375 0.88037109375 0.404296875
4 0.90283203125 0.4716796875 0.91162109375 0.4794921875 0.92041015625 0.4775390625 0.919921875 0.4521484375 0.9208984375 0.42578125 0.9208984375 0.4033203125 0.91845703125 0.392578125 0.9150390625 0.37890625 0.90869140625 0.3779296875 0.90478515625 0.3935546875 0.89990234375 0.416015625 0.900390625 0.44140625 0.90283203125 0.4716796875
2 0.66357421875 0.4287109375 0.65185546875 0.439453125 0.6513671875 0.458984375 0.65673828125 0.466796875 0.66455078125 0.46875 0.66650390625 0.4794921875 0.662109375 0.5 0.65771484375 0.5146484375 0.658203125 0.55078125 0.658203125 0.62109375 0.6611328125 0.640625 0.666015625 0.6455078125 0.673828125 0.64453125 0.681640625 0.650390625 0.6845703125 0.634765625 0.68896484375 0.6396484375 0.69287109375 0.666015625 0.6923828125 0.6826171875 0.6962890625 0.69140625 0.70654296875 0.6953125 0.71533203125 0.6953125 0.72705078125 0.697265625 0.73974609375 0.6669921875 0.83154296875 0.6640625 0.837890625 0.673828125 0.86474609375 0.669921875 0.89599609375 0.544921875 0.88916015625 0.4775390625 0.88427734375 0.4208984375 0.86962890625 0.3681640625 0.85546875 0.34765625 0.84521484375 0.3310546875 0.8232421875 0.3310546875 0.81005859375 0.3359375 0.794921875 0.3359375 0.79052734375 0.333984375 0.7890625 0.330078125 0.78369140625 0.3359375 0.75244140625 0.33984375 0.7392578125 0.3349609375 0.73486328125 0.330078125 0.71923828125 0.3310546875 0.70458984375 0.3369140625 0.69921875 0.349609375 0.697265625 0.35546875 0.69189453125 0.3642578125 0.6787109375 0.412109375 0.6728515625 0.45703125 0.67138671875 0.439453125 0.66357421875 0.4287109375
2 0.84765625 0.638671875 0.8408203125 0.7001953125 0.84423828125 0.7392578125 0.84326171875 0.7880859375 0.84521484375 0.8212890625 0.84814453125 0.87890625 0.857421875 0.916015625 0.86669921875 0.9375 0.88525390625 0.94921875 0.896484375 0.9482421875 0.91455078125 0.9150390625 0.943359375 0.9443359375 0.984375 0.9990234375 0.998046875 0.9970703125 0.99853515625 0.322265625 0.98779296875 0.3388671875 0.96240234375 0.3759765625 0.93359375 0.4326171875 0.91845703125 0.458984375 0.90380859375 0.4619140625 0.89306640625 0.4697265625 0.88134765625 0.4873046875 0.8798828125 0.5009765625 0.88525390625 0.517578125 0.8935546875 0.5302734375 0.8818359375 0.544921875 0.86572265625 0.5654296875 0.857421875 0.5869140625 0.85302734375 0.615234375 0.84765625 0.638671875
2 0.25244140625 0.4453125 0.2490234375 0.4609375 0.24755859375 0.48046875 0.25048828125 0.49609375 0.2568359375 0.49609375 0.26025390625 0.48828125 0.26904296875 0.486328125 0.27001953125 0.4921875 0.2763671875 0.494140625 0.27685546875 0.4873046875 0.29052734375 0.486328125 0.291015625 0.4892578125 0.294921875 0.4921875 0.29736328125 0.4912109375 0.298828125 0.4892578125 0.30029296875 0.4833984375 0.30615234375 0.48046875 0.30810546875 0.48828125 0.3115234375 0.4892578125 0.314453125 0.4873046875 0.31591796875 0.4736328125 0.31591796875 0.458984375 0.31396484375 0.4404296875 0.3115234375 0.4228515625 0.3076171875 0.4111328125 0.30078125 0.41015625 0.29150390625 0.4111328125 0.2783203125 0.41015625 0.2626953125 0.4140625 0.2607421875 0.41796875 0.255859375 0.439453125 0.25244140625 0.4453125
2 0.32080078125 0.4482421875 0.31982421875 0.462890625 0.3203125 0.474609375 0.3212890625 0.48046875 0.32470703125 0.4794921875 0.3251953125 0.474609375 0.32763671875 0.474609375 0.32958984375 0.478515625 0.33154296875 0.4765625 0.33251953125 0.47265625 0.345703125 0.47265625 0.34716796875 0.4755859375 0.35009765625 0.4765625 0.3505859375 0.47265625 0.35302734375 0.47265625 0.3544921875 0.4755859375 0.3564453125 0.47265625 0.3564453125 0.462890625 0.3564453125 0.4560546875 0.3544921875 0.443359375 0.35205078125 0.4326171875 0.349609375 0.427734375 0.33837890625 0.4267578125 0.32861328125 0.4287109375 0.32666015625 0.4326171875 0.32470703125 0.439453125 0.32080078125 0.4482421875
7 0.97021484375 0.0751953125 0.97998046875 0.0537109375 0.9833984375 0.03125 0.98095703125 0.0048828125 0.97607421875 0.001953125 0.94970703125 0 0.94091796875 0.0166015625 0.93701171875 0.0498046875 0.9453125 0.0693359375 0.958984375 0.078125 0.97021484375 0.0751953125
7 0.9921875 0.140625 0.95947265625 0.0830078125 0.931640625 0.1484375 0.96044921875 0.205078125 0.9921875 0.140625