9 0.3515625 0.3369140625 0.34228515625 0.3349609375 0.3310546875 0.333984375 0.328125 0.3359375 0.32177734375 0.33984375 0.31982421875 0.333984375 0.31689453125 0.330078125 0.3134765625 0.3310546875 0.3125 0.33203125 0.3095703125 0.3291015625 0.30029296875 0.3310546875 0.29638671875 0.3310546875 0.287109375 0.333984375 0.283203125 0.337890625 0.28125 0.3515625 0.3076171875 0.3603515625 0.38818359375 0.3662109375 0.4072265625 0.3720703125 0.4443359375 0.3662109375 0.44482421875 0.3447265625 0.43994140625 0.3330078125 0.4248046875 0.3349609375 0.42138671875 0.3359375 0.4189453125 0.3466796875 0.40966796875 0.3369140625 0.40234375 0.3369140625 0.39599609375 0.3408203125 0.3916015625 0.3505859375 0.38818359375 0.3447265625 0.3798828125 0.3447265625 0.3681640625 0.3466796875 0.36474609375 0.34375 0.3623046875 0.3349609375 0.3515625 0.3369140625
7 0.32373046875 0.3369140625 0.3125 0.3369140625 0.31298828125 0.3623046875 0.32373046875 0.36328125 0.32373046875 0.3369140625
7 0.30078125 0.3525390625 0.30126953125 0.326171875 0.2939453125 0.32421875 0.29345703125 0.3525390625 0.30078125 0.3525390625
2 0.20361328125 0.40234375 0.21044921875 0.3896484375 0.21240234375 0.376953125 0.20703125 0.3740234375 0.19970703125 0.3740234375 0.19189453125 0.3740234375 0.19140625 0.3984375 0.19677734375 0.3994140625 0.20361328125 0.40234375
2 0.232421875 0.3955078125 0.2333984375 0.40234375 0.2421875 0.4033203125 0.24951171875 0.404296875 0.251953125 0.40625 0.25439453125 0.40625 0.255859375 0.4033203125 0.25634765625 0.3935546875 0.25537109375 0.384765625 0.25439453125 0.3818359375 0.25146484375 0.3740234375 0.244140625 0.375 0.23779296875 0.3740234375 0.23193359375 0.37890625 0.232421875 0.3955078125
2 0.2578125 0.3828125 0.25634765625 0.3896484375 0.255859375 0.3974609375 0.255859375 0.4033203125 0.25634765625 0.408203125 0.2578125 0.4091796875 0.259765625 0.4052734375 0.26123046875 0.40625 0.2626953125 0.41015625 0.26416015625 0.4091796875 0.26708984375 0.4052734375 0.2734375 0.40625 0.275390625 0.4091796875 0.2802734375 0.4052734375 0.2802734375 0.3828125 0.27783203125 0.373046875 0.263671875 0.3720703125 0.26171875 0.3740234375 0.25927734375 0.3779296875 0.2578125 0.3828125
7 0.279296875 0.349609375 0.279296875 0.34375 0.2763671875 0.3408203125 0.2724609375 0.33984375 0.26953125 0.34765625 0.2744140625 0.353515625 0.279296875 0.349609375
2 0.275390625 0.404296875 0.27587890625 0.4169921875 0.2783203125 0.4189453125 0.2802734375 0.41796875 0.28076171875 0.4150390625 0.2822265625 0.4150390625 0.283203125 0.41796875 0.28515625 0.419921875 0.287109375 0.419921875 0.28759765625 0.416015625 0.29638671875 0.416015625 0.296875 0.41796875 0.29833984375 0.419921875 0.2998046875 0.419921875 0.30029296875 0.4169921875 0.3037109375 0.4169921875 0.30419921875 0.419921875 0.30712890625 0.4208984375 0.30908203125 0.419921875 0.30908203125 0.4150390625 0.3095703125 0.412109375 0.3095703125 0.4052734375 0.30859375 0.39453125 0.3056640625 0.3896484375 0.3017578125 0.380859375 0.2939453125 0.380859375 0.28466796875 0.3818359375 0.28173828125 0.388671875 0.27783203125 0.390625 0.27734375 0.3935546875 0.27783203125 0.396484375 0.275390625 0.404296875
7 0.64404296875 0.3671875 0.64599609375 0.3740234375 0.6572265625 0.3759765625 0.6572265625 0.3623046875 0.6572265625 0.3466796875 0.65625 0.33984375 0.64892578125 0.337890625 0.6474609375 0.341796875 0.64599609375 0.3583984375 0.64404296875 0.3671875
4 0.64208984375 0.39453125 0.63720703125 0.3974609375 0.63330078125 0.3955078125 0.63134765625 0.3994140625 0.6318359375 0.4033203125 0.634765625 0.4033203125 0.642578125 0.4033203125 0.64111328125 0.4189453125 0.64208984375 0.443359375 0.63916015625 0.4560546875 0.64697265625 0.45703125 0.65380859375 0.455078125 0.65380859375 0.4345703125 0.65380859375 0.4169921875 0.6533203125 0.404296875 0.65234375 0.392578125 0.6513671875 0.3818359375 0.650390625 0.3779296875 0.650390625 0.3720703125 0.64697265625 0.3681640625 0.64208984375 0.3671875 0.64111328125 0.3759765625 0.64306640625 0.3828125 0.64208984375 0.39453125
2 0.673828125 0.44140625 0.67529296875 0.443359375 0.67724609375 0.44921875 0.68017578125 0.44921875 0.6845703125 0.4443359375 0.7001953125 0.4453125 0.70361328125 0.4453125 0.716796875 0.443359375 0.72119140625 0.4287109375 0.72119140625 0.4052734375 0.71435546875 0.3916015625 0.70458984375 0.3935546875 0.6982421875 0.3935546875 0.69140625 0.400390625 0.685546875 0.4130859375 0.67626953125 0.4169921875 0.67333984375 0.4248046875 0.67236328125 0.435546875 0.673828125 0.44140625
5 0.658203125 0.3935546875 0.65625 0.400390625 0.650390625 0.4140625 0.6513671875 0.4208984375 0.65771484375 0.4130859375 0.658203125 0.419921875 0.65869140625 0.44140625 0.65869140625 0.4560546875 0.6630859375 0.4609375 0.6669921875 0.4599609375 0.6640625 0.443359375 0.666015625 0.4248046875 0.66748046875 0.4306640625 0.66796875 0.4453125 0.67333984375 0.447265625 0.67529296875 0.44140625 0.67529296875 0.4287109375 0.677734375 0.412109375 0.67626953125 0.396484375 0.67431640625 0.3876953125 0.6689453125 0.38671875 0.66748046875 0.37109375 0.66162109375 0.369140625 0.6591796875 0.37109375 0.6591796875 0.380859375 0.658203125 0.3935546875
4 0.708984375 0.4072265625 0.71142578125 0.4345703125 0.71435546875 0.443359375 0.71533203125 0.4599609375 0.71533203125 0.4677734375 0.7236328125 0.46875 0.72509765625 0.4560546875 0.72705078125 0.4375 0.728515625 0.4248046875 0.7294921875 0.4091796875 0.72705078125 0.38671875 0.72314453125 0.3828125 0.72412109375 0.373046875 0.71875 0.3740234375 0.7158203125 0.380859375 0.7119140625 0.3896484375 0.708984375 0.4072265625
2 0.75244140625 0.45703125 0.76220703125 0.458984375 0.765625 0.4619140625 0.7705078125 0.4638671875 0.7763671875 0.4619140625 0.77978515625 0.45703125 0.814453125 0.45703125 0.822265625 0.4658203125 0.83251953125 0.46484375 0.837890625 0.453125 0.84228515625 0.419921875 0.83447265625 0.400390625 0.80908203125 0.39453125 0.79248046875 0.3974609375 0.78173828125 0.4091796875 0.7705078125 0.4169921875 0.76025390625 0.4208984375 0.751953125 0.4296875 0.75 0.44140625 0.75244140625 0.45703125
7 0.84130859375 0.2998046875 0.8388671875 0.310546875 0.8427734375 0.33203125 0.83837890625 0.33203125 0.83984375 0.3525390625 0.85546875 0.353515625 0.85693359375 0.328125 0.857421875 0.30859375 0.85205078125 0.2978515625 0.84619140625 0.2978515625 0.84130859375 0.2998046875
4 0.54541015625 0.37109375 0.5419921875 0.3759765625 0.5400390625 0.3896484375 0.5390625 0.4130859375 0.55126953125 0.4130859375 0.5576171875 0.4130859375 0.55810546875 0.396484375 0.55810546875 0.38671875 0.5546875 0.375 0.55322265625 0.3623046875 0.54833984375 0.36328125 0.54541015625 0.37109375
7 0.1533203125 0.33984375 0.15771484375 0.3359375 0.15966796875 0.3330078125 0.16015625 0.330078125 0.15966796875 0.3212890625 0.15283203125 0.3193359375 0.14794921875 0.326171875 0.14990234375 0.3388671875 0.1533203125 0.33984375
7 0.23486328125 0.3310546875 0.234375 0.3544921875 0.2470703125 0.357421875 0.24658203125 0.3310546875 0.23486328125 0.3310546875
4 0.103515625 0.462890625 0.10791015625 0.45703125 0.107421875 0.4384765625 0.107421875 0.4072265625 0.10791015625 0.3798828125 0.107421875 0.3642578125 0.10498046875 0.35546875 0.1005859375 0.333984375 0.10400390625 0.3232421875 0.1044921875 0.3125 0.10546875 0.296875 0.10498046875 0.2861328125 0.10107421875 0.2783203125 0.09765625 0.27734375 0.08984375 0.2783203125 0.0888671875 0.2880859375 0.08740234375 0.294921875 0.08447265625 0.2998046875 0.0849609375 0.3154296875 0.07666015625 0.3212890625 0.0712890625 0.3330078125 0.06787109375 0.33984375 0.0595703125 0.3798828125 0.05712890625 0.396484375 0.05517578125 0.439453125 0.0546875 0.4638671875 0.05859375 0.4677734375 0.06640625 0.466796875 0.06640625 0.44921875 0.0703125 0.4560546875 0.06689453125 0.46875 0.0634765625 0.482421875 0.0634765625 0.498046875 0.05859375 0.5234375 0.05712890625 0.5498046875 0.05517578125 0.578125 0.05322265625 0.5947265625 0.05078125 0.6103515625 0.05615234375 0.6171875 0.080078125 0.615234375 0.08251953125 0.6064453125 0.0732421875 0.6005859375 0.07568359375 0.5791015625 0.0771484375 0.5595703125 0.08056640625 0.5390625 0.08056640625 0.521484375 0.08056640625 0.51171875 0.083984375 0.490234375 0.08642578125 0.5 0.08935546875 0.5146484375 0.09130859375 0.5361328125 0.09326171875 0.5654296875 0.095703125 0.5830078125 0.09619140625 0.599609375 0.09814453125 0.6044921875 0.10009765625 0.60546875 0.10107421875 0.6123046875 0.1044921875 0.6162109375 0.11328125 0.6162109375 0.12255859375 0.6103515625 0.12939453125 0.60546875 0.130859375 0.5986328125 0.126953125 0.5947265625 0.12255859375 0.59375 0.1181640625 0.5869140625 0.11376953125 0.5888671875 0.11083984375 0.578125 0.109375 0.568359375 0.10888671875 0.5595703125 0.10791015625 0.548828125 0.10791015625 0.5380859375 0.10791015625 0.525390625 0.10791015625 0.5078125 0.1044921875 0.48828125 0.0986328125 0.4580078125 0.103515625 0.462890625
0 0 0.4638671875 0.01220703125 0.4462890625 0.01416015625 0.435546875 0.01171875 0.41796875 0.00732421875 0.40625 0 0.40234375 0 0.4638671875