9 0.5576171875 0.365234375 0.55615234375 0.365234375 0.5537109375 0.3701171875 0.55224609375 0.3681640625 0.5517578125 0.3662109375 0.55126953125 0.3662109375 0.5498046875 0.361328125 0.54833984375 0.3681640625 0.54638671875 0.3740234375 0.5458984375 0.3798828125 0.5439453125 0.3837890625 0.541015625 0.3994140625 0.541015625 0.4013671875 0.541015625 0.40234375 0.546875 0.40234375 0.546875 0.408203125 0.5498046875 0.41015625 0.55419921875 0.4091796875 0.5615234375 0.41015625 0.5673828125 0.4072265625 0.5693359375 0.40234375 0.5703125 0.4013671875 0.56982421875 0.3701171875 0.56884765625 0.3681640625 0.56787109375 0.3642578125 0.5673828125 0.3544921875 0.56298828125 0.353515625 0.560546875 0.35546875 0.55859375 0.361328125 0.55810546875 0.3603515625 0.5576171875 0.365234375
9 0.484375 0.3486328125 0.4833984375 0.3583984375 0.482421875 0.384765625 0.48583984375 0.4013671875 0.4873046875 0.4013671875 0.48828125 0.4013671875 0.4892578125 0.4013671875 0.490234375 0.400390625 0.49169921875 0.400390625 0.4921875 0.4013671875 0.4931640625 0.4013671875 0.49365234375 0.4013671875 0.494140625 0.4013671875 0.49609375 0.3994140625 0.49658203125 0.3974609375 0.49755859375 0.396484375 0.49755859375 0.3955078125 0.498046875 0.392578125 0.498046875 0.3916015625 0.498046875 0.390625 0.49755859375 0.388671875 0.49755859375 0.3876953125 0.49755859375 0.3857421875 0.49755859375 0.384765625 0.498046875 0.3828125 0.49853515625 0.380859375 0.5 0.3798828125 0.501953125 0.3798828125 0.501953125 0.3779296875 0.5009765625 0.3740234375 0.49853515625 0.37109375 0.49658203125 0.365234375 0.4951171875 0.365234375 0.4951171875 0.3642578125 0.4951171875 0.361328125 0.49462890625 0.359375 0.4931640625 0.3583984375 0.49169921875 0.3603515625 0.49072265625 0.3564453125 0.4892578125 0.353515625 0.4873046875 0.349609375 0.486328125 0.3486328125 0.48583984375 0.34765625 0.484375 0.3486328125
9 0.50244140625 0.3818359375 0.501953125 0.3837890625 0.501953125 0.384765625 0.501953125 0.3876953125 0.50244140625 0.3896484375 0.50244140625 0.390625 0.50244140625 0.392578125 0.501953125 0.3935546875 0.50146484375 0.39453125 0.5009765625 0.3955078125 0.5009765625 0.396484375 0.5009765625 0.3994140625 0.50146484375 0.400390625 0.501953125 0.4013671875 0.50390625 0.40234375 0.50341796875 0.4072265625 0.505859375 0.4091796875 0.51220703125 0.4072265625 0.51611328125 0.40234375 0.5185546875 0.3994140625 0.5185546875 0.3955078125 0.51953125 0.392578125 0.5205078125 0.3916015625 0.521484375 0.3876953125 0.52197265625 0.3818359375 0.52294921875 0.3798828125 0.5234375 0.376953125 0.5234375 0.373046875 0.52490234375 0.3720703125 0.5244140625 0.3671875 0.52392578125 0.365234375 0.5234375 0.3662109375 0.5224609375 0.3662109375 0.5224609375 0.3623046875 0.52197265625 0.3583984375 0.521484375 0.3564453125 0.5205078125 0.35546875 0.5205078125 0.3564453125 0.52001953125 0.3564453125 0.52001953125 0.357421875 0.51953125 0.3583984375 0.51904296875 0.3583984375 0.5185546875 0.3583984375 0.51806640625 0.3583984375 0.517578125 0.3603515625 0.51708984375 0.361328125 0.5166015625 0.361328125 0.51611328125 0.3603515625 0.515625 0.3603515625 0.515625 0.361328125 0.515625 0.3623046875 0.51513671875 0.3642578125 0.51416015625 0.3642578125 0.513671875 0.3642578125 0.51318359375 0.3623046875 0.51318359375 0.361328125 0.5126953125 0.3623046875 0.51220703125 0.3623046875 0.51171875 0.3642578125 0.51123046875 0.365234375 0.509765625 0.3662109375 0.50830078125 0.365234375 0.5078125 0.3671875 0.50634765625 0.37109375 0.50537109375 0.376953125 0.50390625 0.37890625 0.50341796875 0.380859375 0.50244140625 0.3818359375
7 0.56201171875 0.3818359375 0.55810546875 0.3818359375 0.55859375 0.3974609375 0.56298828125 0.3974609375 0.56201171875 0.3818359375
2 0.4423828125 0.4423828125 0.44384765625 0.4404296875 0.44482421875 0.4306640625 0.4443359375 0.42578125 0.4423828125 0.419921875 0.43603515625 0.419921875 0.43408203125 0.4248046875 0.4345703125 0.43359375 0.43896484375 0.443359375 0.4423828125 0.4423828125
2 0.42333984375 0.4384765625 0.42529296875 0.443359375 0.4267578125 0.4453125 0.427734375 0.4443359375 0.42822265625 0.4423828125 0.43310546875 0.4423828125 0.43359375 0.443359375 0.43505859375 0.4453125 0.43701171875 0.4443359375 0.4384765625 0.443359375 0.439453125 0.4423828125 0.439453125 0.4375 0.439453125 0.431640625 0.4384765625 0.4267578125 0.43701171875 0.4208984375 0.435546875 0.419921875 0.427734375 0.419921875 0.42333984375 0.427734375 0.4228515625 0.4296875 0.42236328125 0.431640625 0.42333984375 0.4384765625
2 0.41455078125 0.4482421875 0.41796875 0.4482421875 0.41796875 0.4501953125 0.4208984375 0.4501953125 0.4208984375 0.447265625 0.421875 0.4453125 0.42236328125 0.4501953125 0.423828125 0.4501953125 0.42431640625 0.44921875 0.4248046875 0.443359375 0.42626953125 0.4375 0.4248046875 0.41015625 0.423828125 0.4072265625 0.41455078125 0.4072265625 0.4091796875 0.408203125 0.4052734375 0.412109375 0.40380859375 0.423828125 0.40283203125 0.435546875 0.4072265625 0.439453125 0.40966796875 0.435546875 0.41455078125 0.4482421875
2 0.416015625 0.451171875 0.416015625 0.435546875 0.41455078125 0.4287109375 0.412109375 0.427734375 0.4091796875 0.427734375 0.4072265625 0.4287109375 0.40478515625 0.435546875 0.40576171875 0.443359375 0.40966796875 0.4521484375 0.416015625 0.451171875
2 0.40966796875 0.453125 0.40966796875 0.451171875 0.40966796875 0.44140625 0.408203125 0.431640625 0.40673828125 0.42578125 0.40380859375 0.42578125 0.3974609375 0.43359375 0.400390625 0.44140625 0.4033203125 0.4541015625 0.40966796875 0.453125
2 0.4052734375 0.4541015625 0.4052734375 0.447265625 0.4052734375 0.4384765625 0.404296875 0.4306640625 0.40283203125 0.4248046875 0.3994140625 0.4248046875 0.39306640625 0.4306640625 0.3955078125 0.4423828125 0.3984375 0.4560546875 0.4052734375 0.4541015625
2 0.39697265625 0.458984375 0.39794921875 0.45703125 0.3984375 0.4560546875 0.39892578125 0.451171875 0.39990234375 0.4306640625 0.3984375 0.421875 0.3974609375 0.419921875 0.384765625 0.4189453125 0.38134765625 0.4189453125 0.37939453125 0.423828125 0.37744140625 0.4306640625 0.3818359375 0.443359375 0.39111328125 0.4599609375 0.39697265625 0.458984375
2 0.36572265625 0.4453125 0.36474609375 0.447265625 0.36376953125 0.44921875 0.3642578125 0.4521484375 0.36474609375 0.4541015625 0.36572265625 0.4560546875 0.36572265625 0.4697265625 0.36865234375 0.4697265625 0.36865234375 0.466796875 0.37060546875 0.466796875 0.37109375 0.46875 0.37353515625 0.46875 0.3740234375 0.4658203125 0.38623046875 0.46484375 0.38623046875 0.466796875 0.38671875 0.4677734375 0.38720703125 0.4677734375 0.38818359375 0.4677734375 0.388671875 0.466796875 0.38916015625 0.4658203125 0.38916015625 0.462890625 0.390625 0.462890625 0.390625 0.4658203125 0.39208984375 0.466796875 0.39306640625 0.46484375 0.392578125 0.4521484375 0.39306640625 0.44921875 0.3916015625 0.4384765625 0.390625 0.4296875 0.38818359375 0.427734375 0.37353515625 0.427734375 0.3701171875 0.4296875 0.3681640625 0.4443359375 0.36669921875 0.4453125 0.36572265625 0.4453125
2 0.3505859375 0.466796875 0.35107421875 0.4697265625 0.3525390625 0.4697265625 0.35498046875 0.4697265625 0.35546875 0.46484375 0.3564453125 0.46484375 0.3564453125 0.4677734375 0.359375 0.466796875 0.36083984375 0.4658203125 0.361328125 0.4599609375 0.361328125 0.45703125 0.35986328125 0.4453125 0.35888671875 0.4404296875 0.35693359375 0.4326171875 0.35546875 0.4296875 0.3525390625 0.4296875 0.3427734375 0.4296875 0.3388671875 0.4375 0.34375 0.466796875 0.3505859375 0.466796875
2 0.3330078125 0.4697265625 0.33349609375 0.4736328125 0.3447265625 0.4697265625 0.34521484375 0.46484375 0.34521484375 0.4541015625 0.3466796875 0.453125 0.34716796875 0.443359375 0.345703125 0.439453125 0.34521484375 0.4365234375 0.34326171875 0.4306640625 0.3408203125 0.4287109375 0.33935546875 0.427734375 0.337890625 0.427734375 0.3369140625 0.4287109375 0.328125 0.427734375 0.32275390625 0.4375 0.3212890625 0.4423828125 0.32861328125 0.4677734375 0.3330078125 0.4697265625
2 0.32568359375 0.474609375 0.32666015625 0.4755859375 0.32861328125 0.4755859375 0.32958984375 0.4736328125 0.32958984375 0.4541015625 0.32958984375 0.4443359375 0.32861328125 0.4384765625 0.32861328125 0.4306640625 0.3271484375 0.4267578125 0.3251953125 0.423828125 0.32373046875 0.421875 0.32177734375 0.421875 0.31982421875 0.423828125 0.30859375 0.423828125 0.30712890625 0.4208984375 0.3056640625 0.423828125 0.3037109375 0.4248046875 0.30029296875 0.4267578125 0.29931640625 0.4404296875 0.30224609375 0.4423828125 0.31787109375 0.46484375 0.32568359375 0.474609375
2 0.30224609375 0.48046875 0.30322265625 0.4775390625 0.30810546875 0.4765625 0.30859375 0.478515625 0.31005859375 0.48046875 0.31201171875 0.48046875 0.3134765625 0.4794921875 0.31396484375 0.4775390625 0.31640625 0.4775390625 0.31787109375 0.48046875 0.3212890625 0.48046875 0.32373046875 0.478515625 0.3251953125 0.4736328125 0.32470703125 0.46484375 0.32568359375 0.4638671875 0.326171875 0.458984375 0.3251953125 0.453125 0.32275390625 0.451171875 0.32080078125 0.451171875 0.31982421875 0.4501953125 0.31640625 0.44140625 0.3134765625 0.4365234375 0.310546875 0.431640625 0.29931640625 0.431640625 0.2919921875 0.443359375 0.29052734375 0.453125 0.2998046875 0.48046875 0.30224609375 0.48046875
7 0.49462890625 0.4326171875 0.49560546875 0.4609375 0.49951171875 0.4599609375 0.49853515625 0.4326171875 0.49462890625 0.4326171875
2 0.53515625 0.4287109375 0.53662109375 0.427734375 0.53662109375 0.4208984375 0.5361328125 0.4169921875 0.53515625 0.4140625 0.529296875 0.4140625 0.5283203125 0.419921875 0.5283203125 0.42578125 0.5283203125 0.4296875 0.52978515625 0.427734375 0.53466796875 0.427734375 0.53515625 0.4287109375
4 0.53662109375 0.4296875 0.5390625 0.4287109375 0.5390625 0.4375 0.53955078125 0.4404296875 0.5400390625 0.443359375 0.537109375 0.455078125 0.5390625 0.45703125 0.541015625 0.45703125 0.541015625 0.4560546875 0.5400390625 0.4541015625 0.54052734375 0.44921875 0.54150390625 0.44921875 0.54345703125 0.45703125 0.5458984375 0.4541015625 0.544921875 0.453125 0.54345703125 0.44921875 0.5458984375 0.44921875 0.5458984375 0.4404296875 0.5439453125 0.439453125 0.54345703125 0.4365234375 0.54345703125 0.4306640625 0.54345703125 0.4287109375 0.54345703125 0.4248046875 0.54296875 0.4208984375 0.54248046875 0.419921875 0.54248046875 0.41796875 0.54248046875 0.416015625 0.5419921875 0.4150390625 0.541015625 0.4150390625 0.54052734375 0.416015625 0.5400390625 0.4169921875 0.54052734375 0.4189453125 0.5400390625 0.4189453125 0.5380859375 0.4208984375 0.53662109375 0.42578125 0.53369140625 0.435546875 0.53466796875 0.4365234375 0.53564453125 0.4326171875 0.53662109375 0.4296875
2 0.5712890625 0.421875 0.57080078125 0.4140625 0.56298828125 0.4140625 0.56103515625 0.416015625 0.55712890625 0.4296875 0.5634765625 0.4306640625 0.56640625 0.4296875 0.5712890625 0.421875
2 0.5546875 0.4453125 0.5556640625 0.447265625 0.55712890625 0.4453125 0.5576171875 0.443359375 0.56298828125 0.4443359375 0.56396484375 0.447265625 0.5693359375 0.4453125 0.56982421875 0.431640625 0.5693359375 0.419921875 0.5595703125 0.419921875 0.5576171875 0.421875 0.55517578125 0.427734375 0.5546875 0.43359375 0.5537109375 0.4384765625 0.55419921875 0.4423828125 0.5546875 0.4453125
2 0.5693359375 0.4375 0.5693359375 0.4404296875 0.5693359375 0.447265625 0.5703125 0.4501953125 0.57177734375 0.44921875 0.57470703125 0.4365234375 0.57568359375 0.4169921875 0.57177734375 0.41015625 0.5703125 0.4130859375 0.56982421875 0.4169921875 0.5693359375 0.4208984375 0.5693359375 0.4287109375 0.5693359375 0.4375
7 0.58544921875 0.3740234375 0.5810546875 0.3740234375 0.5810546875 0.3876953125 0.58544921875 0.3876953125 0.58544921875 0.3740234375
7 0.59619140625 0.390625 0.59765625 0.3916015625 0.599609375 0.3916015625 0.60009765625 0.3876953125 0.599609375 0.384765625 0.59716796875 0.3837890625 0.59619140625 0.384765625 0.595703125 0.3876953125 0.59619140625 0.390625
7 0.599609375 0.3955078125 0.595703125 0.3955078125 0.595703125 0.40234375 0.599609375 0.40234375 0.599609375 0.3955078125
7 0.5947265625 0.396484375 0.59130859375 0.396484375 0.59130859375 0.40234375 0.5947265625 0.40234375 0.5947265625 0.396484375
7 0.59375 0.32421875 0.5908203125 0.32421875 0.56103515625 0.326171875 0.5615234375 0.361328125 0.59423828125 0.3603515625 0.59375 0.32421875
7 0.60498046875 0.3857421875 0.6015625 0.3857421875 0.6015625 0.3935546875 0.60498046875 0.3935546875 0.60498046875 0.3857421875
7 0.60546875 0.3955078125 0.6015625 0.3955078125 0.6015625 0.4052734375 0.60546875 0.4052734375 0.60546875 0.3955078125
9 0.703125 0.4140625 0.7021484375 0.4150390625 0.7021484375 0.419921875 0.70068359375 0.44140625 0.705078125 0.4638671875 0.708984375 0.4638671875 0.71337890625 0.462890625 0.71337890625 0.4658203125 0.71435546875 0.466796875 0.7177734375 0.466796875 0.72509765625 0.4658203125 0.72412109375 0.4306640625 0.724609375 0.4296875 0.72607421875 0.427734375 0.7255859375 0.4130859375 0.724609375 0.4013671875 0.72265625 0.3955078125 0.7197265625 0.388671875 0.71826171875 0.3837890625 0.71533203125 0.37890625 0.71435546875 0.388671875 0.712890625 0.396484375 0.71240234375 0.3828125 0.71044921875 0.3779296875 0.7080078125 0.3779296875 0.70703125 0.3828125 0.7041015625 0.4013671875 0.703125 0.41015625 0.703125 0.4140625
7 0.6982421875 0.3310546875 0.69873046875 0.341796875 0.701171875 0.3486328125 0.7041015625 0.349609375 0.70703125 0.3466796875 0.708984375 0.341796875 0.708984375 0.3310546875 0.70751953125 0.3251953125 0.705078125 0.3212890625 0.70166015625 0.3212890625 0.7001953125 0.32421875 0.6982421875 0.3310546875
7 0.70751953125 0.3505859375 0.70068359375 0.3505859375 0.70068359375 0.361328125 0.70751953125 0.361328125 0.70751953125 0.3505859375
7 0.70751953125 0.3642578125 0.70068359375 0.3642578125 0.70068359375 0.3720703125 0.70751953125 0.3720703125 0.70751953125 0.3642578125
9 0.73486328125 0.4619140625 0.73583984375 0.4716796875 0.7431640625 0.47265625 0.74755859375 0.4716796875 0.748046875 0.4599609375 0.74755859375 0.41796875 0.7451171875 0.4189453125 0.74365234375 0.4248046875 0.74365234375 0.4365234375 0.74169921875 0.435546875 0.73876953125 0.4248046875 0.736328125 0.412109375 0.73388671875 0.419921875 0.7333984375 0.4326171875 0.732421875 0.447265625 0.73193359375 0.4541015625 0.732421875 0.4609375 0.73388671875 0.4609375 0.73486328125 0.4619140625
7 0.64990234375 0.349609375 0.64111328125 0.349609375 0.6416015625 0.3564453125 0.650390625 0.3564453125 0.64990234375 0.349609375
7 0.6435546875 0.357421875 0.6435546875 0.3642578125 0.6474609375 0.3642578125 0.6474609375 0.357421875 0.6435546875 0.357421875
7 0.630859375 0.3603515625 0.62646484375 0.35546875 0.61181640625 0.3544921875 0.61181640625 0.365234375 0.62646484375 0.365234375 0.630859375 0.3603515625
7 0.61767578125 0.376953125 0.61767578125 0.365234375 0.61376953125 0.365234375 0.61181640625 0.365234375 0.61181640625 0.376953125 0.61767578125 0.376953125
7 0.619140625 0.384765625 0.62109375 0.3828125 0.62255859375 0.3798828125 0.62255859375 0.3759765625 0.62060546875 0.3720703125 0.61767578125 0.3720703125 0.615234375 0.37890625 0.6171875 0.3828125 0.619140625 0.384765625
7 0.61767578125 0.37890625 0.61181640625 0.37890625 0.61181640625 0.3837890625 0.61767578125 0.3837890625 0.61767578125 0.37890625
7 0.61669921875 0.3857421875 0.61181640625 0.3857421875 0.61181640625 0.3916015625 0.61669921875 0.3916015625 0.61669921875 0.3857421875
7 0.62255859375 0.384765625 0.6171875 0.384765625 0.6171875 0.3974609375 0.62255859375 0.3974609375 0.62255859375 0.384765625
4 0.60595703125 0.423828125 0.60595703125 0.41796875 0.60498046875 0.416015625 0.603515625 0.4130859375 0.6025390625 0.412109375 0.60205078125 0.4150390625 0.60205078125 0.41796875 0.6015625 0.4248046875 0.603515625 0.427734375 0.60498046875 0.4287109375 0.60595703125 0.423828125
4 0.6533203125 0.4130859375 0.65283203125 0.40625 0.65087890625 0.40625 0.64990234375 0.4072265625 0.64990234375 0.41015625 0.64892578125 0.4130859375 0.6474609375 0.416015625 0.6455078125 0.4189453125 0.64501953125 0.4208984375 0.6455078125 0.427734375 0.646484375 0.43359375 0.650390625 0.439453125 0.65673828125 0.423828125 0.6533203125 0.4130859375
2 0.5732421875 0.453125 0.576171875 0.453125 0.576171875 0.44921875 0.58740234375 0.44921875 0.59375 0.42578125 0.59130859375 0.40234375 0.5849609375 0.4013671875 0.57568359375 0.40234375 0.572265625 0.4052734375 0.57177734375 0.4169921875 0.5712890625 0.43359375 0.57177734375 0.4501953125 0.5732421875 0.453125
2 0.5859375 0.46875 0.587890625 0.4677734375 0.58935546875 0.4677734375 0.59765625 0.4423828125 0.6064453125 0.4208984375 0.5927734375 0.4208984375 0.5908203125 0.4189453125 0.58984375 0.4208984375 0.58837890625 0.4208984375 0.587890625 0.4267578125 0.5869140625 0.431640625 0.5849609375 0.4296875 0.5830078125 0.4306640625 0.58251953125 0.43359375 0.5830078125 0.4375 0.5849609375 0.4384765625 0.583984375 0.447265625 0.58349609375 0.4521484375 0.583984375 0.466796875 0.5859375 0.46875
2 0.5869140625 0.4365234375 0.5869140625 0.4384765625 0.587890625 0.4404296875 0.58935546875 0.44140625 0.5888671875 0.447265625 0.587890625 0.453125 0.5869140625 0.45703125 0.587890625 0.46484375 0.58935546875 0.46875 0.59033203125 0.4736328125 0.59326171875 0.474609375 0.5947265625 0.4736328125 0.5947265625 0.46484375 0.60107421875 0.46484375 0.6123046875 0.4375 0.61328125 0.423828125 0.60986328125 0.4208984375 0.607421875 0.4208984375 0.59716796875 0.4208984375 0.59326171875 0.4248046875 0.5908203125 0.4365234375 0.58935546875 0.43359375 0.58837890625 0.435546875 0.5869140625 0.4365234375
2 0.6044921875 0.4794921875 0.61279296875 0.4296875 0.61181640625 0.4267578125 0.60791015625 0.4267578125 0.60595703125 0.43359375 0.6044921875 0.4423828125 0.60302734375 0.4443359375 0.60107421875 0.443359375 0.599609375 0.443359375 0.599609375 0.447265625 0.6005859375 0.4482421875 0.60302734375 0.4482421875 0.60205078125 0.45703125 0.6015625 0.4638671875 0.60107421875 0.48046875 0.6044921875 0.4794921875
2 0.6064453125 0.44140625 0.60302734375 0.44140625 0.60302734375 0.447265625 0.60595703125 0.447265625 0.60546875 0.453125 0.603515625 0.4541015625 0.6025390625 0.458984375 0.60302734375 0.462890625 0.6044921875 0.474609375 0.6044921875 0.4873046875 0.60791015625 0.48828125 0.6083984375 0.4892578125 0.60986328125 0.4912109375 0.61279296875 0.4912109375 0.61474609375 0.490234375 0.61474609375 0.48046875 0.6181640625 0.478515625 0.63720703125 0.478515625 0.64794921875 0.443359375 0.6416015625 0.421875 0.61474609375 0.421875 0.61279296875 0.423828125 0.611328125 0.4287109375 0.60986328125 0.4326171875 0.609375 0.4384765625 0.60791015625 0.443359375 0.60693359375 0.4443359375 0.6064453125 0.44140625
2 0.638671875 0.4453125 0.63623046875 0.4482421875 0.6357421875 0.451171875 0.63623046875 0.455078125 0.640625 0.455078125 0.6376953125 0.462890625 0.63623046875 0.4677734375 0.63623046875 0.4765625 0.63671875 0.484375 0.63671875 0.490234375 0.63720703125 0.5068359375 0.638671875 0.5107421875 0.64404296875 0.5107421875 0.64501953125 0.5078125 0.6455078125 0.501953125 0.64697265625 0.501953125 0.64697265625 0.5107421875 0.64794921875 0.5146484375 0.64990234375 0.5166015625 0.65380859375 0.515625 0.65576171875 0.5146484375 0.65625 0.5048828125 0.65673828125 0.5068359375 0.66650390625 0.5029296875 0.66845703125 0.5029296875 0.67041015625 0.5029296875 0.67236328125 0.50390625 0.673828125 0.5029296875 0.67431640625 0.5009765625 0.68603515625 0.5009765625 0.68798828125 0.5048828125 0.69091796875 0.5048828125 0.69384765625 0.50390625 0.69482421875 0.5009765625 0.69873046875 0.5009765625 0.69970703125 0.5048828125 0.701171875 0.515625 0.70361328125 0.51953125 0.70751953125 0.515625 0.708984375 0.509765625 0.70947265625 0.5029296875 0.70849609375 0.48046875 0.70849609375 0.47265625 0.70654296875 0.447265625 0.70361328125 0.4423828125 0.70068359375 0.4365234375 0.69482421875 0.4208984375 0.689453125 0.4150390625 0.68798828125 0.416015625 0.68408203125 0.416015625 0.65576171875 0.4189453125 0.65087890625 0.419921875 0.6484375 0.423828125 0.64453125 0.435546875 0.6435546875 0.4453125 0.6416015625 0.451171875 0.6416015625 0.447265625 0.638671875 0.4453125
2 0.85009765625 0.4765625 0.84765625 0.4716796875 0.84375 0.4716796875 0.83837890625 0.474609375 0.83349609375 0.478515625 0.830078125 0.4833984375 0.83251953125 0.490234375 0.8359375 0.4970703125 0.8251953125 0.5 0.82275390625 0.5068359375 0.81494140625 0.5126953125 0.81103515625 0.5185546875 0.8076171875 0.52734375 0.80615234375 0.5439453125 0.80615234375 0.5615234375 0.8056640625 0.580078125 0.8056640625 0.6083984375 0.80615234375 0.6083984375 0.80908203125 0.6298828125 0.8134765625 0.6416015625 0.82666015625 0.6455078125 0.83251953125 0.6435546875 0.83447265625 0.638671875 0.83544921875 0.6318359375 0.8642578125 0.650390625 0.87060546875 0.6796875 0.875 0.693359375 0.88623046875 0.6982421875 0.89990234375 0.6982421875 0.90869140625 0.6904296875 0.91015625 0.669921875 0.916015625 0.6689453125 0.99951171875 0.66015625 0.99951171875 0.650390625 0.99951171875 0.4306640625 0.99951171875 0.4296875 0.99951171875 0.4287109375 0.98583984375 0.4208984375 0.95361328125 0.4189453125 0.919921875 0.419921875 0.88525390625 0.4306640625 0.8740234375 0.44140625 0.8671875 0.4521484375 0.8583984375 0.466796875 0.8515625 0.4873046875 0.8505859375 0.4833984375 0.85009765625 0.4765625