9 0.52783203125 0.4013671875 0.53076171875 0.3955078125 0.53515625 0.3994140625 0.5419921875 0.4072265625 0.55029296875 0.40625 0.5625 0.4072265625 0.56787109375 0.41015625 0.57275390625 0.4150390625 0.58935546875 0.4169921875 0.583984375 0.20703125 0.57763671875 0.1875 0.57373046875 0.1865234375 0.56787109375 0.19140625 0.57080078125 0.1962890625 0.57373046875 0.2021484375 0.5703125 0.203125 0.5595703125 0.2021484375 0.55908203125 0.2177734375 0.5517578125 0.21484375 0.54931640625 0.2177734375 0.5439453125 0.236328125 0.54052734375 0.2392578125 0.541015625 0.25 0.53466796875 0.2626953125 0.53857421875 0.271484375 0.53662109375 0.2734375 0.5341796875 0.265625 0.53173828125 0.251953125 0.5263671875 0.2509765625 0.5224609375 0.263671875 0.51904296875 0.267578125 0.517578125 0.2578125 0.515625 0.25 0.51025390625 0.2421875 0.50341796875 0.2470703125 0.50341796875 0.2578125 0.50048828125 0.267578125 0.49755859375 0.263671875 0.49072265625 0.2607421875 0.48974609375 0.263671875 0.4892578125 0.2841796875 0.4853515625 0.2880859375 0.484375 0.296875 0.4775390625 0.3173828125 0.47412109375 0.345703125 0.47412109375 0.3671875 0.4833984375 0.3720703125 0.48828125 0.3896484375 0.4970703125 0.3876953125 0.50341796875 0.38671875 0.51513671875 0.38671875 0.5185546875 0.392578125 0.5205078125 0.400390625 0.52783203125 0.4013671875
7 0.55517578125 0.4072265625 0.55419921875 0.4033203125 0.5517578125 0.4013671875 0.548828125 0.404296875 0.548828125 0.4052734375 0.548828125 0.41015625 0.54931640625 0.4130859375 0.55126953125 0.4130859375 0.55322265625 0.4150390625 0.5556640625 0.412109375 0.55517578125 0.4072265625
7 0.55419921875 0.4228515625 0.55078125 0.4130859375 0.5478515625 0.41796875 0.5517578125 0.427734375 0.55419921875 0.4228515625
7 0.572265625 0.38671875 0.572265625 0.421875 0.58349609375 0.423828125 0.58349609375 0.388671875 0.572265625 0.38671875
2 0.5478515625 0.4619140625 0.5478515625 0.47265625 0.54931640625 0.4755859375 0.55078125 0.4794921875 0.55419921875 0.4833984375 0.560546875 0.48046875 0.56884765625 0.4677734375 0.57080078125 0.451171875 0.57080078125 0.4482421875 0.568359375 0.4462890625 0.55712890625 0.44921875 0.55322265625 0.44921875 0.55078125 0.4541015625 0.5478515625 0.4619140625
9 0.37646484375 0.3984375 0.375 0.4111328125 0.380859375 0.421875 0.37890625 0.4306640625 0.38037109375 0.439453125 0.3798828125 0.453125 0.37646484375 0.4541015625 0.37353515625 0.4599609375 0.3720703125 0.466796875 0.3701171875 0.482421875 0.375 0.490234375 0.3896484375 0.4931640625 0.39306640625 0.4873046875 0.39501953125 0.47265625 0.39501953125 0.4638671875 0.3896484375 0.4541015625 0.38623046875 0.44921875 0.38671875 0.4296875 0.39208984375 0.421875 0.39892578125 0.416015625 0.39892578125 0.4072265625 0.39697265625 0.3974609375 0.39111328125 0.39453125 0.38671875 0.392578125 0.38330078125 0.396484375 0.37646484375 0.3984375
2 0.5693359375 0.4951171875 0.5703125 0.494140625 0.572265625 0.490234375 0.57763671875 0.4833984375 0.59130859375 0.4736328125 0.59326171875 0.453125 0.59130859375 0.447265625 0.58837890625 0.4453125 0.5810546875 0.4443359375 0.57373046875 0.4443359375 0.56982421875 0.4423828125 0.56640625 0.4443359375 0.564453125 0.4501953125 0.56298828125 0.4580078125 0.56103515625 0.4619140625 0.5595703125 0.46484375 0.556640625 0.46875 0.5556640625 0.4736328125 0.5556640625 0.4814453125 0.5556640625 0.494140625 0.55712890625 0.498046875 0.560546875 0.498046875 0.56103515625 0.4921875 0.5634765625 0.4921875 0.56396484375 0.4921875 0.56396484375 0.498046875 0.56689453125 0.5 0.56884765625 0.4990234375 0.5693359375 0.49609375 0.5693359375 0.4951171875
2 0.5908203125 0.44921875 0.58251953125 0.4501953125 0.580078125 0.4521484375 0.57763671875 0.4560546875 0.57568359375 0.4638671875 0.57275390625 0.4697265625 0.56982421875 0.48046875 0.5693359375 0.4912109375 0.5693359375 0.498046875 0.57080078125 0.5 0.57373046875 0.5009765625 0.5751953125 0.49609375 0.576171875 0.49609375 0.57666015625 0.5 0.580078125 0.501953125 0.5849609375 0.5 0.5859375 0.498046875 0.5986328125 0.4970703125 0.6044921875 0.4970703125 0.60595703125 0.5009765625 0.609375 0.5009765625 0.61083984375 0.4990234375 0.611328125 0.4814453125 0.60986328125 0.4697265625 0.607421875 0.4599609375 0.6044921875 0.4501953125 0.6015625 0.44921875 0.59716796875 0.44921875 0.5908203125 0.44921875
7 0.65576171875 0.400390625 0.65625 0.39453125 0.65625 0.3876953125 0.6533203125 0.3818359375 0.64990234375 0.3818359375 0.64697265625 0.384765625 0.64599609375 0.38671875 0.6455078125 0.3876953125 0.64501953125 0.3916015625 0.64501953125 0.396484375 0.6474609375 0.400390625 0.650390625 0.40234375 0.65185546875 0.40234375 0.65576171875 0.400390625
0 0.76220703125 0.509765625 0.76904296875 0.5126953125 0.77001953125 0.5166015625 0.7734375 0.525390625 0.77880859375 0.5244140625 0.78076171875 0.5205078125 0.7822265625 0.5107421875 0.7822265625 0.501953125 0.78076171875 0.4931640625 0.7783203125 0.48828125 0.77490234375 0.482421875 0.77978515625 0.48046875 0.78271484375 0.4765625 0.78271484375 0.46484375 0.779296875 0.462890625 0.77587890625 0.4658203125 0.76806640625 0.4677734375 0.767578125 0.46875 0.76416015625 0.46875 0.76220703125 0.4736328125 0.76416015625 0.4794921875 0.7646484375 0.48828125 0.763671875 0.4951171875 0.759765625 0.486328125 0.76025390625 0.474609375 0.763671875 0.4638671875 0.76708984375 0.4599609375 0.767578125 0.4541015625 0.76171875 0.453125 0.75244140625 0.4560546875 0.74755859375 0.462890625 0.75 0.4658203125 0.7548828125 0.4619140625 0.755859375 0.466796875 0.75537109375 0.4814453125 0.75341796875 0.4814453125 0.7490234375 0.4873046875 0.74658203125 0.4931640625 0.74658203125 0.5048828125 0.74755859375 0.517578125 0.75390625 0.525390625 0.7587890625 0.5205078125 0.7607421875 0.5146484375 0.76123046875 0.51171875 0.76220703125 0.509765625
0 0.8037109375 0.5166015625 0.8056640625 0.5146484375 0.8125 0.4873046875 0.81396484375 0.4892578125 0.8154296875 0.4990234375 0.818359375 0.5078125 0.82177734375 0.5283203125 0.82763671875 0.5283203125 0.82763671875 0.5205078125 0.82568359375 0.509765625 0.8193359375 0.48828125 0.814453125 0.4765625 0.8154296875 0.4658203125 0.8193359375 0.458984375 0.8203125 0.4521484375 0.81494140625 0.455078125 0.8056640625 0.458984375 0.80419921875 0.466796875 0.80908203125 0.4677734375 0.80908203125 0.4765625 0.802734375 0.478515625 0.79931640625 0.4765625 0.796875 0.45703125 0.7890625 0.466796875 0.7890625 0.4697265625 0.7890625 0.484375 0.787109375 0.4853515625 0.78466796875 0.486328125 0.78271484375 0.49609375 0.783203125 0.50390625 0.78515625 0.515625 0.78857421875 0.5224609375 0.7919921875 0.5224609375 0.7958984375 0.5244140625 0.7978515625 0.51953125 0.8037109375 0.5166015625
0 0.87548828125 0.5 0.869140625 0.498046875 0.86572265625 0.4990234375 0.86181640625 0.5029296875 0.86669921875 0.517578125 0.8701171875 0.5244140625 0.876953125 0.529296875 0.8828125 0.533203125 0.88623046875 0.5283203125 0.88671875 0.5234375 0.884765625 0.5126953125 0.8818359375 0.505859375 0.87548828125 0.5
7 0.8349609375 0.1923828125 0.81396484375 0.236328125 0.83642578125 0.2802734375 0.85791015625 0.236328125 0.8349609375 0.1923828125
7 0.36767578125 0.373046875 0.3525390625 0.3740234375 0.35205078125 0.4228515625 0.3671875 0.42578125 0.36767578125 0.373046875
4 0.337890625 0.5009765625 0.34033203125 0.5048828125 0.34375 0.5048828125 0.3466796875 0.5009765625 0.3466796875 0.4931640625 0.34423828125 0.486328125 0.34375 0.4716796875 0.34521484375 0.466796875 0.34814453125 0.462890625 0.34814453125 0.4541015625 0.34423828125 0.451171875 0.3427734375 0.443359375 0.34130859375 0.435546875 0.3388671875 0.43359375 0.33544921875 0.435546875 0.333984375 0.4453125 0.3349609375 0.451171875 0.33349609375 0.4619140625 0.33447265625 0.4716796875 0.33544921875 0.4853515625 0.337890625 0.5009765625
7 0.3203125 0.326171875 0.3203125 0.341796875 0.33984375 0.3408203125 0.33935546875 0.3271484375 0.3203125 0.326171875
7 0.1826171875 0.3916015625 0.18115234375 0.396484375 0.1806640625 0.400390625 0.18310546875 0.4072265625 0.18603515625 0.4130859375 0.19140625 0.412109375 0.19384765625 0.4072265625 0.19482421875 0.3994140625 0.19384765625 0.39453125 0.19189453125 0.3896484375 0.1884765625 0.3876953125 0.18505859375 0.3876953125 0.1826171875 0.3916015625
7 0.06103515625 0.20703125 0.06103515625 0.236328125 0.0830078125 0.248046875 0.0810546875 0.216796875 0.06103515625 0.20703125
7 0.06640625 0.306640625 0.06591796875 0.2958984375 0.0810546875 0.2939453125 0.08056640625 0.263671875 0.0458984375 0.2646484375 0.044921875 0.294921875 0.05224609375 0.296875 0.05224609375 0.30859375 0.06640625 0.306640625
4 0.021484375 0.470703125 0.025390625 0.4814453125 0.03369140625 0.4794921875 0.033203125 0.4658203125 0.03125 0.4580078125 0.029296875 0.453125 0.0263671875 0.4521484375 0.0205078125 0.45703125 0.021484375 0.470703125
4 0.03271484375 0.45703125 0.0302734375 0.4619140625 0.02587890625 0.46875 0.02783203125 0.48828125 0.0361328125 0.4892578125 0.04541015625 0.48046875 0.04541015625 0.47265625 0.0439453125 0.4638671875 0.04296875 0.4580078125 0.04443359375 0.4501953125 0.04052734375 0.443359375 0.03564453125 0.4462890625 0.03466796875 0.451171875 0.03271484375 0.45703125
9 0 0.427734375 0.00634765625 0.4287109375 0.01806640625 0.4052734375 0.0263671875 0.392578125 0.03759765625 0.3974609375 0.04248046875 0.380859375 0.0595703125 0.3720703125 0.06396484375 0.359375 0.0458984375 0.3525390625 0.0546875 0.34765625 0.06494140625 0.3388671875 0.068359375 0.3310546875 0.06005859375 0.33203125 0.021484375 0.3232421875 0.01220703125 0.318359375 0.01904296875 0.294921875 0.03125 0.271484375 0.037109375 0.263671875 0.03564453125 0.25 0.02734375 0.2509765625 0.03076171875 0.2431640625 0.037109375 0.2392578125 0.0322265625 0.2294921875 0.01904296875 0.2392578125 0.00634765625 0.2451171875 0 0.244140625 0 0.427734375
7 0.06103515625 0.20703125 0.06103515625 0.236328125 0.0830078125 0.248046875 0.0810546875 0.216796875 0.06103515625 0.20703125
7 0.06640625 0.306640625 0.06591796875 0.2958984375 0.0810546875 0.2939453125 0.08056640625 0.263671875 0.0458984375 0.2646484375 0.044921875 0.294921875 0.05224609375 0.296875 0.05224609375 0.30859375 0.06640625 0.306640625