9 0.4814453125 0.2587890625 0.47607421875 0.2666015625 0.4716796875 0.2685546875 0.47021484375 0.275390625 0.46630859375 0.26953125 0.46630859375 0.275390625 0.46875 0.2822265625 0.4619140625 0.2822265625 0.46240234375 0.291015625 0.466796875 0.30078125 0.470703125 0.3046875 0.47265625 0.3154296875 0.46728515625 0.3173828125 0.4697265625 0.3203125 0.47119140625 0.3251953125 0.46826171875 0.3310546875 0.50244140625 0.353515625 0.55078125 0.3369140625 0.5478515625 0.3095703125 0.5439453125 0.3037109375 0.5439453125 0.2998046875 0.537109375 0.3017578125 0.533203125 0.306640625 0.5302734375 0.3095703125 0.52978515625 0.3037109375 0.53173828125 0.2998046875 0.52978515625 0.294921875 0.5302734375 0.2880859375 0.5263671875 0.279296875 0.525390625 0.2822265625 0.5244140625 0.2880859375 0.51806640625 0.2880859375 0.51513671875 0.2919921875 0.51416015625 0.291015625 0.51416015625 0.2724609375 0.50927734375 0.26953125 0.5068359375 0.2587890625 0.50244140625 0.255859375 0.49658203125 0.2568359375 0.4892578125 0.2568359375 0.48681640625 0.2626953125 0.4814453125 0.2587890625
2 0.154296875 0.439453125 0.177734375 0.453125 0.177734375 0.4453125 0.1767578125 0.44140625 0.1748046875 0.4326171875 0.16552734375 0.431640625 0.1572265625 0.43359375 0.154296875 0.439453125
2 0.18798828125 0.4462890625 0.20263671875 0.435546875 0.19873046875 0.4296875 0.17724609375 0.4306640625 0.1708984375 0.4384765625 0.18798828125 0.4462890625
2 0.2431640625 0.4326171875 0.265625 0.4365234375 0.2705078125 0.4287109375 0.26513671875 0.419921875 0.2509765625 0.419921875 0.24609375 0.421875 0.2431640625 0.4326171875
2 0.27783203125 0.431640625 0.3017578125 0.4287109375 0.29833984375 0.4189453125 0.2890625 0.4169921875 0.27978515625 0.4208984375 0.27783203125 0.431640625
7 0.3779296875 0.3642578125 0.3779296875 0.3544921875 0.37255859375 0.3544921875 0.3720703125 0.36328125 0.3779296875 0.3642578125
7 0.37109375 0.341796875 0.37109375 0.357421875 0.37939453125 0.357421875 0.37939453125 0.3408203125 0.37109375 0.341796875
7 0.37841796875 0.3935546875 0.37841796875 0.3837890625 0.373046875 0.3837890625 0.37353515625 0.3935546875 0.37841796875 0.3935546875
7 0.3720703125 0.3828125 0.37451171875 0.384765625 0.37646484375 0.384765625 0.37841796875 0.37890625 0.37841796875 0.3720703125 0.3759765625 0.369140625 0.37255859375 0.3701171875 0.37158203125 0.376953125 0.3720703125 0.3828125
2 0.33642578125 0.40234375 0.3251953125 0.41015625 0.32080078125 0.42578125 0.37158203125 0.4306640625 0.3984375 0.4208984375 0.3994140625 0.412109375 0.37890625 0.4111328125 0.365234375 0.3994140625 0.3544921875 0.3984375 0.33642578125 0.40234375
4 0.5068359375 0.376953125 0.505859375 0.373046875 0.50537109375 0.37109375 0.50439453125 0.37109375 0.50390625 0.373046875 0.5029296875 0.3779296875 0.50390625 0.390625 0.50634765625 0.390625 0.5068359375 0.3798828125 0.5068359375 0.376953125
4 0.5126953125 0.37890625 0.5126953125 0.3759765625 0.51220703125 0.373046875 0.51025390625 0.373046875 0.509765625 0.3798828125 0.5107421875 0.390625 0.5126953125 0.390625 0.5126953125 0.37890625
7 0.5283203125 0.3681640625 0.52783203125 0.353515625 0.5234375 0.3544921875 0.5234375 0.3681640625 0.5283203125 0.3681640625
7 0.529296875 0.3564453125 0.529296875 0.33984375 0.52197265625 0.33984375 0.52197265625 0.3564453125 0.529296875 0.3564453125
2 0.580078125 0.375 0.5771484375 0.3681640625 0.5693359375 0.3681640625 0.56689453125 0.376953125 0.56640625 0.3896484375 0.58056640625 0.388671875 0.580078125 0.375
7 0.58251953125 0.337890625 0.57470703125 0.3388671875 0.57470703125 0.353515625 0.58251953125 0.353515625 0.58251953125 0.337890625
7 0.51953125 0.3994140625 0.51953125 0.3935546875 0.5185546875 0.390625 0.51611328125 0.388671875 0.51318359375 0.3896484375 0.51220703125 0.392578125 0.51171875 0.396484375 0.51220703125 0.40234375 0.5146484375 0.404296875 0.51806640625 0.40234375 0.51953125 0.3994140625
7 0.69873046875 0.2236328125 0.69873046875 0.2705078125 0.7158203125 0.26953125 0.71533203125 0.22265625 0.69873046875 0.2236328125
7 0.71533203125 0.2880859375 0.71533203125 0.28515625 0.71533203125 0.26953125 0.69970703125 0.26953125 0.69921875 0.287109375 0.71533203125 0.2880859375
7 0.71630859375 0.2998046875 0.71533203125 0.2841796875 0.69970703125 0.2841796875 0.69970703125 0.30078125 0.71630859375 0.2998046875
7 0.6162109375 0.3310546875 0.619140625 0.33203125 0.62255859375 0.3310546875 0.62353515625 0.326171875 0.62353515625 0.3212890625 0.62158203125 0.3154296875 0.61865234375 0.3154296875 0.6171875 0.3154296875 0.61572265625 0.318359375 0.61474609375 0.32421875 0.615234375 0.3271484375 0.6162109375 0.3310546875
7 0.61083984375 0.26171875 0.61962890625 0.29296875 0.6279296875 0.2607421875 0.61083984375 0.26171875
7 0.62353515625 0.33984375 0.62353515625 0.3310546875 0.615234375 0.330078125 0.615234375 0.33984375 0.62353515625 0.33984375
7 0.61767578125 0.3134765625 0.62109375 0.3134765625 0.6240234375 0.310546875 0.6259765625 0.3037109375 0.625 0.294921875 0.623046875 0.291015625 0.61865234375 0.2890625 0.6162109375 0.291015625 0.6142578125 0.2958984375 0.61376953125 0.302734375 0.615234375 0.310546875 0.61767578125 0.3134765625
2 0.58837890625 0.365234375 0.58544921875 0.3701171875 0.58349609375 0.376953125 0.58203125 0.390625 0.58154296875 0.3857421875 0.5771484375 0.3857421875 0.57568359375 0.3876953125 0.5751953125 0.390625 0.57568359375 0.3935546875 0.58056640625 0.3935546875 0.578125 0.404296875 0.578125 0.416015625 0.57763671875 0.4296875 0.578125 0.44140625 0.5791015625 0.4453125 0.5830078125 0.4453125 0.5859375 0.447265625 0.591796875 0.447265625 0.6240234375 0.3798828125 0.62060546875 0.365234375 0.619140625 0.36328125 0.60302734375 0.36328125 0.58837890625 0.365234375
2 0.58984375 0.4091796875 0.5888671875 0.4130859375 0.58935546875 0.416015625 0.5908203125 0.41796875 0.58984375 0.423828125 0.59033203125 0.453125 0.5908203125 0.4619140625 0.59619140625 0.462890625 0.5986328125 0.4677734375 0.6015625 0.46875 0.60791015625 0.46875 0.6123046875 0.3779296875 0.60205078125 0.3798828125 0.5986328125 0.3857421875 0.59375 0.408203125 0.58984375 0.4091796875
2 0.60693359375 0.4052734375 0.60595703125 0.40625 0.60400390625 0.4052734375 0.6005859375 0.40625 0.599609375 0.41015625 0.599609375 0.4130859375 0.60107421875 0.4150390625 0.6044921875 0.4169921875 0.6044921875 0.421875 0.60498046875 0.4248046875 0.60400390625 0.4306640625 0.60302734375 0.4375 0.60400390625 0.4462890625 0.60498046875 0.46875 0.60595703125 0.482421875 0.6064453125 0.4833984375 0.609375 0.4833984375 0.61181640625 0.4833984375 0.6123046875 0.48046875 0.61279296875 0.4697265625 0.62451171875 0.4658203125 0.6533203125 0.3798828125 0.6484375 0.3720703125 0.61279296875 0.3779296875 0.60986328125 0.3837890625 0.60693359375 0.4052734375
2 0.63818359375 0.380859375 0.63525390625 0.3876953125 0.63134765625 0.4033203125 0.62841796875 0.412109375 0.62744140625 0.408203125 0.62158203125 0.4091796875 0.62109375 0.412109375 0.62109375 0.4169921875 0.623046875 0.4189453125 0.62744140625 0.41796875 0.623046875 0.4326171875 0.623046875 0.46484375 0.62451171875 0.4814453125 0.6259765625 0.486328125 0.62841796875 0.4873046875 0.6337890625 0.4873046875 0.63427734375 0.4931640625 0.6357421875 0.49609375 0.64111328125 0.49609375 0.6435546875 0.4951171875 0.64501953125 0.48828125 0.64501953125 0.48046875 0.65625 0.478515625 0.6591796875 0.48046875 0.662109375 0.48046875 0.666015625 0.4775390625 0.67236328125 0.4775390625 0.6923828125 0.3857421875 0.693359375 0.384765625 0.68701171875 0.3759765625 0.67236328125 0.3740234375 0.64794921875 0.3779296875 0.63818359375 0.380859375
2 0.6748046875 0.537109375 0.685546875 0.5380859375 0.6875 0.5361328125 0.68896484375 0.53125 0.68896484375 0.51953125 0.69482421875 0.5224609375 0.69580078125 0.533203125 0.697265625 0.5537109375 0.69970703125 0.55859375 0.708984375 0.5595703125 0.7138671875 0.5576171875 0.71728515625 0.54296875 0.71923828125 0.529296875 0.7509765625 0.52734375 0.796875 0.5224609375 0.7978515625 0.5322265625 0.79931640625 0.5458984375 0.80908203125 0.55078125 0.81591796875 0.5478515625 0.8193359375 0.5419921875 0.8212890625 0.51953125 0.81982421875 0.5 0.822265625 0.4853515625 0.8232421875 0.4658203125 0.8203125 0.458984375 0.818359375 0.451171875 0.81787109375 0.435546875 0.8154296875 0.419921875 0.8125 0.4130859375 0.806640625 0.3896484375 0.7958984375 0.3603515625 0.79150390625 0.3544921875 0.78662109375 0.3515625 0.7724609375 0.349609375 0.7451171875 0.349609375 0.72119140625 0.3525390625 0.70263671875 0.3603515625 0.69873046875 0.3642578125 0.69482421875 0.3701171875 0.68994140625 0.384765625 0.68212890625 0.4169921875 0.68115234375 0.41015625 0.6796875 0.4072265625 0.67041015625 0.408203125 0.6689453125 0.412109375 0.669921875 0.421875 0.6708984375 0.423828125 0.6796875 0.42578125 0.67529296875 0.439453125 0.67138671875 0.453125 0.67138671875 0.462890625 0.67138671875 0.4755859375 0.67236328125 0.5126953125 0.671875 0.517578125 0.6728515625 0.5283203125 0.6748046875 0.537109375