7 0.2333984375 0.3310546875 0.2216796875 0.330078125 0.22119140625 0.34765625 0.2333984375 0.34765625 0.2333984375 0.3310546875
7 0.23388671875 0.3134765625 0.2216796875 0.3125 0.2216796875 0.3310546875 0.2333984375 0.33203125 0.23388671875 0.3134765625
7 0.234375 0.291015625 0.2216796875 0.291015625 0.2216796875 0.3125 0.234375 0.3134765625 0.234375 0.291015625
9 0 0 0 0.2041015625 0.009765625 0.1943359375 0.0166015625 0.185546875 0.02197265625 0.2060546875 0.02490234375 0.220703125 0.03466796875 0.228515625 0.0419921875 0.2177734375 0.06005859375 0.203125 0.0751953125 0.166015625 0.09130859375 0.1396484375 0.08984375 0.1181640625 0.08837890625 0.0986328125 0.09130859375 0.0859375 0.095703125 0.07421875 0.095703125 0.0673828125 0.08740234375 0.06640625 0.0810546875 0.0712890625 0.0791015625 0.0673828125 0.08349609375 0.0556640625 0.087890625 0.04296875 0.087890625 0.029296875 0.07666015625 0.01953125 0.080078125 0 0 0
2 0.029296875 0.4287109375 0.0263671875 0.4423828125 0.02783203125 0.44921875 0.03271484375 0.451171875 0.037109375 0.4560546875 0.04345703125 0.455078125 0.046875 0.4658203125 0.0498046875 0.46875 0.05615234375 0.470703125 0.072265625 0.45703125 0.12255859375 0.4599609375 0.1240234375 0.4658203125 0.12890625 0.470703125 0.14892578125 0.47265625 0.15185546875 0.4677734375 0.154296875 0.45703125 0.16015625 0.4560546875 0.1669921875 0.453125 0.16845703125 0.44921875 0.1728515625 0.4462890625 0.173828125 0.4443359375 0.173828125 0.4384765625 0.171875 0.4375 0.17138671875 0.421875 0.1650390625 0.390625 0.1572265625 0.388671875 0.1552734375 0.38671875 0.1240234375 0.384765625 0.1005859375 0.38671875 0.08740234375 0.390625 0.068359375 0.412109375 0.05029296875 0.4169921875 0.033203125 0.423828125 0.029296875 0.4287109375
7 0.02099609375 0.2177734375 0.0205078125 0.2470703125 0.05517578125 0.248046875 0.05517578125 0.2197265625 0.02099609375 0.2177734375
7 0.0390625 0.1767578125 0.04833984375 0.1884765625 0.0556640625 0.193359375 0.0712890625 0.1953125 0.08251953125 0.1884765625 0.08837890625 0.1748046875 0.09130859375 0.1552734375 0.09033203125 0.134765625 0.08544921875 0.119140625 0.0771484375 0.107421875 0.06396484375 0.0986328125 0.05126953125 0.099609375 0.04345703125 0.1044921875 0.03662109375 0.1171875 0.03369140625 0.134765625 0.03369140625 0.1611328125 0.0390625 0.1767578125
7 0.0341796875 0.1923828125 0.03466796875 0.244140625 0.0439453125 0.2470703125 0.09033203125 0.2490234375 0.0908203125 0.19921875 0.08056640625 0.1962890625 0.0703125 0.1953125 0.0361328125 0.19140625 0.0341796875 0.1923828125
7 0.36669921875 0.341796875 0.36669921875 0.3525390625 0.3671875 0.359375 0.3681640625 0.3623046875 0.36962890625 0.361328125 0.37109375 0.35546875 0.37109375 0.3427734375 0.3701171875 0.337890625 0.369140625 0.3369140625 0.36767578125 0.337890625 0.36669921875 0.341796875
9 0.5107421875 0.3544921875 0.5087890625 0.3486328125 0.5078125 0.3505859375 0.5068359375 0.341796875 0.50634765625 0.3330078125 0.50439453125 0.328125 0.50341796875 0.3388671875 0.49853515625 0.326171875 0.4931640625 0.30859375 0.49169921875 0.29296875 0.48779296875 0.279296875 0.48486328125 0.2958984375 0.4814453125 0.3037109375 0.47998046875 0.3095703125 0.47998046875 0.3193359375 0.4775390625 0.3212890625 0.4775390625 0.3310546875 0.4736328125 0.3349609375 0.4736328125 0.3515625 0.47216796875 0.3671875 0.47216796875 0.3740234375 0.47802734375 0.3779296875 0.4794921875 0.38671875 0.4814453125 0.38671875 0.48388671875 0.3955078125 0.48388671875 0.4287109375 0.486328125 0.4287109375 0.486328125 0.396484375 0.48681640625 0.3896484375 0.4892578125 0.390625 0.4912109375 0.396484375 0.4892578125 0.4287109375 0.49267578125 0.4267578125 0.4921875 0.3994140625 0.494140625 0.3994140625 0.494140625 0.42578125 0.4951171875 0.4248046875 0.49609375 0.400390625 0.498046875 0.3984375 0.49755859375 0.423828125 0.49853515625 0.423828125 0.49951171875 0.4013671875 0.50146484375 0.396484375 0.5048828125 0.388671875 0.50634765625 0.388671875 0.50634765625 0.4033203125 0.50732421875 0.4052734375 0.5068359375 0.4208984375 0.5146484375 0.4189453125 0.51806640625 0.416015625 0.51806640625 0.40625 0.52001953125 0.3974609375 0.52197265625 0.3876953125 0.52099609375 0.3828125 0.5185546875 0.3798828125 0.51708984375 0.37109375 0.51513671875 0.3603515625 0.5126953125 0.3525390625 0.50927734375 0.3642578125 0.50830078125 0.3603515625 0.5087890625 0.357421875 0.5107421875 0.3544921875
7 0.455078125 0.388671875 0.45654296875 0.388671875 0.4580078125 0.3876953125 0.458984375 0.384765625 0.458984375 0.380859375 0.4580078125 0.376953125 0.45556640625 0.3759765625 0.4541015625 0.3779296875 0.453125 0.3828125 0.45361328125 0.38671875 0.455078125 0.388671875
7 0.4609375 0.3466796875 0.4638671875 0.345703125 0.46533203125 0.3427734375 0.46630859375 0.3388671875 0.46630859375 0.333984375 0.46533203125 0.3291015625 0.46337890625 0.3271484375 0.4609375 0.326171875 0.458984375 0.328125 0.45751953125 0.330078125 0.45654296875 0.333984375 0.45703125 0.3408203125 0.45849609375 0.3447265625 0.4609375 0.3466796875
7 0.4599609375 0.3125 0.4609375 0.310546875 0.4609375 0.3037109375 0.4609375 0.2607421875 0.4599609375 0.2578125 0.43359375 0.2568359375 0.42724609375 0.306640625 0.42822265625 0.3125 0.4599609375 0.3125
7 0.439453125 0.3095703125 0.439453125 0.3232421875 0.45849609375 0.32421875 0.45849609375 0.310546875 0.439453125 0.3095703125
2 0.54296875 0.41015625 0.54052734375 0.4169921875 0.54052734375 0.4228515625 0.541015625 0.427734375 0.54248046875 0.427734375 0.54248046875 0.4248046875 0.548828125 0.4248046875 0.54931640625 0.427734375 0.55126953125 0.4267578125 0.55126953125 0.41796875 0.55029296875 0.4140625 0.548828125 0.4111328125 0.54296875 0.41015625
9 0.564453125 0.423828125 0.564453125 0.4033203125 0.56884765625 0.40234375 0.57275390625 0.392578125 0.5732421875 0.388671875 0.5732421875 0.3828125 0.5751953125 0.3779296875 0.58447265625 0.3798828125 0.59375 0.3818359375 0.59033203125 0.390625 0.58984375 0.3984375 0.5947265625 0.4052734375 0.587890625 0.4111328125 0.58837890625 0.427734375 0.5947265625 0.4287109375 0.6171875 0.4248046875 0.61767578125 0.4140625 0.619140625 0.287109375 0.61328125 0.28515625 0.6103515625 0.2822265625 0.6064453125 0.2744140625 0.603515625 0.2705078125 0.6025390625 0.267578125 0.59619140625 0.26171875 0.58935546875 0.2607421875 0.58251953125 0.2587890625 0.58251953125 0.2724609375 0.578125 0.265625 0.57958984375 0.28125 0.5810546875 0.2900390625 0.57568359375 0.2900390625 0.57177734375 0.2958984375 0.56787109375 0.2900390625 0.56396484375 0.2919921875 0.560546875 0.29296875 0.55859375 0.2958984375 0.5546875 0.2978515625 0.54931640625 0.3076171875 0.55517578125 0.3037109375 0.55419921875 0.3125 0.546875 0.3212890625 0.55517578125 0.3193359375 0.5595703125 0.32421875 0.560546875 0.3330078125 0.55712890625 0.3388671875 0.56201171875 0.34765625 0.56103515625 0.357421875 0.55908203125 0.361328125 0.55810546875 0.3603515625 0.55712890625 0.357421875 0.55615234375 0.353515625 0.55224609375 0.3544921875 0.55126953125 0.361328125 0.55126953125 0.3681640625 0.5498046875 0.3740234375 0.548828125 0.3779296875 0.55517578125 0.3779296875 0.55712890625 0.3818359375 0.5556640625 0.3857421875 0.5556640625 0.388671875 0.5595703125 0.392578125 0.55908203125 0.4013671875 0.5625 0.404296875 0.5634765625 0.4228515625 0.564453125 0.423828125
7 0.619140625 0.380859375 0.61767578125 0.3779296875 0.6162109375 0.3779296875 0.615234375 0.3818359375 0.615234375 0.3857421875 0.615234375 0.39453125 0.619140625 0.39453125 0.619140625 0.3857421875 0.619140625 0.380859375
2 0.5966796875 0.4169921875 0.59619140625 0.41796875 0.59619140625 0.4189453125 0.59716796875 0.419921875 0.5966796875 0.4345703125 0.59716796875 0.4384765625 0.60205078125 0.4384765625 0.60205078125 0.4365234375 0.61083984375 0.4365234375 0.61083984375 0.4404296875 0.61474609375 0.439453125 0.61572265625 0.4384765625 0.615234375 0.42578125 0.61474609375 0.41796875 0.61181640625 0.4091796875 0.60009765625 0.4091796875 0.59814453125 0.4130859375 0.59716796875 0.4169921875 0.5966796875 0.4169921875
0 0.62939453125 0.4384765625 0.63134765625 0.44140625 0.63330078125 0.443359375 0.63671875 0.439453125 0.63525390625 0.4267578125 0.630859375 0.42578125 0.63134765625 0.4296875 0.62841796875 0.43359375 0.625 0.4287109375 0.625 0.42578125 0.62841796875 0.42578125 0.6279296875 0.4248046875 0.623046875 0.421875 0.62451171875 0.423828125 0.62353515625 0.4287109375 0.62255859375 0.4296875 0.62060546875 0.431640625 0.61962890625 0.435546875 0.61962890625 0.44140625 0.62158203125 0.443359375 0.62353515625 0.4423828125 0.625 0.4404296875 0.6259765625 0.43359375 0.6279296875 0.4345703125 0.6279296875 0.4365234375 0.62939453125 0.4384765625
7 0.64111328125 0.3798828125 0.64111328125 0.3740234375 0.63916015625 0.3720703125 0.6376953125 0.3740234375 0.63720703125 0.376953125 0.63720703125 0.3828125 0.63671875 0.392578125 0.640625 0.3935546875 0.64111328125 0.3798828125
7 0.65673828125 0.365234375 0.65869140625 0.3671875 0.66015625 0.365234375 0.6611328125 0.3623046875 0.6611328125 0.357421875 0.66015625 0.3544921875 0.658203125 0.353515625 0.65673828125 0.3544921875 0.65576171875 0.3583984375 0.65576171875 0.3623046875 0.65673828125 0.365234375
7 0.69189453125 0.29296875 0.6708984375 0.2919921875 0.67041015625 0.333984375 0.69189453125 0.3349609375 0.69189453125 0.29296875
7 0.76416015625 0.271484375 0.76318359375 0.2734375 0.76318359375 0.2763671875 0.7626953125 0.32421875 0.76318359375 0.3271484375 0.76416015625 0.328125 0.798828125 0.3291015625 0.7998046875 0.326171875 0.7998046875 0.2763671875 0.79931640625 0.2734375 0.7978515625 0.2724609375 0.76416015625 0.271484375
7 0.9365234375 0.2421875 0.9462890625 0.2392578125 0.94677734375 0.205078125 0.9345703125 0.2119140625 0.93359375 0.2158203125 0.93359375 0.2314453125 0.935546875 0.2333984375 0.9365234375 0.2421875
7 0.9560546875 0.2548828125 0.95751953125 0.2646484375 0.9599609375 0.2705078125 0.96337890625 0.2744140625 0.96826171875 0.2744140625 0.97314453125 0.2734375 0.9755859375 0.267578125 0.97802734375 0.2607421875 0.97900390625 0.248046875 0.9775390625 0.236328125 0.97412109375 0.2275390625 0.97021484375 0.224609375 0.9658203125 0.22265625 0.96044921875 0.2265625 0.95751953125 0.2333984375 0.95556640625 0.2451171875 0.9560546875 0.2548828125
7 0.97900390625 0.29296875 0.978515625 0.291015625 0.96923828125 0.2724609375 0.95654296875 0.2939453125 0.96728515625 0.31640625 0.97900390625 0.29296875
2 0.75732421875 0.4013671875 0.75 0.416015625 0.7451171875 0.4296875 0.74365234375 0.4287109375 0.7373046875 0.4296875 0.73583984375 0.431640625 0.73583984375 0.4365234375 0.736328125 0.439453125 0.7373046875 0.44140625 0.73974609375 0.44140625 0.7353515625 0.4482421875 0.732421875 0.455078125 0.73193359375 0.4609375 0.73095703125 0.478515625 0.73095703125 0.49609375 0.7314453125 0.5068359375 0.73193359375 0.51171875 0.7333984375 0.5146484375 0.7353515625 0.5166015625 0.74072265625 0.5166015625 0.74267578125 0.515625 0.74365234375 0.509765625 0.744140625 0.5048828125 0.74560546875 0.50390625 0.75537109375 0.5078125 0.7548828125 0.515625 0.755859375 0.525390625 0.75732421875 0.52734375 0.7607421875 0.5302734375 0.76611328125 0.5302734375 0.76806640625 0.5283203125 0.76953125 0.5224609375 0.7705078125 0.513671875 0.78173828125 0.5146484375 0.78662109375 0.513671875 0.7880859375 0.5166015625 0.79296875 0.517578125 0.7939453125 0.5126953125 0.794921875 0.5126953125 0.79541015625 0.5166015625 0.796875 0.5205078125 0.7998046875 0.5224609375 0.80322265625 0.5224609375 0.806640625 0.5205078125 0.8076171875 0.5166015625 0.8125 0.515625 0.82421875 0.51953125 0.82568359375 0.5283203125 0.828125 0.5341796875 0.83154296875 0.5361328125 0.83447265625 0.5361328125 0.83740234375 0.5341796875 0.84033203125 0.52734375 0.84130859375 0.513671875 0.84130859375 0.5087890625 0.84326171875 0.5009765625 0.845703125 0.4833984375 0.84423828125 0.47265625 0.84423828125 0.46484375 0.84375 0.4541015625 0.841796875 0.4423828125 0.8388671875 0.4375 0.83740234375 0.435546875 0.83349609375 0.4228515625 0.82568359375 0.40625 0.82177734375 0.4013671875 0.81494140625 0.3984375 0.7998046875 0.396484375 0.78857421875 0.3955078125 0.7763671875 0.39453125 0.76513671875 0.3955078125 0.76123046875 0.3974609375 0.75732421875 0.4013671875
7 0.42822265625 0.4697265625 0.43017578125 0.4697265625 0.43212890625 0.4013671875 0.43115234375 0.3994140625 0.41064453125 0.396484375 0.40966796875 0.3984375 0.4072265625 0.466796875 0.40869140625 0.46875 0.42822265625 0.4697265625
7 0.388671875 0.216796875 0.388671875 0.2255859375 0.39013671875 0.228515625 0.40185546875 0.228515625 0.40283203125 0.2265625 0.40283203125 0.21875 0.4189453125 0.21875 0.4189453125 0.2001953125 0.41845703125 0.1982421875 0.41650390625 0.1962890625 0.4033203125 0.197265625 0.40283203125 0.1884765625 0.40185546875 0.1865234375 0.390625 0.1865234375 0.388671875 0.1884765625 0.388671875 0.1962890625 0.3759765625 0.1953125 0.37353515625 0.1982421875 0.37353515625 0.21484375 0.37548828125 0.216796875 0.388671875 0.216796875