5 0.12109375 0.4609375 0.1298828125 0.443359375 0.1298828125 0.4365234375 0.12841796875 0.4267578125 0.12646484375 0.4189453125 0.1220703125 0.4140625 0.119140625 0.4140625 0.1181640625 0.4072265625 0.1162109375 0.4052734375 0.11376953125 0.4091796875 0.11376953125 0.4140625 0.11181640625 0.421875 0.11083984375 0.44140625 0.111328125 0.4462890625 0.11083984375 0.4560546875 0.12109375 0.4609375
4 0.09814453125 0.44921875 0.10595703125 0.455078125 0.10595703125 0.447265625 0.1064453125 0.439453125 0.1044921875 0.4375 0.10595703125 0.4345703125 0.10693359375 0.4296875 0.10400390625 0.4248046875 0.1015625 0.4267578125 0.1005859375 0.4326171875 0.09912109375 0.4384765625 0.09814453125 0.44921875
5 0.1826171875 0.4130859375 0.17822265625 0.4111328125 0.17529296875 0.4130859375 0.17431640625 0.4111328125 0.173828125 0.40625 0.171875 0.4052734375 0.17041015625 0.408203125 0.16943359375 0.4140625 0.16748046875 0.419921875 0.16748046875 0.42578125 0.1669921875 0.4345703125 0.166015625 0.435546875 0.16552734375 0.4267578125 0.166015625 0.4169921875 0.16455078125 0.41015625 0.16162109375 0.4091796875 0.16162109375 0.404296875 0.1591796875 0.4033203125 0.1572265625 0.4130859375 0.15478515625 0.41796875 0.15380859375 0.419921875 0.15087890625 0.4208984375 0.15087890625 0.4150390625 0.1474609375 0.416015625 0.14453125 0.41796875 0.1435546875 0.4111328125 0.14111328125 0.4091796875 0.13916015625 0.412109375 0.13916015625 0.41796875 0.138671875 0.4248046875 0.1376953125 0.4306640625 0.13671875 0.4404296875 0.13818359375 0.447265625 0.1435546875 0.4599609375 0.16357421875 0.4609375 0.1845703125 0.462890625 0.18505859375 0.451171875 0.18310546875 0.4482421875 0.18359375 0.4345703125 0.1826171875 0.42578125 0.18310546875 0.41796875 0.1826171875 0.4130859375
4 0.21826171875 0.4296875 0.2216796875 0.447265625 0.228515625 0.451171875 0.2294921875 0.4296875 0.2275390625 0.421875 0.22509765625 0.4208984375 0.22314453125 0.41796875 0.220703125 0.41796875 0.21826171875 0.4296875
4 0.2119140625 0.4384765625 0.21337890625 0.4501953125 0.2119140625 0.458984375 0.21240234375 0.4638671875 0.21533203125 0.478515625 0.21533203125 0.482421875 0.21240234375 0.4833984375 0.21240234375 0.486328125 0.22021484375 0.486328125 0.22021484375 0.4814453125 0.22119140625 0.4794921875 0.21923828125 0.4755859375 0.21923828125 0.4658203125 0.22021484375 0.453125 0.2216796875 0.4482421875 0.22216796875 0.4384765625 0.22119140625 0.4296875 0.22021484375 0.4169921875 0.2177734375 0.41015625 0.21435546875 0.4052734375 0.212890625 0.4052734375 0.2119140625 0.4091796875 0.212890625 0.416015625 0.2119140625 0.419921875 0.212890625 0.4208984375 0.212890625 0.4296875 0.2119140625 0.4384765625
5 0.32763671875 0.4208984375 0.32666015625 0.41796875 0.32666015625 0.4150390625 0.32568359375 0.4130859375 0.32373046875 0.412109375 0.3232421875 0.4140625 0.32275390625 0.41796875 0.32177734375 0.4189453125 0.3203125 0.4169921875 0.31982421875 0.4130859375 0.31787109375 0.4111328125 0.3154296875 0.4111328125 0.31396484375 0.4072265625 0.3125 0.4052734375 0.31103515625 0.41015625 0.30908203125 0.412109375 0.30712890625 0.412109375 0.30615234375 0.416015625 0.30615234375 0.419921875 0.30517578125 0.419921875 0.3046875 0.41796875 0.3046875 0.4130859375 0.30419921875 0.41015625 0.3017578125 0.4091796875 0.30029296875 0.4111328125 0.2998046875 0.4150390625 0.2998046875 0.41796875 0.29931640625 0.4208984375 0.298828125 0.4150390625 0.29638671875 0.412109375 0.29296875 0.416015625 0.29150390625 0.4208984375 0.2900390625 0.41796875 0.2890625 0.412109375 0.287109375 0.4130859375 0.287109375 0.4189453125 0.28564453125 0.421875 0.28369140625 0.451171875 0.28662109375 0.455078125 0.2958984375 0.45703125 0.298828125 0.455078125 0.30419921875 0.4560546875 0.30859375 0.4560546875 0.31201171875 0.453125 0.3154296875 0.453125 0.31494140625 0.4619140625 0.3154296875 0.4638671875 0.3173828125 0.46484375 0.31884765625 0.462890625 0.3193359375 0.4541015625 0.32177734375 0.4521484375 0.32275390625 0.4541015625 0.32275390625 0.462890625 0.32470703125 0.4638671875 0.32763671875 0.4638671875 0.32861328125 0.4609375 0.33056640625 0.4609375 0.33154296875 0.4638671875 0.33544921875 0.46484375 0.33837890625 0.419921875 0.3349609375 0.4111328125 0.3330078125 0.4140625 0.33203125 0.4228515625 0.32958984375 0.419921875 0.32763671875 0.4208984375
4 0.2763671875 0.439453125 0.2763671875 0.451171875 0.27734375 0.458984375 0.27880859375 0.4609375 0.279296875 0.4658203125 0.28125 0.466796875 0.28466796875 0.466796875 0.28515625 0.4638671875 0.28515625 0.4609375 0.2861328125 0.45703125 0.2861328125 0.44140625 0.287109375 0.4365234375 0.28662109375 0.42578125 0.28564453125 0.419921875 0.2841796875 0.416015625 0.28271484375 0.4150390625 0.28271484375 0.4111328125 0.28125 0.4072265625 0.27978515625 0.4072265625 0.27880859375 0.41015625 0.27880859375 0.416015625 0.27587890625 0.4169921875 0.27490234375 0.41796875 0.2744140625 0.427734375 0.27490234375 0.4345703125 0.27587890625 0.4375 0.2763671875 0.439453125
7 0.27294921875 0.2861328125 0.27294921875 0.3203125 0.29150390625 0.3212890625 0.29150390625 0.2890625 0.27294921875 0.2861328125
7 0.27294921875 0.23828125 0.27294921875 0.283203125 0.29150390625 0.2861328125 0.291015625 0.2421875 0.27294921875 0.23828125
7 0.33251953125 0.345703125 0.3330078125 0.341796875 0.33349609375 0.3056640625 0.3330078125 0.30078125 0.33203125 0.2978515625 0.33056640625 0.2958984375 0.3115234375 0.2958984375 0.3095703125 0.2978515625 0.30908203125 0.30078125 0.30908203125 0.3447265625 0.31005859375 0.34765625 0.3291015625 0.3486328125 0.3310546875 0.3486328125 0.33251953125 0.345703125
4 0.44970703125 0.4541015625 0.4501953125 0.4443359375 0.4501953125 0.4345703125 0.4521484375 0.4287109375 0.45263671875 0.4248046875 0.44921875 0.4208984375 0.447265625 0.41796875 0.44580078125 0.4169921875 0.44140625 0.4404296875 0.44580078125 0.4541015625 0.447265625 0.453125 0.4482421875 0.455078125 0.44970703125 0.4541015625
5 0.42529296875 0.4453125 0.4248046875 0.4541015625 0.42626953125 0.4580078125 0.4345703125 0.45703125 0.4365234375 0.4150390625 0.43505859375 0.41015625 0.43359375 0.4091796875 0.43212890625 0.41015625 0.4306640625 0.4091796875 0.4287109375 0.4091796875 0.4267578125 0.4130859375 0.4248046875 0.41796875 0.4248046875 0.42578125 0.42578125 0.4326171875 0.42529296875 0.4453125
5 0.48388671875 0.4443359375 0.48583984375 0.4482421875 0.48583984375 0.4521484375 0.48486328125 0.455078125 0.48486328125 0.45703125 0.4873046875 0.458984375 0.49072265625 0.458984375 0.49169921875 0.4560546875 0.4921875 0.4345703125 0.4921875 0.41796875 0.4892578125 0.4150390625 0.48828125 0.416015625 0.4853515625 0.416015625 0.48388671875 0.4443359375
4 0.51416015625 0.466796875 0.5185546875 0.46484375 0.51904296875 0.453125 0.51904296875 0.4423828125 0.51904296875 0.4384765625 0.51953125 0.435546875 0.51953125 0.4326171875 0.517578125 0.431640625 0.5166015625 0.427734375 0.51513671875 0.42578125 0.5126953125 0.4326171875 0.51416015625 0.466796875
4 0.52099609375 0.41796875 0.52197265625 0.4208984375 0.52001953125 0.42578125 0.52001953125 0.431640625 0.51953125 0.43359375 0.51953125 0.4384765625 0.5205078125 0.439453125 0.52099609375 0.4404296875 0.5224609375 0.44921875 0.5224609375 0.4609375 0.521484375 0.46484375 0.52197265625 0.4658203125 0.52490234375 0.4658203125 0.52587890625 0.46484375 0.52587890625 0.4609375 0.525390625 0.4462890625 0.525390625 0.44140625 0.5263671875 0.4384765625 0.52587890625 0.4326171875 0.5263671875 0.4267578125 0.52587890625 0.421875 0.525390625 0.4169921875 0.52490234375 0.4130859375 0.5234375 0.41015625 0.52099609375 0.4130859375 0.52099609375 0.41796875
4 0.54345703125 0.44921875 0.5439453125 0.458984375 0.54296875 0.4609375 0.5439453125 0.4609375 0.5498046875 0.4609375 0.55078125 0.427734375 0.54931640625 0.416015625 0.54736328125 0.4140625 0.544921875 0.416015625 0.5439453125 0.4248046875 0.54345703125 0.44921875
4 0.53759765625 0.40625 0.53759765625 0.41015625 0.53759765625 0.4140625 0.53564453125 0.4169921875 0.53271484375 0.4267578125 0.53271484375 0.435546875 0.533203125 0.4443359375 0.533203125 0.4541015625 0.53271484375 0.458984375 0.53369140625 0.4609375 0.53564453125 0.4599609375 0.53564453125 0.455078125 0.53564453125 0.4501953125 0.537109375 0.4482421875 0.5380859375 0.4541015625 0.537109375 0.458984375 0.5361328125 0.4609375 0.5380859375 0.4609375 0.541015625 0.4599609375 0.54150390625 0.4541015625 0.54150390625 0.447265625 0.5439453125 0.4443359375 0.54443359375 0.43359375 0.5439453125 0.4208984375 0.54296875 0.416015625 0.5400390625 0.4130859375 0.5400390625 0.408203125 0.53955078125 0.40625 0.53759765625 0.40625
2 0.66552734375 0.4296875 0.65966796875 0.421875 0.65380859375 0.421875 0.65625 0.439453125 0.66357421875 0.455078125 0.66552734375 0.4296875
2 0.64404296875 0.421875 0.642578125 0.421875 0.63818359375 0.423828125 0.63671875 0.4267578125 0.64599609375 0.4296875 0.64404296875 0.421875
2 0.63037109375 0.4384765625 0.63623046875 0.462890625 0.642578125 0.4736328125 0.64697265625 0.4580078125 0.64697265625 0.4345703125 0.64501953125 0.427734375 0.642578125 0.42578125 0.63427734375 0.423828125 0.62939453125 0.423828125 0.63037109375 0.4384765625
2 0.62841796875 0.470703125 0.63037109375 0.4697265625 0.6337890625 0.4375 0.63134765625 0.427734375 0.6298828125 0.4248046875 0.62548828125 0.421875 0.62353515625 0.421875 0.61767578125 0.421875 0.6162109375 0.421875 0.626953125 0.4716796875 0.62841796875 0.470703125
7 0.60498046875 0.4072265625 0.60888671875 0.3935546875 0.6015625 0.392578125 0.60498046875 0.4072265625
4 0.60986328125 0.4189453125 0.60986328125 0.4228515625 0.61376953125 0.4228515625 0.61376953125 0.419921875 0.61328125 0.416015625 0.6123046875 0.4130859375 0.6103515625 0.4140625 0.60986328125 0.4189453125
2 0.6181640625 0.4755859375 0.619140625 0.4765625 0.62548828125 0.4736328125 0.62841796875 0.4736328125 0.62841796875 0.4638671875 0.62744140625 0.4423828125 0.6279296875 0.439453125 0.62744140625 0.4365234375 0.6259765625 0.4345703125 0.6240234375 0.435546875 0.6201171875 0.4248046875 0.61865234375 0.4228515625 0.615234375 0.421875 0.60400390625 0.4208984375 0.60107421875 0.423828125 0.611328125 0.4755859375 0.6181640625 0.4755859375
2 0.5966796875 0.4833984375 0.59814453125 0.486328125 0.6015625 0.4873046875 0.6025390625 0.4921875 0.60400390625 0.494140625 0.607421875 0.494140625 0.609375 0.4921875 0.60986328125 0.4833984375 0.61181640625 0.46875 0.61083984375 0.4599609375 0.609375 0.44140625 0.6123046875 0.4404296875 0.61279296875 0.4384765625 0.61279296875 0.435546875 0.611328125 0.43359375 0.6083984375 0.43359375 0.60302734375 0.4140625 0.60107421875 0.41015625 0.599609375 0.4072265625 0.5966796875 0.40625 0.5771484375 0.4052734375 0.572265625 0.408203125 0.59375 0.482421875 0.5966796875 0.4833984375
9 0.6083984375 0.267578125 0.611328125 0.26953125 0.61474609375 0.275390625 0.61181640625 0.28515625 0.6201171875 0.29296875 0.625 0.30078125 0.62451171875 0.306640625 0.626953125 0.3134765625 0.63134765625 0.3203125 0.6318359375 0.3271484375 0.63037109375 0.33203125 0.6337890625 0.337890625 0.64208984375 0.33984375 0.6474609375 0.3388671875 0.64892578125 0.33203125 0.650390625 0.3271484375 0.65234375 0.328125 0.65869140625 0.3271484375 0.65625 0.33203125 0.6591796875 0.3359375 0.65673828125 0.337890625 0.654296875 0.34765625 0.6552734375 0.359375 0.6572265625 0.3603515625 0.6611328125 0.3564453125 0.66259765625 0.3603515625 0.666015625 0.3701171875 0.67041015625 0.3759765625 0.67431640625 0.3984375 0.78271484375 0.4140625 0.7783203125 0.3759765625 0.77685546875 0.3701171875 0.7744140625 0.3623046875 0.7734375 0.3505859375 0.7783203125 0.337890625 0.78369140625 0.3388671875 0.78369140625 0.365234375 0.78369140625 0.37109375 0.78662109375 0.3662109375 0.78759765625 0.337890625 0.79541015625 0.3388671875 0.7958984375 0.341796875 0.80029296875 0.3408203125 0.80419921875 0.34375 0.8046875 0.349609375 0.806640625 0.3564453125 0.810546875 0.3603515625 0.810546875 0.3515625 0.80908203125 0.337890625 0.81298828125 0.34375 0.81494140625 0.34375 0.81884765625 0.3447265625 0.8193359375 0.3388671875 0.82666015625 0.3466796875 0.83056640625 0.349609375 0.8310546875 0.3544921875 0.83251953125 0.359375 0.83251953125 0.365234375 0.83740234375 0.44921875 0.8466796875 0.4345703125 0.85400390625 0.408203125 0.8544921875 0.3701171875 0.85595703125 0.3671875 0.857421875 0.3515625 0.8583984375 0.353515625 0.861328125 0.35546875 0.86376953125 0.353515625 0.86767578125 0.3525390625 0.8681640625 0.345703125 0.876953125 0.34765625 0.87890625 0.3525390625 0.87890625 0.3623046875 0.87109375 0.36328125 0.87060546875 0.365234375 0.89404296875 0.39453125 0.89892578125 0.3984375 0.93798828125 0.44140625 0.99951171875 0.4365234375 0.99951171875 0.0009765625 0.64013671875 0 0.638671875 0.0146484375 0.64111328125 0.0263671875 0.64111328125 0.033203125 0.64111328125 0.04296875 0.64990234375 0.0556640625 0.6552734375 0.0546875 0.6572265625 0.0703125 0.654296875 0.0703125 0.654296875 0.07421875 0.6572265625 0.076171875 0.65576171875 0.08203125 0.64599609375 0.083984375 0.64208984375 0.0888671875 0.6376953125 0.091796875 0.6376953125 0.078125 0.6298828125 0.087890625 0.626953125 0.0732421875 0.62451171875 0.0712890625 0.62060546875 0.0595703125 0.61083984375 0.0791015625 0.61083984375 0.0927734375 0.6025390625 0.0869140625 0.60888671875 0.1513671875 0.61767578125 0.15625 0.6171875 0.1630859375 0.6123046875 0.16796875 0.61083984375 0.17578125 0.6083984375 0.1748046875 0.60791015625 0.169921875 0.603515625 0.162109375 0.6015625 0.1767578125 0.60693359375 0.2021484375 0.6005859375 0.1982421875 0.59765625 0.2138671875 0.595703125 0.224609375 0.59521484375 0.2314453125 0.59130859375 0.23046875 0.59228515625 0.240234375 0.59521484375 0.2548828125 0.599609375 0.2568359375 0.59912109375 0.265625 0.6083984375 0.267578125
7 0.63671875 0.357421875 0.6357421875 0.357421875 0.6357421875 0.3681640625 0.64501953125 0.3681640625 0.64501953125 0.357421875 0.63671875 0.357421875
7 0.64501953125 0.376953125 0.64501953125 0.3681640625 0.6357421875 0.3681640625 0.6357421875 0.376953125 0.64501953125 0.376953125
7 0.64453125 0.3525390625 0.64599609375 0.34765625 0.64599609375 0.3388671875 0.6435546875 0.3330078125 0.640625 0.3310546875 0.63720703125 0.3330078125 0.634765625 0.3369140625 0.6337890625 0.34375 0.634765625 0.349609375 0.63671875 0.3544921875 0.64111328125 0.35546875 0.64453125 0.3525390625
4 0.57177734375 0.5537109375 0.5712890625 0.5576171875 0.56884765625 0.560546875 0.5654296875 0.5634765625 0.5654296875 0.5673828125 0.568359375 0.568359375 0.57421875 0.5673828125 0.58154296875 0.5654296875 0.58203125 0.560546875 0.5810546875 0.5498046875 0.5732421875 0.4638671875 0.57177734375 0.384765625 0.57275390625 0.3837890625 0.5712890625 0.37890625 0.56982421875 0.373046875 0.56689453125 0.369140625 0.56494140625 0.3681640625 0.5625 0.3701171875 0.56103515625 0.3681640625 0.56201171875 0.3662109375 0.56201171875 0.357421875 0.5615234375 0.3505859375 0.55810546875 0.345703125 0.552734375 0.345703125 0.54931640625 0.3486328125 0.54736328125 0.3505859375 0.546875 0.357421875 0.54736328125 0.3603515625 0.5478515625 0.3671875 0.54736328125 0.3701171875 0.548828125 0.373046875 0.5498046875 0.37890625 0.55078125 0.380859375 0.552734375 0.380859375 0.5537109375 0.3828125 0.552734375 0.384765625 0.55419921875 0.388671875 0.55322265625 0.4091796875 0.552734375 0.4228515625 0.55078125 0.43359375 0.55078125 0.4375 0.5498046875 0.4453125 0.54931640625 0.453125 0.548828125 0.462890625 0.5498046875 0.466796875 0.55126953125 0.466796875 0.552734375 0.466796875 0.55078125 0.4814453125 0.54736328125 0.5 0.5478515625 0.5087890625 0.5478515625 0.5302734375 0.544921875 0.546875 0.54541015625 0.5537109375 0.544921875 0.5576171875 0.54052734375 0.560546875 0.5380859375 0.5595703125 0.537109375 0.5625 0.5390625 0.56640625 0.54248046875 0.568359375 0.548828125 0.568359375 0.55517578125 0.568359375 0.55517578125 0.5625 0.55517578125 0.5537109375 0.55712890625 0.53125 0.5576171875 0.51171875 0.5576171875 0.50390625 0.56298828125 0.48828125 0.5654296875 0.5 0.572265625 0.5458984375 0.57177734375 0.5537109375
4 0.595703125 0.4794921875 0.59326171875 0.470703125 0.59130859375 0.4541015625 0.5849609375 0.4365234375 0.58154296875 0.4267578125 0.5830078125 0.4208984375 0.5810546875 0.416015625 0.57763671875 0.412109375 0.57568359375 0.4052734375 0.5693359375 0.4033203125 0.57275390625 0.474609375 0.5751953125 0.5185546875 0.58935546875 0.5751953125 0.5947265625 0.5771484375 0.60205078125 0.57421875 0.60400390625 0.57421875 0.60498046875 0.5712890625 0.60400390625 0.5634765625 0.599609375 0.5439453125 0.59716796875 0.53125 0.5947265625 0.5234375 0.59423828125 0.5185546875 0.59375 0.5 0.59326171875 0.4921875 0.59423828125 0.482421875 0.595703125 0.4794921875
4 0.5673828125 0.4794921875 0.56787109375 0.4853515625 0.5634765625 0.509765625 0.56201171875 0.521484375 0.5634765625 0.525390625 0.5673828125 0.53125 0.58203125 0.5546875 0.5830078125 0.56640625 0.58154296875 0.5751953125 0.5771484375 0.5791015625 0.57666015625 0.58203125 0.57763671875 0.5830078125 0.587890625 0.583984375 0.59326171875 0.5849609375 0.59326171875 0.5771484375 0.591796875 0.5654296875 0.5927734375 0.5615234375 0.59423828125 0.5556640625 0.5927734375 0.5517578125 0.5888671875 0.5478515625 0.5869140625 0.541015625 0.580078125 0.5234375 0.58203125 0.509765625 0.5869140625 0.4833984375 0.59130859375 0.4794921875 0.59033203125 0.474609375 0.59033203125 0.4716796875 0.59423828125 0.4716796875 0.59423828125 0.466796875 0.59228515625 0.4609375 0.58935546875 0.4580078125 0.5869140625 0.451171875 0.58154296875 0.4326171875 0.57568359375 0.4169921875 0.5712890625 0.40625 0.572265625 0.3984375 0.57275390625 0.3916015625 0.57177734375 0.384765625 0.57080078125 0.3828125 0.5673828125 0.3798828125 0.5634765625 0.3798828125 0.55908203125 0.3828125 0.55810546875 0.3896484375 0.5576171875 0.3974609375 0.55712890625 0.40234375 0.5576171875 0.4111328125 0.5595703125 0.4130859375 0.5625 0.4140625 0.5615234375 0.427734375 0.56201171875 0.447265625 0.564453125 0.4619140625 0.560546875 0.4716796875 0.5576171875 0.478515625 0.55712890625 0.482421875 0.5595703125 0.486328125 0.56298828125 0.486328125 0.5673828125 0.4794921875
2 0.89990234375 0.4501953125 0.90087890625 0.435546875 0.8994140625 0.4287109375 0.89208984375 0.427734375 0.89208984375 0.453125 0.896484375 0.4541015625 0.89990234375 0.4501953125
4 0.96142578125 0.44921875 0.96240234375 0.439453125 0.966796875 0.435546875 0.96484375 0.4296875 0.96142578125 0.423828125 0.96142578125 0.4189453125 0.95849609375 0.4169921875 0.95751953125 0.421875 0.95703125 0.4287109375 0.95654296875 0.4384765625 0.95751953125 0.45703125 0.9599609375 0.4560546875 0.9599609375 0.451171875 0.96142578125 0.44921875
5 0.9833984375 0.4345703125 0.982421875 0.431640625 0.9814453125 0.427734375 0.98046875 0.421875 0.97802734375 0.41796875 0.97705078125 0.419921875 0.97607421875 0.42578125 0.97509765625 0.4306640625 0.97412109375 0.4365234375 0.97265625 0.4462890625 0.97607421875 0.455078125 0.97900390625 0.455078125 0.9814453125 0.4541015625 0.982421875 0.447265625 0.9833984375 0.4345703125
9 0.94384765625 0.4853515625 0.94091796875 0.4775390625 0.93994140625 0.458984375 0.93896484375 0.44140625 0.93359375 0.484375 0.94384765625 0.4853515625
4 0.91748046875 0.5126953125 0.92041015625 0.513671875 0.9228515625 0.5126953125 0.9228515625 0.5078125 0.92431640625 0.498046875 0.92724609375 0.4755859375 0.93603515625 0.494140625 0.939453125 0.5 0.93896484375 0.5078125 0.93798828125 0.51171875 0.93798828125 0.513671875 0.93896484375 0.5146484375 0.94189453125 0.513671875 0.9453125 0.5068359375 0.94580078125 0.5 0.94384765625 0.4931640625 0.9365234375 0.4765625 0.93359375 0.4638671875 0.9228515625 0.4580078125 0.91748046875 0.5126953125
4 0.9091796875 0.3984375 0.90966796875 0.3955078125 0.90966796875 0.38671875 0.90869140625 0.380859375 0.90625 0.3779296875 0.90283203125 0.3798828125 0.9013671875 0.384765625 0.900390625 0.3916015625 0.9013671875 0.396484375 0.89990234375 0.40234375 0.8994140625 0.4130859375 0.89892578125 0.419921875 0.8974609375 0.4228515625 0.8974609375 0.427734375 0.89892578125 0.431640625 0.8994140625 0.4345703125 0.89697265625 0.4541015625 0.8935546875 0.4765625 0.896484375 0.490234375 0.8994140625 0.4794921875 0.9033203125 0.4638671875 0.90478515625 0.4794921875 0.90576171875 0.498046875 0.90283203125 0.5068359375 0.9033203125 0.51171875 0.912109375 0.5107421875 0.91162109375 0.4970703125 0.9111328125 0.482421875 0.91015625 0.4736328125 0.91064453125 0.4697265625 0.91162109375 0.45703125 0.912109375 0.4013671875 0.9091796875 0.3984375
4 0.84716796875 0.4130859375 0.8447265625 0.423828125 0.83837890625 0.4541015625 0.84033203125 0.47265625 0.8466796875 0.5302734375 0.85009765625 0.53125 0.85205078125 0.5283203125 0.85205078125 0.5224609375 0.85205078125 0.515625 0.85107421875 0.5107421875 0.8525390625 0.4990234375 0.8525390625 0.490234375 0.8544921875 0.4765625 0.8583984375 0.4990234375 0.8603515625 0.515625 0.86376953125 0.47265625 0.869140625 0.3974609375 0.86669921875 0.392578125 0.8603515625 0.3955078125 0.85546875 0.400390625 0.8505859375 0.4052734375 0.84716796875 0.4130859375
4 0.86376953125 0.404296875 0.8623046875 0.4130859375 0.85986328125 0.41796875 0.859375 0.423828125 0.859375 0.431640625 0.859375 0.4404296875 0.85888671875 0.443359375 0.859375 0.447265625 0.85986328125 0.453125 0.859375 0.48828125 0.85693359375 0.5234375 0.85400390625 0.5283203125 0.85400390625 0.5322265625 0.85693359375 0.533203125 0.86083984375 0.5322265625 0.86572265625 0.5283203125 0.86669921875 0.5234375 0.8681640625 0.5107421875 0.86962890625 0.505859375 0.86962890625 0.521484375 0.86962890625 0.52734375 0.8701171875 0.5322265625 0.8720703125 0.5341796875 0.87646484375 0.5322265625 0.876953125 0.5234375 0.876953125 0.5126953125 0.8818359375 0.4755859375 0.8857421875 0.466796875 0.88720703125 0.45703125 0.88818359375 0.4453125 0.88720703125 0.4248046875 0.8876953125 0.416015625 0.88818359375 0.4091796875 0.88671875 0.4013671875 0.884765625 0.3974609375 0.880859375 0.392578125 0.8798828125 0.390625 0.880859375 0.3828125 0.88037109375 0.3740234375 0.87939453125 0.3701171875 0.87548828125 0.3681640625 0.87255859375 0.3701171875 0.87109375 0.3759765625 0.87060546875 0.3828125 0.87060546875 0.388671875 0.86669921875 0.390625 0.865234375 0.39453125 0.86474609375 0.3984375 0.86376953125 0.404296875
5 0.7919921875 0.4052734375 0.7900390625 0.41796875 0.783203125 0.4521484375 0.78564453125 0.517578125 0.791015625 0.53125 0.796875 0.5322265625 0.80859375 0.53515625 0.814453125 0.5400390625 0.82275390625 0.5419921875 0.8251953125 0.533203125 0.82861328125 0.41796875 0.828125 0.373046875 0.82470703125 0.3720703125 0.82080078125 0.373046875 0.81884765625 0.3759765625 0.81591796875 0.3759765625 0.8125 0.376953125 0.80859375 0.375 0.8046875 0.376953125 0.802734375 0.3828125 0.80224609375 0.3896484375 0.798828125 0.4013671875 0.7919921875 0.4052734375
4 0.92919921875 0.353515625 0.92724609375 0.349609375 0.92333984375 0.349609375 0.92041015625 0.353515625 0.9189453125 0.3603515625 0.9189453125 0.3681640625 0.919921875 0.375 0.9169921875 0.37890625 0.916015625 0.3828125 0.91357421875 0.3857421875 0.91064453125 0.39453125 0.90966796875 0.4091796875 0.91015625 0.4384765625 0.912109375 0.45703125 0.9130859375 0.4658203125 0.9130859375 0.4775390625 0.9140625 0.490234375 0.912109375 0.50390625 0.912109375 0.515625 0.9130859375 0.5263671875 0.9130859375 0.529296875 0.91259765625 0.53515625 0.9130859375 0.5390625 0.912109375 0.5439453125 0.9130859375 0.5458984375 0.91552734375 0.546875 0.91796875 0.5478515625 0.9189453125 0.5439453125 0.9189453125 0.5419921875 0.919921875 0.5380859375 0.92041015625 0.53125 0.9208984375 0.52734375 0.92041015625 0.5146484375 0.91943359375 0.5029296875 0.9208984375 0.4951171875 0.9228515625 0.4775390625 0.92431640625 0.46875 0.9267578125 0.4814453125 0.927734375 0.498046875 0.927734375 0.5068359375 0.92626953125 0.5234375 0.9267578125 0.5390625 0.92724609375 0.5458984375 0.92822265625 0.546875 0.931640625 0.546875 0.93603515625 0.5458984375 0.93603515625 0.54296875 0.93359375 0.5380859375 0.9345703125 0.53125 0.93359375 0.525390625 0.935546875 0.5029296875 0.93505859375 0.494140625 0.9365234375 0.470703125 0.9384765625 0.46484375 0.94091796875 0.455078125 0.94140625 0.4306640625 0.9404296875 0.40625 0.939453125 0.39453125 0.93798828125 0.3876953125 0.935546875 0.384765625 0.93017578125 0.3740234375 0.9306640625 0.3671875 0.9306640625 0.3603515625 0.92919921875 0.353515625
4 0.83544921875 0.3662109375 0.83056640625 0.3623046875 0.8291015625 0.3642578125 0.826171875 0.365234375 0.8251953125 0.37109375 0.82470703125 0.384765625 0.82470703125 0.390625 0.82373046875 0.392578125 0.8203125 0.39453125 0.81689453125 0.4052734375 0.81494140625 0.421875 0.8154296875 0.4306640625 0.8115234375 0.439453125 0.80908203125 0.453125 0.80859375 0.462890625 0.8125 0.4697265625 0.81689453125 0.4716796875 0.818359375 0.4736328125 0.8193359375 0.4736328125 0.82080078125 0.5107421875 0.82177734375 0.525390625 0.822265625 0.53515625 0.82177734375 0.5439453125 0.82080078125 0.548828125 0.8251953125 0.55078125 0.82861328125 0.5478515625 0.8291015625 0.537109375 0.82958984375 0.517578125 0.8291015625 0.5068359375 0.8291015625 0.4921875 0.83251953125 0.5205078125 0.83447265625 0.53125 0.833984375 0.5380859375 0.83642578125 0.5458984375 0.83740234375 0.5517578125 0.841796875 0.5498046875 0.84130859375 0.4736328125 0.8427734375 0.455078125 0.8447265625 0.4345703125 0.84423828125 0.4130859375 0.84326171875 0.3994140625 0.841796875 0.39453125 0.83544921875 0.3896484375 0.83642578125 0.3818359375 0.8369140625 0.373046875 0.83544921875 0.3662109375
4 0.779296875 0.390625 0.779296875 0.3828125 0.77734375 0.3798828125 0.775390625 0.376953125 0.771484375 0.376953125 0.77001953125 0.3828125 0.76953125 0.3896484375 0.7705078125 0.3955078125 0.771484375 0.3974609375 0.77099609375 0.400390625 0.7685546875 0.400390625 0.76611328125 0.40625 0.76513671875 0.416015625 0.763671875 0.4765625 0.76708984375 0.5224609375 0.77001953125 0.5166015625 0.771484375 0.5029296875 0.7724609375 0.4736328125 0.7744140625 0.4873046875 0.775390625 0.509765625 0.77685546875 0.5185546875 0.77880859375 0.5205078125 0.783203125 0.51953125 0.78564453125 0.435546875 0.78369140625 0.41015625 0.7822265625 0.4033203125 0.77880859375 0.3994140625 0.77783203125 0.3984375 0.77783203125 0.39453125 0.779296875 0.390625
5 0.73486328125 0.3671875 0.73291015625 0.3681640625 0.73095703125 0.3671875 0.72802734375 0.3671875 0.72607421875 0.3720703125 0.7265625 0.486328125 0.72802734375 0.525390625 0.73388671875 0.5263671875 0.73876953125 0.5244140625 0.7421875 0.5126953125 0.74267578125 0.5048828125 0.7451171875 0.4931640625 0.74951171875 0.466796875 0.7490234375 0.3935546875 0.74658203125 0.3779296875 0.744140625 0.376953125 0.7412109375 0.376953125 0.73974609375 0.37109375 0.73486328125 0.3671875
4 0.64404296875 0.4482421875 0.64404296875 0.4677734375 0.64501953125 0.4775390625 0.646484375 0.4794921875 0.64697265625 0.5087890625 0.64501953125 0.5166015625 0.64404296875 0.5263671875 0.6474609375 0.52734375 0.654296875 0.525390625 0.65869140625 0.5234375 0.65771484375 0.5205078125 0.65625 0.5146484375 0.65625 0.5009765625 0.65869140625 0.4892578125 0.658203125 0.46484375 0.66162109375 0.4619140625 0.66162109375 0.443359375 0.65869140625 0.4345703125 0.6552734375 0.41796875 0.6533203125 0.412109375 0.654296875 0.40625 0.65673828125 0.404296875 0.65771484375 0.3955078125 0.6572265625 0.3896484375 0.65576171875 0.38671875 0.65185546875 0.384765625 0.6494140625 0.384765625 0.6474609375 0.38671875 0.64697265625 0.390625 0.64697265625 0.4013671875 0.64599609375 0.404296875 0.6435546875 0.4140625 0.64306640625 0.4208984375 0.6435546875 0.4287109375 0.64404296875 0.4482421875
4 0.67138671875 0.48046875 0.67822265625 0.4033203125 0.6767578125 0.3818359375 0.6748046875 0.3759765625 0.671875 0.3740234375 0.6689453125 0.375 0.6669921875 0.37890625 0.66650390625 0.3876953125 0.66748046875 0.392578125 0.6650390625 0.4013671875 0.66357421875 0.4140625 0.66357421875 0.423828125 0.662109375 0.4453125 0.66015625 0.4638671875 0.66015625 0.4853515625 0.66015625 0.5166015625 0.658203125 0.525390625 0.65966796875 0.529296875 0.6630859375 0.53125 0.66796875 0.5283203125 0.6650390625 0.5205078125 0.666015625 0.5048828125 0.66845703125 0.4873046875 0.67138671875 0.48046875
4 0.68701171875 0.3740234375 0.685546875 0.3779296875 0.685546875 0.388671875 0.6884765625 0.3935546875 0.69677734375 0.384765625 0.69775390625 0.3740234375 0.6962890625 0.3681640625 0.69384765625 0.3662109375 0.689453125 0.3662109375 0.68798828125 0.3701171875 0.68701171875 0.3740234375
4 0.67724609375 0.384765625 0.6767578125 0.3935546875 0.67333984375 0.4033203125 0.67138671875 0.412109375 0.67138671875 0.42578125 0.671875 0.453125 0.671875 0.4921875 0.6689453125 0.5078125 0.66796875 0.5166015625 0.6669921875 0.5244140625 0.6689453125 0.529296875 0.6728515625 0.5283203125 0.67724609375 0.53125 0.68212890625 0.529296875 0.685546875 0.5029296875 0.68701171875 0.408203125 0.68701171875 0.38671875 0.685546875 0.380859375 0.68505859375 0.3759765625 0.68359375 0.3740234375 0.68017578125 0.3740234375 0.677734375 0.3779296875 0.67724609375 0.384765625
4 0.7109375 0.3662109375 0.70947265625 0.36328125 0.70703125 0.3623046875 0.705078125 0.3623046875 0.70263671875 0.3662109375 0.7001953125 0.388671875 0.69921875 0.533203125 0.71240234375 0.533203125 0.71875 0.3916015625 0.71142578125 0.3837890625 0.71142578125 0.37890625 0.7119140625 0.37109375 0.7109375 0.3662109375
4 0.7080078125 0.4033203125 0.7060546875 0.3896484375 0.70361328125 0.3828125 0.7041015625 0.375 0.7041015625 0.369140625 0.703125 0.3623046875 0.70068359375 0.3603515625 0.697265625 0.361328125 0.69580078125 0.3642578125 0.69482421875 0.373046875 0.6953125 0.380859375 0.6923828125 0.3837890625 0.68603515625 0.390625 0.68359375 0.3955078125 0.67724609375 0.4091796875 0.67578125 0.416015625 0.67626953125 0.4228515625 0.68017578125 0.4345703125 0.6787109375 0.4609375 0.67919921875 0.4814453125 0.681640625 0.4873046875 0.6806640625 0.517578125 0.681640625 0.5361328125 0.6865234375 0.5390625 0.68701171875 0.541015625 0.69091796875 0.5419921875 0.701171875 0.5419921875 0.7041015625 0.486328125 0.70703125 0.4599609375 0.7080078125 0.4033203125
4 0.73828125 0.4365234375 0.740234375 0.4404296875 0.740234375 0.4560546875 0.74169921875 0.46875 0.7431640625 0.4814453125 0.744140625 0.4814453125 0.7451171875 0.51171875 0.74365234375 0.5234375 0.744140625 0.5380859375 0.75146484375 0.5380859375 0.755859375 0.5380859375 0.7578125 0.525390625 0.7578125 0.5185546875 0.7568359375 0.4833984375 0.75830078125 0.4755859375 0.76025390625 0.484375 0.76220703125 0.4921875 0.76513671875 0.4892578125 0.76611328125 0.4677734375 0.7666015625 0.455078125 0.7646484375 0.4453125 0.76513671875 0.4345703125 0.76611328125 0.427734375 0.76513671875 0.4140625 0.76416015625 0.4072265625 0.76416015625 0.4033203125 0.76220703125 0.3994140625 0.7568359375 0.3955078125 0.7568359375 0.388671875 0.7548828125 0.3798828125 0.75341796875 0.37109375 0.75 0.369140625 0.7470703125 0.373046875 0.7451171875 0.3798828125 0.7451171875 0.3876953125 0.7431640625 0.39453125 0.74072265625 0.3994140625 0.73974609375 0.404296875 0.73828125 0.4111328125 0.73828125 0.4365234375
4 0.7314453125 0.5458984375 0.72802734375 0.5400390625 0.7275390625 0.525390625 0.7314453125 0.51171875 0.7314453125 0.498046875 0.73193359375 0.4755859375 0.73388671875 0.4609375 0.73583984375 0.4521484375 0.7353515625 0.4423828125 0.73779296875 0.4404296875 0.74169921875 0.419921875 0.7392578125 0.4111328125 0.736328125 0.4013671875 0.7373046875 0.396484375 0.73388671875 0.3974609375 0.73193359375 0.390625 0.728515625 0.390625 0.72998046875 0.3828125 0.72900390625 0.373046875 0.7275390625 0.369140625 0.7255859375 0.3662109375 0.72265625 0.3681640625 0.72021484375 0.37109375 0.71875 0.3779296875 0.71875 0.384765625 0.71875 0.388671875 0.71337890625 0.39453125 0.70751953125 0.3984375 0.70654296875 0.4072265625 0.70458984375 0.4267578125 0.705078125 0.4599609375 0.7080078125 0.46875 0.7099609375 0.482421875 0.71044921875 0.4970703125 0.71044921875 0.517578125 0.71142578125 0.53125 0.70947265625 0.5458984375 0.71044921875 0.55078125 0.73046875 0.5498046875 0.7314453125 0.5458984375
7 0.67919921875 0.2705078125 0.67919921875 0.2958984375 0.70263671875 0.2958984375 0.7021484375 0.26953125 0.67919921875 0.2705078125
7 0.68017578125 0.2705078125 0.7001953125 0.26953125 0.70166015625 0.2685546875 0.7021484375 0.265625 0.70166015625 0.201171875 0.701171875 0.19921875 0.70068359375 0.1982421875 0.67919921875 0.19921875 0.67822265625 0.2001953125 0.67822265625 0.2021484375 0.6787109375 0.2666015625 0.67919921875 0.2685546875 0.68017578125 0.2705078125
4 0.77587890625 0.42578125 0.7802734375 0.4375 0.77880859375 0.447265625 0.77880859375 0.478515625 0.77978515625 0.51953125 0.7744140625 0.5234375 0.7744140625 0.533203125 0.7841796875 0.5380859375 0.796875 0.529296875 0.79833984375 0.4521484375 0.794921875 0.4443359375 0.80224609375 0.41796875 0.80224609375 0.3994140625 0.79833984375 0.38671875 0.79296875 0.3701171875 0.7900390625 0.3623046875 0.78076171875 0.3701171875 0.78271484375 0.3857421875 0.7802734375 0.4013671875 0.77685546875 0.4111328125 0.77587890625 0.42578125