9 0.57421875 0.1044921875 0.57177734375 0.1015625 0.56494140625 0.1025390625 0.5595703125 0.111328125 0.560546875 0.12890625 0.556640625 0.12890625 0.55322265625 0.126953125 0.5517578125 0.1357421875 0.55224609375 0.14453125 0.54931640625 0.1494140625 0.544921875 0.1513671875 0.544921875 0.1591796875 0.54931640625 0.1669921875 0.5498046875 0.185546875 0.544921875 0.1962890625 0.54541015625 0.2060546875 0.5478515625 0.220703125 0.548828125 0.236328125 0.55126953125 0.2509765625 0.55029296875 0.259765625 0.54833984375 0.2646484375 0.54345703125 0.265625 0.54296875 0.27734375 0.54150390625 0.28515625 0.5400390625 0.2900390625 0.5400390625 0.2978515625 0.54296875 0.3037109375 0.54345703125 0.3076171875 0.5390625 0.3154296875 0.53759765625 0.322265625 0.53759765625 0.3359375 0.5439453125 0.3525390625 0.5556640625 0.35546875 0.57080078125 0.3486328125 0.59375 0.330078125 0.59033203125 0.0859375 0.58447265625 0.0751953125 0.5791015625 0.0810546875 0.5771484375 0.0947265625 0.57421875 0.1044921875
7 0.5791015625 0.326171875 0.5712890625 0.326171875 0.57080078125 0.337890625 0.57861328125 0.3369140625 0.5791015625 0.326171875
7 0.580078125 0.3291015625 0.5771484375 0.3310546875 0.5771484375 0.3369140625 0.57861328125 0.341796875 0.5810546875 0.341796875 0.5830078125 0.337890625 0.58251953125 0.3310546875 0.580078125 0.3291015625
4 0.5810546875 0.359375 0.57958984375 0.35546875 0.57763671875 0.3564453125 0.57763671875 0.3505859375 0.5751953125 0.3525390625 0.57470703125 0.3583984375 0.57275390625 0.365234375 0.57373046875 0.3701171875 0.57470703125 0.3798828125 0.5751953125 0.388671875 0.57763671875 0.3955078125 0.580078125 0.3955078125 0.580078125 0.388671875 0.58056640625 0.3779296875 0.5810546875 0.373046875 0.5810546875 0.3671875 0.5810546875 0.359375
4 0.6201171875 0.3486328125 0.6201171875 0.3525390625 0.6171875 0.3583984375 0.6123046875 0.3671875 0.611328125 0.376953125 0.61279296875 0.384765625 0.61572265625 0.3876953125 0.61572265625 0.396484375 0.61572265625 0.4140625 0.61767578125 0.4296875 0.61767578125 0.4423828125 0.61669921875 0.453125 0.61669921875 0.458984375 0.6181640625 0.46484375 0.62109375 0.4619140625 0.62255859375 0.4521484375 0.6240234375 0.4453125 0.6240234375 0.44921875 0.62353515625 0.462890625 0.62451171875 0.46875 0.62646484375 0.470703125 0.62890625 0.470703125 0.63037109375 0.4658203125 0.62890625 0.46484375 0.62939453125 0.4560546875 0.630859375 0.4443359375 0.63232421875 0.427734375 0.63330078125 0.412109375 0.63330078125 0.400390625 0.630859375 0.3896484375 0.630859375 0.3828125 0.6318359375 0.3828125 0.6357421875 0.3818359375 0.6357421875 0.3779296875 0.6357421875 0.3720703125 0.634765625 0.3623046875 0.63232421875 0.3583984375 0.6298828125 0.3544921875 0.62744140625 0.3525390625 0.62744140625 0.3466796875 0.62744140625 0.3427734375 0.6259765625 0.337890625 0.6240234375 0.3359375 0.62109375 0.3359375 0.619140625 0.34375 0.6201171875 0.3486328125
7 0.61767578125 0.279296875 0.61865234375 0.28515625 0.62060546875 0.2880859375 0.625 0.2900390625 0.62890625 0.2890625 0.6318359375 0.2841796875 0.6318359375 0.2734375 0.630859375 0.2666015625 0.62939453125 0.2626953125 0.62744140625 0.2607421875 0.62353515625 0.2607421875 0.62158203125 0.2607421875 0.6181640625 0.2646484375 0.61767578125 0.2724609375 0.61767578125 0.279296875
7 0.65966796875 0.255859375 0.65966796875 0.24609375 0.6337890625 0.25 0.6337890625 0.259765625 0.65966796875 0.255859375
7 0.66259765625 0.294921875 0.66552734375 0.2744140625 0.63720703125 0.2626953125 0.634765625 0.283203125 0.66259765625 0.294921875
9 0.4951171875 0.328125 0.4951171875 0.3251953125 0.49560546875 0.318359375 0.49951171875 0.328125 0.50537109375 0.3271484375 0.505859375 0.3193359375 0.50830078125 0.3115234375 0.51123046875 0.302734375 0.5107421875 0.291015625 0.5078125 0.2783203125 0.5107421875 0.27734375 0.5107421875 0.267578125 0.50927734375 0.263671875 0.509765625 0.25 0.50927734375 0.234375 0.50830078125 0.2255859375 0.50537109375 0.22265625 0.50390625 0.2197265625 0.50537109375 0.2138671875 0.505859375 0.208984375 0.50439453125 0.2001953125 0.50146484375 0.197265625 0.5009765625 0.1923828125 0.5009765625 0.1845703125 0.49755859375 0.1845703125 0.49658203125 0.1806640625 0.494140625 0.17578125 0.49072265625 0.1748046875 0.4873046875 0.1689453125 0.48828125 0.30859375 0.49072265625 0.326171875 0.4951171875 0.328125
4 0.49169921875 0.365234375 0.490234375 0.3720703125 0.490234375 0.3798828125 0.4912109375 0.3828125 0.49560546875 0.380859375 0.49658203125 0.3740234375 0.49658203125 0.3671875 0.4970703125 0.3603515625 0.49658203125 0.3583984375 0.4921875 0.357421875 0.48974609375 0.357421875 0.49169921875 0.365234375
7 0.3662109375 0.2724609375 0.36572265625 0.2412109375 0.349609375 0.2412109375 0.35009765625 0.2744140625 0.3662109375 0.2724609375
7 0.3671875 0.2919921875 0.3671875 0.275390625 0.349609375 0.2763671875 0.35009765625 0.29296875 0.3671875 0.2919921875
7 0.35009765625 0.314453125 0.36767578125 0.3154296875 0.3671875 0.294921875 0.35107421875 0.2958984375 0.35009765625 0.314453125
7 0.29296875 0.27734375 0.29296875 0.2890625 0.3173828125 0.28515625 0.3173828125 0.2744140625 0.29296875 0.27734375
2 0.39892578125 0.5771484375 0.39794921875 0.517578125 0.3955078125 0.48828125 0.39404296875 0.4794921875 0.3876953125 0.46875 0.3828125 0.4521484375 0.3896484375 0.451171875 0.39501953125 0.4462890625 0.39501953125 0.4306640625 0.3818359375 0.4306640625 0.380859375 0.439453125 0.37939453125 0.4404296875 0.376953125 0.4326171875 0.37353515625 0.41796875 0.357421875 0.376953125 0.3505859375 0.365234375 0.33935546875 0.36328125 0.32177734375 0.3662109375 0.2890625 0.3681640625 0.26416015625 0.3720703125 0.2568359375 0.373046875 0.23779296875 0.400390625 0.30078125 0.6103515625 0.3427734375 0.6123046875 0.34814453125 0.6142578125 0.35302734375 0.6376953125 0.357421875 0.640625 0.36572265625 0.638671875 0.37060546875 0.634765625 0.373046875 0.6240234375 0.37158203125 0.5810546875 0.380859375 0.5751953125 0.380859375 0.5810546875 0.3818359375 0.59375 0.39599609375 0.591796875 0.39892578125 0.591796875 0.3984375 0.5869140625 0.39892578125 0.5771484375
2 0 0.7900390625 0.00634765625 0.8173828125 0.01513671875 0.8056640625 0.03955078125 0.8037109375 0.08056640625 0.7998046875 0.1533203125 0.783203125 0.18603515625 0.779296875 0.19921875 0.78125 0.20263671875 0.80078125 0.205078125 0.826171875 0.21240234375 0.84765625 0.2197265625 0.857421875 0.22607421875 0.8564453125 0.2353515625 0.8583984375 0.24462890625 0.857421875 0.2548828125 0.84375 0.259765625 0.8291015625 0.263671875 0.8037109375 0.26416015625 0.783203125 0.265625 0.76171875 0.26611328125 0.7255859375 0.30859375 0.6767578125 0.30859375 0.68359375 0.3095703125 0.7001953125 0.314453125 0.7138671875 0.32470703125 0.71484375 0.3330078125 0.7138671875 0.33984375 0.7060546875 0.34228515625 0.689453125 0.3427734375 0.669921875 0.34326171875 0.6171875 0.3427734375 0.587890625 0.3427734375 0.5615234375 0.3388671875 0.53125 0.33056640625 0.505859375 0.31982421875 0.4921875 0.31396484375 0.486328125 0.32080078125 0.482421875 0.32373046875 0.4755859375 0.32373046875 0.4560546875 0.31884765625 0.4453125 0.3017578125 0.4462890625 0.29931640625 0.462890625 0.29248046875 0.4404296875 0.2822265625 0.41796875 0.27197265625 0.390625 0.259765625 0.3720703125 0.2353515625 0.349609375 0.212890625 0.3408203125 0.18408203125 0.3388671875 0.1494140625 0.341796875 0.10791015625 0.345703125 0.076171875 0.3515625 0.044921875 0.359375 0.01953125 0.37109375 0.00244140625 0.3818359375 0 0.3818359375 0 0.7900390625
2 0.4365234375 0.3857421875 0.4765625 0.470703125 0.4814453125 0.4658203125 0.4814453125 0.4638671875 0.486328125 0.4619140625 0.48681640625 0.45703125 0.48828125 0.44921875 0.48779296875 0.4375 0.48681640625 0.4208984375 0.48095703125 0.4072265625 0.478515625 0.396484375 0.47314453125 0.3876953125 0.46875 0.3798828125 0.4580078125 0.3798828125 0.4501953125 0.3818359375 0.44189453125 0.3818359375 0.4365234375 0.3857421875
2 0.40576171875 0.44921875 0.40673828125 0.4677734375 0.40771484375 0.494140625 0.416015625 0.494140625 0.4169921875 0.4921875 0.41748046875 0.4873046875 0.4228515625 0.490234375 0.42578125 0.484375 0.42626953125 0.478515625 0.46142578125 0.4736328125 0.46337890625 0.4853515625 0.470703125 0.4853515625 0.47265625 0.4794921875 0.47705078125 0.4765625 0.4765625 0.46875 0.4765625 0.45703125 0.4755859375 0.443359375 0.47509765625 0.427734375 0.470703125 0.4189453125 0.4697265625 0.4140625 0.46484375 0.39453125 0.4580078125 0.3837890625 0.4453125 0.3837890625 0.43115234375 0.38671875 0.41748046875 0.3896484375 0.412109375 0.4033203125 0.4072265625 0.4287109375 0.40576171875 0.44921875