9 0.4638671875 0.3896484375 0.46728515625 0.392578125 0.4658203125 0.3984375 0.4716796875 0.3935546875 0.47119140625 0.3837890625 0.4658203125 0.380859375 0.46728515625 0.37890625 0.47021484375 0.3779296875 0.4736328125 0.3828125 0.47705078125 0.384765625 0.47900390625 0.3837890625 0.47900390625 0.373046875 0.4814453125 0.3681640625 0.47998046875 0.359375 0.47998046875 0.353515625 0.47998046875 0.34375 0.47998046875 0.3388671875 0.478515625 0.3369140625 0.48193359375 0.3291015625 0.48583984375 0.3291015625 0.48291015625 0.3193359375 0.48046875 0.3134765625 0.474609375 0.3037109375 0.470703125 0.2998046875 0.46435546875 0.2890625 0.4619140625 0.2890625 0.45458984375 0.2998046875 0.451171875 0.2958984375 0.451171875 0.2939453125 0.44580078125 0.291015625 0.44189453125 0.2939453125 0.43798828125 0.2939453125 0.43310546875 0.2958984375 0.43212890625 0.3017578125 0.4306640625 0.30859375 0.4296875 0.3115234375 0.4306640625 0.3212890625 0.4306640625 0.3408203125 0.42919921875 0.337890625 0.42822265625 0.3447265625 0.42919921875 0.3486328125 0.42919921875 0.3525390625 0.42431640625 0.369140625 0.43017578125 0.392578125 0.43505859375 0.40234375 0.4365234375 0.4091796875 0.44189453125 0.4140625 0.44580078125 0.4248046875 0.44775390625 0.4345703125 0.44921875 0.4365234375 0.4560546875 0.4345703125 0.4609375 0.4326171875 0.4599609375 0.427734375 0.45458984375 0.42578125 0.453125 0.423828125 0.45751953125 0.4052734375 0.45849609375 0.3974609375 0.458984375 0.39453125 0.4619140625 0.3955078125 0.4638671875 0.3896484375
7 0.47705078125 0.396484375 0.47607421875 0.3994140625 0.47607421875 0.40234375 0.47705078125 0.404296875 0.478515625 0.404296875 0.4794921875 0.4033203125 0.47998046875 0.4013671875 0.47998046875 0.3984375 0.478515625 0.396484375 0.47705078125 0.396484375
2 0.439453125 0.4189453125 0.4423828125 0.4443359375 0.44580078125 0.4443359375 0.447265625 0.4423828125 0.44775390625 0.439453125 0.447265625 0.431640625 0.44677734375 0.4248046875 0.44287109375 0.41796875 0.439453125 0.4189453125
7 0.4296875 0.35546875 0.421875 0.35546875 0.421875 0.3740234375 0.43017578125 0.3740234375 0.4296875 0.35546875
9 0.42138671875 0.3955078125 0.41796875 0.392578125 0.42041015625 0.3896484375 0.42138671875 0.384765625 0.42138671875 0.3642578125 0.421875 0.357421875 0.419921875 0.34765625 0.41943359375 0.341796875 0.41748046875 0.3388671875 0.41650390625 0.3134765625 0.4150390625 0.30859375 0.41259765625 0.30859375 0.40966796875 0.314453125 0.408203125 0.326171875 0.40771484375 0.34375 0.40673828125 0.337890625 0.404296875 0.33984375 0.404296875 0.353515625 0.4052734375 0.3564453125 0.404296875 0.3583984375 0.4033203125 0.365234375 0.40380859375 0.373046875 0.40283203125 0.3779296875 0.40673828125 0.3876953125 0.408203125 0.3916015625 0.4072265625 0.3974609375 0.4072265625 0.4072265625 0.40283203125 0.404296875 0.39892578125 0.4091796875 0.4033203125 0.4111328125 0.4033203125 0.4150390625 0.40625 0.416015625 0.40576171875 0.41796875 0.4052734375 0.423828125 0.40185546875 0.427734375 0.4033203125 0.43359375 0.4052734375 0.4404296875 0.41162109375 0.4404296875 0.41650390625 0.4384765625 0.4248046875 0.41015625 0.423828125 0.3994140625 0.42138671875 0.3955078125
2 0.443359375 0.4296875 0.44189453125 0.423828125 0.439453125 0.4169921875 0.43603515625 0.4150390625 0.427734375 0.4150390625 0.42578125 0.4189453125 0.427734375 0.4482421875 0.4384765625 0.4482421875 0.44189453125 0.4482421875 0.443359375 0.4404296875 0.443359375 0.4296875
2 0.490234375 0.4189453125 0.4814453125 0.4189453125 0.48388671875 0.44140625 0.486328125 0.44140625 0.490234375 0.44140625 0.490234375 0.443359375 0.4931640625 0.443359375 0.494140625 0.44140625 0.49365234375 0.4296875 0.49365234375 0.42578125 0.4921875 0.423828125 0.490234375 0.4189453125
2 0.46044921875 0.4287109375 0.4599609375 0.431640625 0.4599609375 0.4345703125 0.45947265625 0.443359375 0.4599609375 0.4482421875 0.4599609375 0.4541015625 0.46044921875 0.45703125 0.46240234375 0.45703125 0.46484375 0.45703125 0.46484375 0.453125 0.4736328125 0.453125 0.4794921875 0.453125 0.4814453125 0.4541015625 0.48193359375 0.45703125 0.48388671875 0.45703125 0.48583984375 0.4560546875 0.486328125 0.451171875 0.486328125 0.4423828125 0.48583984375 0.435546875 0.48486328125 0.4296875 0.486328125 0.4296875 0.4873046875 0.4296875 0.48779296875 0.427734375 0.4873046875 0.42578125 0.484375 0.4248046875 0.4814453125 0.41796875 0.47998046875 0.416015625 0.47509765625 0.416015625 0.46630859375 0.4169921875 0.46484375 0.41796875 0.46240234375 0.42578125 0.46044921875 0.4287109375
9 0.3701171875 0.416015625 0.3662109375 0.4208984375 0.36328125 0.4130859375 0.359375 0.41796875 0.359375 0.4453125 0.36181640625 0.4501953125 0.36865234375 0.4501953125 0.37353515625 0.4482421875 0.3798828125 0.4462890625 0.38037109375 0.4443359375 0.38037109375 0.427734375 0.38037109375 0.423828125 0.38037109375 0.41796875 0.37255859375 0.4150390625 0.3701171875 0.416015625
4 0.3896484375 0.42578125 0.3916015625 0.44140625 0.392578125 0.447265625 0.39404296875 0.4462890625 0.39404296875 0.4453125 0.39453125 0.4404296875 0.39453125 0.4150390625 0.39208984375 0.416015625 0.3896484375 0.42578125
4 0.38427734375 0.4306640625 0.384765625 0.4443359375 0.3857421875 0.451171875 0.38818359375 0.451171875 0.3896484375 0.451171875 0.39013671875 0.4423828125 0.390625 0.431640625 0.39208984375 0.421875 0.3916015625 0.412109375 0.38916015625 0.4091796875 0.3876953125 0.4072265625 0.38623046875 0.4091796875 0.3837890625 0.416015625 0.3837890625 0.423828125 0.38427734375 0.4306640625
4 0.37841796875 0.4130859375 0.376953125 0.4091796875 0.3759765625 0.4091796875 0.37646484375 0.4501953125 0.37939453125 0.4501953125 0.38037109375 0.4482421875 0.380859375 0.4345703125 0.38037109375 0.421875 0.3798828125 0.416015625 0.37841796875 0.4130859375
2 0.171875 0.5185546875 0.173828125 0.5166015625 0.17529296875 0.5087890625 0.1884765625 0.5107421875 0.2177734375 0.513671875 0.220703125 0.5234375 0.2255859375 0.5244140625 0.23095703125 0.5234375 0.23291015625 0.5185546875 0.23388671875 0.5078125 0.248046875 0.501953125 0.2490234375 0.5126953125 0.25146484375 0.515625 0.255859375 0.515625 0.25830078125 0.5126953125 0.2587890625 0.5068359375 0.26025390625 0.4921875 0.26123046875 0.4755859375 0.2607421875 0.462890625 0.26025390625 0.4501953125 0.2578125 0.443359375 0.25146484375 0.4208984375 0.2470703125 0.4111328125 0.24072265625 0.40625 0.2314453125 0.404296875 0.21337890625 0.40234375 0.1953125 0.40625 0.1884765625 0.4130859375 0.1826171875 0.421875 0.17626953125 0.435546875 0.1748046875 0.4306640625 0.17236328125 0.4296875 0.1708984375 0.4296875 0.17041015625 0.4345703125 0.17041015625 0.439453125 0.171875 0.44140625 0.16455078125 0.455078125 0.162109375 0.4599609375 0.16162109375 0.46484375 0.1611328125 0.474609375 0.1611328125 0.4892578125 0.1611328125 0.5009765625 0.162109375 0.5166015625 0.171875 0.5185546875
4 0.20556640625 0.5263671875 0.2080078125 0.525390625 0.20947265625 0.5224609375 0.2099609375 0.5185546875 0.20849609375 0.517578125 0.20556640625 0.515625 0.20361328125 0.5068359375 0.2041015625 0.48828125 0.2060546875 0.4619140625 0.2080078125 0.4423828125 0.2099609375 0.435546875 0.21142578125 0.4267578125 0.21044921875 0.41796875 0.2099609375 0.408203125 0.2119140625 0.4072265625 0.212890625 0.404296875 0.212890625 0.388671875 0.2109375 0.375 0.20849609375 0.3720703125 0.208984375 0.3681640625 0.20947265625 0.359375 0.20849609375 0.35546875 0.20556640625 0.3525390625 0.20166015625 0.35546875 0.19970703125 0.36328125 0.19921875 0.373046875 0.19677734375 0.3798828125 0.193359375 0.3876953125 0.1923828125 0.4013671875 0.19140625 0.42578125 0.19140625 0.4384765625 0.1953125 0.4501953125 0.1962890625 0.46484375 0.19580078125 0.48828125 0.1962890625 0.5068359375 0.19482421875 0.51171875 0.1943359375 0.5234375 0.1953125 0.5244140625 0.2001953125 0.5244140625 0.20556640625 0.5263671875
6 0.42529296875 0.41015625 0.4228515625 0.4130859375 0.4228515625 0.4443359375 0.4248046875 0.4560546875 0.42822265625 0.455078125 0.43017578125 0.447265625 0.43017578125 0.4384765625 0.4306640625 0.431640625 0.4306640625 0.4267578125 0.43017578125 0.4228515625 0.427734375 0.41796875 0.427734375 0.4150390625 0.42724609375 0.4111328125 0.42529296875 0.41015625
0 0.42919921875 0.4306640625 0.42919921875 0.4287109375 0.42529296875 0.4326171875 0.42333984375 0.458984375 0.42431640625 0.46484375 0.4248046875 0.46484375 0.42529296875 0.462890625 0.42529296875 0.458984375 0.42626953125 0.4638671875 0.42724609375 0.4638671875 0.427734375 0.4619140625 0.42822265625 0.4521484375 0.42724609375 0.4423828125 0.42724609375 0.4326171875 0.42919921875 0.4306640625
6 0.423828125 0.4619140625 0.42529296875 0.4599609375 0.42626953125 0.45703125 0.42724609375 0.4521484375 0.4267578125 0.4443359375 0.42578125 0.4345703125 0.42626953125 0.4248046875 0.4248046875 0.41796875 0.42333984375 0.4150390625 0.423828125 0.4091796875 0.421875 0.40625 0.419921875 0.4072265625 0.4189453125 0.412109375 0.41845703125 0.416015625 0.41748046875 0.4208984375 0.4169921875 0.42578125 0.416015625 0.4296875 0.4169921875 0.4326171875 0.41796875 0.4375 0.41748046875 0.439453125 0.41748046875 0.4462890625 0.4189453125 0.455078125 0.4189453125 0.458984375 0.41943359375 0.4609375 0.423828125 0.4619140625
0 0.423828125 0.462890625 0.42431640625 0.455078125 0.423828125 0.447265625 0.42236328125 0.4423828125 0.42236328125 0.4345703125 0.42431640625 0.4326171875 0.423828125 0.431640625 0.4208984375 0.4326171875 0.41845703125 0.431640625 0.41796875 0.4326171875 0.4189453125 0.43359375 0.4208984375 0.435546875 0.42138671875 0.4453125 0.4208984375 0.458984375 0.42138671875 0.4677734375 0.4228515625 0.4697265625 0.42333984375 0.4677734375 0.423828125 0.462890625
4 0.60791015625 0.4208984375 0.60888671875 0.4296875 0.60888671875 0.435546875 0.61083984375 0.435546875 0.61181640625 0.4267578125 0.6123046875 0.419921875 0.61279296875 0.416015625 0.6123046875 0.408203125 0.611328125 0.4052734375 0.6103515625 0.3994140625 0.6083984375 0.4013671875 0.60888671875 0.4052734375 0.60791015625 0.4091796875 0.60791015625 0.4208984375
7 0.560546875 0.3603515625 0.560546875 0.380859375 0.5869140625 0.380859375 0.5869140625 0.359375 0.560546875 0.3603515625
9 0.69873046875 0.1591796875 0.69482421875 0.150390625 0.6904296875 0.1484375 0.68994140625 0.1318359375 0.69580078125 0.1259765625 0.69921875 0.1123046875 0.69580078125 0.0986328125 0.68798828125 0.0966796875 0.68603515625 0.1025390625 0.6806640625 0.09375 0.677734375 0.0888671875 0.67578125 0.0888671875 0.67236328125 0.0810546875 0.67236328125 0.0751953125 0.6640625 0.0654296875 0.65966796875 0.0654296875 0.65869140625 0.0673828125 0.65966796875 0.0703125 0.65478515625 0.07421875 0.654296875 0.072265625 0.64892578125 0.072265625 0.646484375 0.068359375 0.6416015625 0.064453125 0.63916015625 0.0576171875 0.64404296875 0.0625 0.64599609375 0.060546875 0.646484375 0.05859375 0.64404296875 0.056640625 0.64404296875 0.0537109375 0.646484375 0.052734375 0.64599609375 0.0498046875 0.64111328125 0.0498046875 0.63916015625 0.0439453125 0.63427734375 0.04296875 0.638671875 0.0390625 0.63720703125 0.03515625 0.6318359375 0.03515625 0.6298828125 0.0390625 0.62646484375 0.052734375 0.625 0.046875 0.619140625 0.0498046875 0.6171875 0.0576171875 0.60888671875 0.0537109375 0.60595703125 0.056640625 0.603515625 0.0556640625 0.6025390625 0.0478515625 0.5966796875 0.05078125 0.5947265625 0.0498046875 0.59130859375 0.0498046875 0.58935546875 0.0537109375 0.587890625 0.0625 0.5810546875 0.068359375 0.57666015625 0.0615234375 0.57373046875 0.0625 0.56884765625 0.0625 0.56494140625 0.06640625 0.56494140625 0.072265625 0.56591796875 0.076171875 0.5654296875 0.078125 0.5625 0.078125 0.5615234375 0.0810546875 0.5625 0.0849609375 0.560546875 0.08984375 0.5654296875 0.0908203125 0.56787109375 0.0849609375 0.57275390625 0.0888671875 0.5673828125 0.1005859375 0.56640625 0.1083984375 0.5595703125 0.10546875 0.55419921875 0.11328125 0.55029296875 0.11328125 0.54833984375 0.1181640625 0.54833984375 0.125 0.55126953125 0.125 0.55126953125 0.1298828125 0.55322265625 0.1337890625 0.55078125 0.1376953125 0.55322265625 0.140625 0.55126953125 0.1484375 0.55029296875 0.1494140625 0.54931640625 0.15234375 0.55126953125 0.1552734375 0.54296875 0.1689453125 0.5439453125 0.171875 0.54150390625 0.1875 0.53662109375 0.1962890625 0.53662109375 0.19921875 0.5341796875 0.2041015625 0.53564453125 0.2080078125 0.5302734375 0.2158203125 0.5302734375 0.2265625 0.53662109375 0.232421875 0.53857421875 0.2275390625 0.541015625 0.2333984375 0.5380859375 0.2529296875 0.53662109375 0.259765625 0.54052734375 0.259765625 0.5400390625 0.2666015625 0.54248046875 0.267578125 0.5439453125 0.2666015625 0.54638671875 0.2666015625 0.544921875 0.2705078125 0.54931640625 0.26953125 0.54736328125 0.2841796875 0.55029296875 0.29296875 0.55322265625 0.2958984375 0.55126953125 0.2998046875 0.5537109375 0.302734375 0.55078125 0.306640625 0.5498046875 0.314453125 0.5517578125 0.3203125 0.55615234375 0.3203125 0.55615234375 0.326171875 0.552734375 0.3310546875 0.552734375 0.3369140625 0.55712890625 0.3388671875 0.56201171875 0.3349609375 0.564453125 0.3310546875 0.56982421875 0.3369140625 0.57275390625 0.3330078125 0.5732421875 0.3388671875 0.57275390625 0.3427734375 0.576171875 0.3388671875 0.5791015625 0.341796875 0.576171875 0.3515625 0.57763671875 0.3603515625 0.58154296875 0.375 0.58740234375 0.3828125 0.58642578125 0.4423828125 0.59130859375 0.4423828125 0.59130859375 0.3994140625 0.59814453125 0.40625 0.5986328125 0.4462890625 0.603515625 0.4453125 0.6044921875 0.396484375 0.615234375 0.3916015625 0.6162109375 0.357421875 0.62109375 0.357421875 0.619140625 0.453125 0.625 0.4541015625 0.6259765625 0.357421875 0.63037109375 0.3525390625 0.64208984375 0.357421875 0.64501953125 0.369140625 0.64404296875 0.466796875 0.6484375 0.4697265625 0.6484375 0.3701171875 0.64990234375 0.34765625 0.65087890625 0.3427734375 0.65673828125 0.3408203125 0.66162109375 0.33203125 0.6728515625 0.3251953125 0.67529296875 0.3173828125 0.68115234375 0.3212890625 0.68408203125 0.3076171875 0.6796875 0.3017578125 0.69091796875 0.294921875 0.69677734375 0.283203125 0.69873046875 0.2783203125 0.697265625 0.275390625 0.6982421875 0.2763671875 0.7109375 0.2685546875 0.7099609375 0.181640625 0.7001953125 0.1728515625 0.69873046875 0.1591796875
7 0.8759765625 0.3974609375 0.8759765625 0.4228515625 0.8828125 0.4228515625 0.88232421875 0.396484375 0.8759765625 0.3974609375
4 0.67626953125 0.38671875 0.67724609375 0.3916015625 0.67529296875 0.3974609375 0.6728515625 0.41796875 0.67138671875 0.423828125 0.6708984375 0.4306640625 0.671875 0.44140625 0.6748046875 0.4482421875 0.6767578125 0.4697265625 0.67822265625 0.4765625 0.68017578125 0.4833984375 0.68212890625 0.498046875 0.6806640625 0.505859375 0.6796875 0.5087890625 0.68017578125 0.513671875 0.68994140625 0.5107421875 0.6884765625 0.501953125 0.68798828125 0.4990234375 0.6884765625 0.4853515625 0.6875 0.474609375 0.689453125 0.4462890625 0.69189453125 0.4462890625 0.69140625 0.4169921875 0.69091796875 0.4013671875 0.689453125 0.3935546875 0.6875 0.388671875 0.68798828125 0.380859375 0.68603515625 0.369140625 0.6845703125 0.3642578125 0.6806640625 0.3623046875 0.6767578125 0.3662109375 0.67529296875 0.375 0.67529296875 0.37890625 0.67626953125 0.38671875
9 0.77734375 0.5068359375 0.783203125 0.5048828125 0.7939453125 0.5068359375 0.80078125 0.5068359375 0.810546875 0.490234375 0.82470703125 0.4892578125 0.8349609375 0.486328125 0.82763671875 0.4697265625 0.822265625 0.439453125 0.81591796875 0.3427734375 0.81396484375 0.279296875 0.81396484375 0.1103515625 0.81005859375 0.0302734375 0.80810546875 0.0009765625 0.77001953125 0.0009765625 0.771484375 0.0107421875 0.7705078125 0.033203125 0.77099609375 0.05078125 0.7724609375 0.1640625 0.7734375 0.296875 0.77197265625 0.3955078125 0.77392578125 0.4814453125 0.77001953125 0.5048828125 0.763671875 0.5126953125 0.7705078125 0.5068359375 0.7744140625 0.5048828125 0.77734375 0.5068359375
7 0.72021484375 0.12109375 0.7158203125 0.1455078125 0.716796875 0.1640625 0.71923828125 0.17578125 0.72265625 0.1845703125 0.7294921875 0.1953125 0.73974609375 0.2001953125 0.75244140625 0.1962890625 0.7587890625 0.1865234375 0.76318359375 0.173828125 0.76611328125 0.154296875 0.7646484375 0.138671875 0.7607421875 0.123046875 0.7568359375 0.111328125 0.74658203125 0.1015625 0.7373046875 0.1005859375 0.72705078125 0.107421875 0.72021484375 0.12109375
7 0.71728515625 0.2587890625 0.72119140625 0.259765625 0.7607421875 0.26171875 0.763671875 0.26171875 0.76611328125 0.2568359375 0.765625 0.2138671875 0.765625 0.2099609375 0.7626953125 0.20703125 0.71923828125 0.2041015625 0.716796875 0.20703125 0.71630859375 0.2109375 0.71630859375 0.2529296875 0.71728515625 0.2587890625