9 0.52978515625 0.453125 0.556640625 0.451171875 0.58984375 0.451171875 0.64501953125 0.4443359375 0.6435546875 0.34375 0.6328125 0.271484375 0.62841796875 0.26953125 0.62744140625 0.2705078125 0.62451171875 0.2724609375 0.6220703125 0.2734375 0.61962890625 0.275390625 0.6142578125 0.2724609375 0.609375 0.2724609375 0.6064453125 0.2734375 0.60205078125 0.283203125 0.59814453125 0.2890625 0.59521484375 0.2919921875 0.59375 0.2998046875 0.5908203125 0.3076171875 0.58935546875 0.3125 0.5859375 0.3173828125 0.58056640625 0.3134765625 0.576171875 0.3154296875 0.57080078125 0.318359375 0.56640625 0.3271484375 0.5615234375 0.337890625 0.55908203125 0.34375 0.5576171875 0.3515625 0.552734375 0.357421875 0.5498046875 0.3564453125 0.5458984375 0.3505859375 0.5419921875 0.3466796875 0.54150390625 0.3544921875 0.53955078125 0.3603515625 0.53369140625 0.3671875 0.529296875 0.375 0.52734375 0.3828125 0.5234375 0.3916015625 0.51806640625 0.388671875 0.513671875 0.388671875 0.5087890625 0.388671875 0.50537109375 0.388671875 0.49853515625 0.3896484375 0.4931640625 0.3818359375 0.4873046875 0.3779296875 0.48193359375 0.3798828125 0.4765625 0.384765625 0.4765625 0.3857421875 0.4765625 0.3916015625 0.47216796875 0.392578125 0.4697265625 0.390625 0.46728515625 0.392578125 0.46435546875 0.39453125 0.462890625 0.3916015625 0.4609375 0.388671875 0.455078125 0.390625 0.4501953125 0.3935546875 0.4443359375 0.396484375 0.43505859375 0.3984375 0.43701171875 0.4609375 0.5029296875 0.455078125 0.52978515625 0.453125
9 0.392578125 0.3369140625 0.3896484375 0.33984375 0.3837890625 0.345703125 0.38037109375 0.345703125 0.3779296875 0.3466796875 0.37158203125 0.353515625 0.36962890625 0.3603515625 0.3642578125 0.3701171875 0.35986328125 0.37890625 0.3583984375 0.3984375 0.3583984375 0.4091796875 0.361328125 0.42578125 0.3671875 0.4296875 0.36865234375 0.4306640625 0.3701171875 0.4365234375 0.375 0.4365234375 0.3779296875 0.431640625 0.38134765625 0.4326171875 0.3837890625 0.4384765625 0.388671875 0.439453125 0.388671875 0.458984375 0.388671875 0.470703125 0.39501953125 0.4765625 0.3994140625 0.4765625 0.40185546875 0.47265625 0.40478515625 0.4404296875 0.40625 0.4384765625 0.4091796875 0.4375 0.41796875 0.4296875 0.41845703125 0.3701171875 0.416015625 0.3623046875 0.4140625 0.3583984375 0.40966796875 0.349609375 0.40869140625 0.3447265625 0.40673828125 0.33984375 0.40380859375 0.3359375 0.4013671875 0.33203125 0.3974609375 0.3330078125 0.392578125 0.3369140625
7 0.2841796875 0.4091796875 0.27783203125 0.408203125 0.2763671875 0.4248046875 0.2841796875 0.423828125 0.2841796875 0.4091796875
4 0.359375 0.4736328125 0.36083984375 0.4736328125 0.36328125 0.4638671875 0.36279296875 0.4560546875 0.35888671875 0.4482421875 0.35693359375 0.4501953125 0.35693359375 0.4580078125 0.359375 0.4736328125
4 0.35302734375 0.458984375 0.35302734375 0.4658203125 0.353515625 0.4716796875 0.3544921875 0.4716796875 0.35595703125 0.4716796875 0.35595703125 0.466796875 0.3583984375 0.458984375 0.357421875 0.4482421875 0.3544921875 0.447265625 0.35302734375 0.4541015625 0.35302734375 0.458984375
4 0.3427734375 0.4599609375 0.34326171875 0.4658203125 0.34423828125 0.4697265625 0.34619140625 0.4755859375 0.34814453125 0.4755859375 0.34912109375 0.470703125 0.3486328125 0.458984375 0.34765625 0.4521484375 0.34619140625 0.4462890625 0.34423828125 0.447265625 0.3427734375 0.451171875 0.3427734375 0.4599609375
4 0.36328125 0.4560546875 0.36376953125 0.4599609375 0.3642578125 0.462890625 0.365234375 0.4677734375 0.3662109375 0.46875 0.36767578125 0.46875 0.369140625 0.4599609375 0.36865234375 0.4560546875 0.36669921875 0.4501953125 0.36474609375 0.4482421875 0.3642578125 0.4501953125 0.36328125 0.4560546875
7 0.416015625 0.4169921875 0.416015625 0.4228515625 0.4248046875 0.4248046875 0.42431640625 0.4150390625 0.42333984375 0.4072265625 0.42041015625 0.4052734375 0.4189453125 0.40625 0.416015625 0.412109375 0.416015625 0.4169921875
7 0.4248046875 0.4072265625 0.42431640625 0.3955078125 0.41650390625 0.3984375 0.41650390625 0.4072265625 0.4248046875 0.4072265625
7 0.4248046875 0.3984375 0.423828125 0.38671875 0.41650390625 0.3876953125 0.416015625 0.3984375 0.4248046875 0.3984375
7 0.423828125 0.3857421875 0.423828125 0.3701171875 0.416015625 0.369140625 0.4169921875 0.3876953125 0.423828125 0.3857421875
7 0.45556640625 0.400390625 0.45166015625 0.390625 0.447265625 0.400390625 0.4521484375 0.408203125 0.45556640625 0.400390625
7 0.61962890625 0.380859375 0.61474609375 0.3740234375 0.61279296875 0.3837890625 0.6171875 0.3896484375 0.61962890625 0.380859375
7 0.62744140625 0.40234375 0.62744140625 0.3916015625 0.61865234375 0.3916015625 0.619140625 0.4013671875 0.62744140625 0.40234375
7 0.6279296875 0.3896484375 0.6279296875 0.3798828125 0.61865234375 0.380859375 0.61865234375 0.390625 0.6279296875 0.3896484375
7 0.6279296875 0.3818359375 0.626953125 0.3583984375 0.61865234375 0.3603515625 0.61962890625 0.3818359375 0.6279296875 0.3818359375
2 0.52587890625 0.4560546875 0.52587890625 0.451171875 0.525390625 0.447265625 0.5185546875 0.4453125 0.51953125 0.45703125 0.5234375 0.4560546875 0.52587890625 0.4560546875
2 0.5126953125 0.462890625 0.51953125 0.462890625 0.521484375 0.4658203125 0.5224609375 0.4658203125 0.5224609375 0.45703125 0.52099609375 0.447265625 0.51806640625 0.439453125 0.50927734375 0.4375 0.51025390625 0.443359375 0.5107421875 0.455078125 0.5126953125 0.462890625
2 0.51025390625 0.4775390625 0.51318359375 0.4775390625 0.51513671875 0.4755859375 0.51318359375 0.4560546875 0.5146484375 0.4541015625 0.51416015625 0.4453125 0.51171875 0.4453125 0.50830078125 0.435546875 0.49658203125 0.435546875 0.50390625 0.4716796875 0.51025390625 0.4755859375 0.51025390625 0.4775390625
2 0.46435546875 0.4638671875 0.46484375 0.4912109375 0.4755859375 0.4931640625 0.47607421875 0.4892578125 0.47705078125 0.482421875 0.4794921875 0.482421875 0.49072265625 0.4833984375 0.49853515625 0.482421875 0.5 0.4853515625 0.5009765625 0.490234375 0.50537109375 0.4912109375 0.50830078125 0.48828125 0.50927734375 0.474609375 0.5087890625 0.462890625 0.5078125 0.451171875 0.50439453125 0.44140625 0.5029296875 0.4375 0.498046875 0.4208984375 0.490234375 0.4189453125 0.47607421875 0.4189453125 0.4716796875 0.4248046875 0.46630859375 0.4404296875 0.46435546875 0.4638671875
2 0.40966796875 0.435546875 0.40771484375 0.443359375 0.40478515625 0.4521484375 0.40185546875 0.46484375 0.40185546875 0.474609375 0.40185546875 0.4833984375 0.4013671875 0.4970703125 0.4013671875 0.51171875 0.40234375 0.5234375 0.40576171875 0.5263671875 0.41015625 0.5244140625 0.41064453125 0.5126953125 0.412109375 0.5126953125 0.4130859375 0.515625 0.4140625 0.5205078125 0.4208984375 0.51953125 0.42138671875 0.51171875 0.42626953125 0.51171875 0.4306640625 0.5126953125 0.4443359375 0.51171875 0.4541015625 0.5126953125 0.45458984375 0.5166015625 0.45458984375 0.5224609375 0.4619140625 0.5224609375 0.46337890625 0.5166015625 0.46826171875 0.5166015625 0.46826171875 0.513671875 0.46875 0.498046875 0.4697265625 0.4716796875 0.46875 0.4619140625 0.47265625 0.45703125 0.47314453125 0.4521484375 0.47216796875 0.447265625 0.46630859375 0.4453125 0.46484375 0.4521484375 0.46044921875 0.4384765625 0.4541015625 0.421875 0.4443359375 0.41796875 0.423828125 0.41796875 0.41748046875 0.4189453125 0.41357421875 0.4228515625 0.41162109375 0.4267578125 0.40966796875 0.435546875
2 0.5283203125 0.443359375 0.52685546875 0.4521484375 0.52685546875 0.45703125 0.52685546875 0.4619140625 0.52880859375 0.462890625 0.5302734375 0.4619140625 0.5361328125 0.4619140625 0.53857421875 0.4609375 0.5390625 0.447265625 0.53662109375 0.44140625 0.53125 0.44140625 0.5283203125 0.443359375
2 0.53564453125 0.44921875 0.5361328125 0.4609375 0.537109375 0.4658203125 0.5390625 0.4658203125 0.53857421875 0.4609375 0.54443359375 0.4609375 0.55224609375 0.4609375 0.5537109375 0.4658203125 0.556640625 0.462890625 0.55615234375 0.453125 0.5546875 0.4384765625 0.55322265625 0.4267578125 0.5498046875 0.4248046875 0.5439453125 0.423828125 0.537109375 0.42578125 0.53662109375 0.4306640625 0.53564453125 0.4375 0.53564453125 0.44921875
2 0.5537109375 0.46875 0.5546875 0.4814453125 0.55615234375 0.4921875 0.56298828125 0.490234375 0.56396484375 0.4892578125 0.56396484375 0.4833984375 0.57421875 0.4794921875 0.58984375 0.4814453125 0.5908203125 0.4853515625 0.59228515625 0.4892578125 0.59765625 0.490234375 0.59765625 0.482421875 0.59765625 0.4716796875 0.59814453125 0.4599609375 0.59375 0.419921875 0.59033203125 0.4130859375 0.58544921875 0.4091796875 0.58349609375 0.412109375 0.57763671875 0.4111328125 0.5693359375 0.4130859375 0.564453125 0.4111328125 0.5595703125 0.4189453125 0.55517578125 0.439453125 0.5537109375 0.46875
7 0.666015625 0.376953125 0.666015625 0.3466796875 0.65625 0.345703125 0.6572265625 0.376953125 0.666015625 0.376953125
7 0.693359375 0.3720703125 0.69482421875 0.376953125 0.6982421875 0.376953125 0.70166015625 0.3759765625 0.70458984375 0.373046875 0.705078125 0.3681640625 0.70458984375 0.361328125 0.7021484375 0.3583984375 0.69775390625 0.35546875 0.6953125 0.3603515625 0.69287109375 0.3642578125 0.693359375 0.3720703125
7 0.7060546875 0.3056640625 0.67919921875 0.3076171875 0.6806640625 0.3505859375 0.70751953125 0.3486328125 0.7060546875 0.3056640625
9 0.94091796875 0.34375 0.953125 0.34765625 0.95947265625 0.455078125 0.962890625 0.451171875 0.96044921875 0.3623046875 0.96728515625 0.3525390625 0.97900390625 0.3447265625 0.98193359375 0.3310546875 0.998046875 0.3310546875 0.99951171875 0.0849609375 0.99951171875 0.0029296875 0.96044921875 0 0.9501953125 0.0087890625 0.939453125 0.0263671875 0.93408203125 0.04296875 0.9296875 0.0654296875 0.91455078125 0.12109375 0.9033203125 0.166015625 0.8955078125 0.1748046875 0.88818359375 0.1826171875 0.88232421875 0.185546875 0.87548828125 0.1962890625 0.873046875 0.203125 0.8701171875 0.208984375 0.8681640625 0.22265625 0.8701171875 0.236328125 0.87451171875 0.248046875 0.8759765625 0.2626953125 0.8837890625 0.2783203125 0.892578125 0.2900390625 0.9111328125 0.310546875 0.94091796875 0.34375
4 0.9296875 0.384765625 0.93115234375 0.40625 0.93310546875 0.419921875 0.935546875 0.4296875 0.9365234375 0.451171875 0.9365234375 0.466796875 0.9345703125 0.4736328125 0.935546875 0.4755859375 0.9423828125 0.4775390625 0.9443359375 0.4736328125 0.94287109375 0.4521484375 0.9462890625 0.4599609375 0.947265625 0.470703125 0.95068359375 0.4736328125 0.95263671875 0.4580078125 0.953125 0.45703125 0.94921875 0.44140625 0.94482421875 0.4306640625 0.9462890625 0.42578125 0.94775390625 0.4189453125 0.94921875 0.41796875 0.95263671875 0.421875 0.95458984375 0.4189453125 0.953125 0.40625 0.94970703125 0.3857421875 0.94873046875 0.3720703125 0.94287109375 0.35546875 0.9404296875 0.3447265625 0.9375 0.3447265625 0.93505859375 0.345703125 0.93310546875 0.345703125 0.92919921875 0.3544921875 0.9296875 0.384765625
4 0.96142578125 0.4130859375 0.9580078125 0.416015625 0.95361328125 0.4140625 0.95166015625 0.416015625 0.95166015625 0.4208984375 0.9560546875 0.42578125 0.95947265625 0.4267578125 0.95947265625 0.43359375 0.95751953125 0.4443359375 0.95751953125 0.455078125 0.95947265625 0.4736328125 0.9658203125 0.474609375 0.96875 0.470703125 0.9677734375 0.455078125 0.970703125 0.4296875 0.9697265625 0.4169921875 0.96826171875 0.408203125 0.96728515625 0.4013671875 0.9658203125 0.396484375 0.96337890625 0.396484375 0.9609375 0.3994140625 0.96142578125 0.408203125 0.96142578125 0.4130859375
7 0.81640625 0.197265625 0.7890625 0.197265625 0.791015625 0.287109375 0.81787109375 0.283203125 0.81640625 0.197265625