2 0.39697265625 0.4404296875 0.39794921875 0.4375 0.40087890625 0.4365234375 0.40478515625 0.4248046875 0.4052734375 0.416015625 0.3984375 0.4150390625 0.39501953125 0.421875 0.39453125 0.4404296875 0.39697265625 0.4404296875
2 0.40576171875 0.421875 0.41455078125 0.4189453125 0.42138671875 0.4130859375 0.4208984375 0.4111328125 0.4189453125 0.4072265625 0.40673828125 0.40625 0.40478515625 0.408203125 0.40576171875 0.421875
2 0.41845703125 0.412109375 0.4111328125 0.4111328125 0.40771484375 0.4130859375 0.40380859375 0.41796875 0.4013671875 0.4189453125 0.39990234375 0.423828125 0.400390625 0.4267578125 0.3984375 0.4296875 0.3984375 0.435546875 0.3984375 0.4482421875 0.40234375 0.451171875 0.41064453125 0.4521484375 0.412109375 0.451171875 0.42138671875 0.4228515625 0.41845703125 0.412109375
2 0.4375 0.4150390625 0.43359375 0.4111328125 0.4267578125 0.41015625 0.41943359375 0.41015625 0.41796875 0.412109375 0.41650390625 0.416015625 0.41357421875 0.4228515625 0.4130859375 0.421875 0.4111328125 0.421875 0.41015625 0.423828125 0.41015625 0.4267578125 0.41259765625 0.4287109375 0.41064453125 0.43359375 0.41064453125 0.4462890625 0.41015625 0.4580078125 0.4130859375 0.4599609375 0.41650390625 0.4599609375 0.41943359375 0.4541015625 0.43994140625 0.4189453125 0.4375 0.4150390625
2 0.4228515625 0.4248046875 0.419921875 0.4228515625 0.41845703125 0.4248046875 0.41845703125 0.4267578125 0.419921875 0.4306640625 0.4169921875 0.439453125 0.416015625 0.455078125 0.41650390625 0.4599609375 0.41796875 0.4619140625 0.42236328125 0.4638671875 0.42578125 0.4638671875 0.42822265625 0.4619140625 0.44287109375 0.462890625 0.451171875 0.4404296875 0.4521484375 0.4248046875 0.4501953125 0.421875 0.4462890625 0.41796875 0.4365234375 0.4150390625 0.42724609375 0.416015625 0.42578125 0.41796875 0.4228515625 0.4248046875
2 0.4501953125 0.4248046875 0.447265625 0.423828125 0.44580078125 0.427734375 0.4462890625 0.43359375 0.443359375 0.4423828125 0.44189453125 0.453125 0.44189453125 0.4677734375 0.44287109375 0.470703125 0.44873046875 0.47265625 0.451171875 0.474609375 0.45556640625 0.47265625 0.45703125 0.466796875 0.46875 0.4697265625 0.47412109375 0.4697265625 0.474609375 0.474609375 0.4755859375 0.4765625 0.4833984375 0.478515625 0.49072265625 0.478515625 0.4921875 0.4755859375 0.4921875 0.451171875 0.49267578125 0.4453125 0.4912109375 0.439453125 0.486328125 0.423828125 0.48388671875 0.4189453125 0.4794921875 0.4169921875 0.46826171875 0.4150390625 0.45654296875 0.4150390625 0.4521484375 0.419921875 0.4501953125 0.4248046875
9 0.5205078125 0.37109375 0.52392578125 0.380859375 0.5263671875 0.3857421875 0.5263671875 0.396484375 0.5234375 0.39453125 0.52099609375 0.4013671875 0.5244140625 0.404296875 0.5205078125 0.41796875 0.5205078125 0.4267578125 0.5224609375 0.431640625 0.52490234375 0.439453125 0.52197265625 0.4423828125 0.52392578125 0.447265625 0.52490234375 0.453125 0.5224609375 0.4580078125 0.5234375 0.46484375 0.525390625 0.4765625 0.53271484375 0.4775390625 0.53955078125 0.4541015625 0.541015625 0.4365234375 0.54150390625 0.4208984375 0.54296875 0.421875 0.5439453125 0.4169921875 0.54296875 0.404296875 0.5458984375 0.404296875 0.5419921875 0.39453125 0.5419921875 0.3671875 0.5419921875 0.34765625 0.54296875 0.310546875 0.5341796875 0.314453125 0.5302734375 0.314453125 0.52783203125 0.310546875 0.52783203125 0.31640625 0.525390625 0.31640625 0.5205078125 0.3212890625 0.5205078125 0.328125 0.52001953125 0.3408203125 0.5224609375 0.3447265625 0.52099609375 0.3466796875 0.51806640625 0.341796875 0.51513671875 0.3388671875 0.52001953125 0.349609375 0.5166015625 0.3583984375 0.51318359375 0.36328125 0.51904296875 0.3642578125 0.5185546875 0.3681640625 0.5205078125 0.37109375
7 0.537109375 0.365234375 0.537109375 0.33984375 0.52490234375 0.3388671875 0.52392578125 0.3642578125 0.537109375 0.365234375
7 0.53662109375 0.3798828125 0.53662109375 0.365234375 0.52392578125 0.3623046875 0.52392578125 0.3779296875 0.53662109375 0.3798828125
7 0.37451171875 0.53515625 0.37548828125 0.521484375 0.37939453125 0.5146484375 0.3828125 0.51171875 0.384765625 0.4013671875 0.384765625 0.396484375 0.3818359375 0.3955078125 0.37744140625 0.39453125 0.376953125 0.3837890625 0.37548828125 0.3837890625 0.37548828125 0.392578125 0.3681640625 0.3935546875 0.36669921875 0.509765625 0.3720703125 0.521484375 0.3720703125 0.5361328125 0.37451171875 0.53515625
0 0.1279296875 0.421875 0.13525390625 0.42578125 0.14208984375 0.4248046875 0.14404296875 0.455078125 0.14501953125 0.494140625 0.14111328125 0.5009765625 0.142578125 0.51171875 0.14404296875 0.517578125 0.14501953125 0.5615234375 0.1494140625 0.6142578125 0.154296875 0.6474609375 0.1591796875 0.658203125 0.162109375 0.6572265625 0.1640625 0.6484375 0.1640625 0.6259765625 0.16357421875 0.5986328125 0.17138671875 0.6015625 0.1767578125 0.62109375 0.181640625 0.630859375 0.185546875 0.6298828125 0.1875 0.6220703125 0.1875 0.5791015625 0.18798828125 0.564453125 0.19287109375 0.5546875 0.1884765625 0.525390625 0.18359375 0.515625 0.17919921875 0.4892578125 0.17822265625 0.4775390625 0.17333984375 0.470703125 0.1669921875 0.4736328125 0.166015625 0.4580078125 0.166015625 0.44921875 0.169921875 0.431640625 0.16064453125 0.4296875 0.14990234375 0.4326171875 0.14979515937500001 0.433188834375 0.1494140625 0.4248046875 0.15771484375 0.419921875 0.16748046875 0.4208984375 0.17919921875 0.4140625 0.18310546875 0.3994140625 0.1767578125 0.396484375 0.1650390625 0.4033203125 0.16064453125 0.4033203125 0.15380859375 0.4130859375 0.150390625 0.41796875 0.14599609375 0.4169921875 0.14208984375 0.41796875 0.13916015625 0.4208984375 0.13720703125 0.41796875 0.1298828125 0.4150390625 0.1162109375 0.4150390625 0.1083984375 0.4150390625 0.1083984375 0.4228515625 0.1279296875 0.421875
2 0.59228515625 0.416015625 0.58935546875 0.41796875 0.57568359375 0.4150390625 0.5517578125 0.41796875 0.5478515625 0.4228515625 0.54248046875 0.439453125 0.5419921875 0.435546875 0.53955078125 0.435546875 0.53515625 0.4365234375 0.5341796875 0.44140625 0.53515625 0.443359375 0.53955078125 0.4453125 0.53515625 0.4560546875 0.5322265625 0.4716796875 0.53125 0.4931640625 0.53271484375 0.5 0.53515625 0.5029296875 0.5400390625 0.50390625 0.5419921875 0.494140625 0.5458984375 0.4970703125 0.54638671875 0.5078125 0.5478515625 0.5087890625 0.5556640625 0.5107421875 0.55859375 0.509765625 0.56201171875 0.5 0.5791015625 0.50390625 0.580078125 0.5078125 0.58154296875 0.509765625 0.58544921875 0.509765625 0.58837890625 0.5078125 0.58935546875 0.505859375 0.59716796875 0.5087890625 0.59814453125 0.5166015625 0.60107421875 0.5185546875 0.60791015625 0.494140625 0.61083984375 0.4638671875 0.6064453125 0.4384765625 0.6015625 0.423828125 0.59912109375 0.41796875 0.59228515625 0.416015625
6 0.57568359375 0.521484375 0.57666015625 0.5146484375 0.57568359375 0.509765625 0.57470703125 0.5029296875 0.57568359375 0.48046875 0.57666015625 0.46484375 0.57763671875 0.4462890625 0.580078125 0.447265625 0.583984375 0.4462890625 0.58349609375 0.439453125 0.58056640625 0.4287109375 0.58642578125 0.4248046875 0.580078125 0.416015625 0.57763671875 0.40625 0.57470703125 0.3974609375 0.5693359375 0.390625 0.5673828125 0.3916015625 0.5673828125 0.380859375 0.56640625 0.3759765625 0.56396484375 0.3740234375 0.560546875 0.375 0.55859375 0.37890625 0.55810546875 0.3857421875 0.55810546875 0.392578125 0.556640625 0.3955078125 0.55322265625 0.3994140625 0.55078125 0.427734375 0.55126953125 0.4345703125 0.55078125 0.4443359375 0.55224609375 0.4462890625 0.55419921875 0.453125 0.55517578125 0.4755859375 0.556640625 0.4970703125 0.55908203125 0.5107421875 0.56103515625 0.515625 0.568359375 0.517578125 0.5712890625 0.521484375 0.57568359375 0.521484375
0 0.5673828125 0.54296875 0.5693359375 0.525390625 0.5712890625 0.5185546875 0.572265625 0.5107421875 0.56982421875 0.4951171875 0.5703125 0.4814453125 0.5712890625 0.4580078125 0.568359375 0.4482421875 0.5654296875 0.44921875 0.56396484375 0.45703125 0.5625 0.470703125 0.5625 0.4873046875 0.56103515625 0.5068359375 0.560546875 0.51953125 0.560546875 0.525390625 0.56201171875 0.5322265625 0.56298828125 0.5419921875 0.5673828125 0.54296875
2 0.61279296875 0.5439453125 0.6142578125 0.5380859375 0.6162109375 0.529296875 0.625 0.533203125 0.625 0.5419921875 0.6259765625 0.5517578125 0.630859375 0.5576171875 0.6416015625 0.556640625 0.68505859375 0.41015625 0.67822265625 0.408203125 0.6552734375 0.4072265625 0.65380859375 0.4052734375 0.64990234375 0.400390625 0.6435546875 0.3984375 0.6376953125 0.400390625 0.634765625 0.4033203125 0.63037109375 0.4091796875 0.62255859375 0.4267578125 0.6171875 0.4462890625 0.6162109375 0.4462890625 0.6162109375 0.4384765625 0.61474609375 0.4345703125 0.60986328125 0.435546875 0.60595703125 0.439453125 0.6044921875 0.4462890625 0.60693359375 0.451171875 0.61572265625 0.451171875 0.6142578125 0.4560546875 0.607421875 0.46875 0.603515625 0.482421875 0.6005859375 0.505859375 0.60009765625 0.53515625 0.60205078125 0.5419921875 0.60791015625 0.544921875 0.61279296875 0.5439453125
7 0.68994140625 0.3173828125 0.693359375 0.3251953125 0.70068359375 0.328125 0.705078125 0.3251953125 0.7080078125 0.3173828125 0.70849609375 0.3076171875 0.70654296875 0.298828125 0.7041015625 0.2939453125 0.70166015625 0.2919921875 0.697265625 0.2919921875 0.693359375 0.2939453125 0.69140625 0.2978515625 0.689453125 0.3076171875 0.68994140625 0.3173828125
2 0.66455078125 0.4384765625 0.6591796875 0.4560546875 0.6572265625 0.4560546875 0.6572265625 0.4501953125 0.65673828125 0.4462890625 0.64794921875 0.4462890625 0.64599609375 0.4501953125 0.64599609375 0.45703125 0.654296875 0.4619140625 0.6494140625 0.4716796875 0.6435546875 0.486328125 0.64013671875 0.509765625 0.63916015625 0.5224609375 0.6376953125 0.5546875 0.63818359375 0.56640625 0.638671875 0.572265625 0.6435546875 0.5751953125 0.64990234375 0.5751953125 0.65380859375 0.5732421875 0.6552734375 0.564453125 0.6650390625 0.564453125 0.66455078125 0.5869140625 0.66650390625 0.59765625 0.6826171875 0.6025390625 0.6865234375 0.6005859375 0.689453125 0.5859375 0.69091796875 0.578125 0.72802734375 0.5859375 0.76123046875 0.5419921875 0.779296875 0.4560546875 0.77587890625 0.439453125 0.767578125 0.4228515625 0.76025390625 0.419921875 0.732421875 0.412109375 0.69775390625 0.4072265625 0.68603515625 0.40625 0.67529296875 0.4130859375 0.66455078125 0.4384765625
2 0.74365234375 0.671875 0.75048828125 0.669921875 0.7529296875 0.6640625 0.755859375 0.6435546875 0.7890625 0.6650390625 0.791015625 0.703125 0.798828125 0.734375 0.8095703125 0.744140625 0.8212890625 0.7451171875 0.83251953125 0.736328125 0.83837890625 0.72265625 0.84619140625 0.6962890625 0.99951171875 0.72265625 0.99951171875 0.40234375 0.994140625 0.3974609375 0.98193359375 0.3935546875 0.9599609375 0.392578125 0.94091796875 0.392578125 0.8916015625 0.3876953125 0.88671875 0.37890625 0.8798828125 0.3740234375 0.869140625 0.37109375 0.85205078125 0.37109375 0.830078125 0.375 0.81689453125 0.3818359375 0.81201171875 0.38671875 0.80859375 0.39453125 0.79931640625 0.4013671875 0.78662109375 0.419921875 0.771484375 0.447265625 0.76318359375 0.4697265625 0.75927734375 0.470703125 0.7587890625 0.4658203125 0.7587890625 0.45703125 0.75341796875 0.455078125 0.7451171875 0.45703125 0.7412109375 0.462890625 0.74072265625 0.4736328125 0.74267578125 0.48046875 0.75341796875 0.4873046875 0.734375 0.525390625 0.7294921875 0.5458984375 0.7275390625 0.572265625 0.72607421875 0.6328125 0.72802734375 0.6513671875 0.73095703125 0.662109375 0.74365234375 0.671875
7 0.75439453125 0.2783203125 0.73681640625 0.2841796875 0.73681640625 0.3017578125 0.75390625 0.298828125 0.75537109375 0.2861328125 0.75439453125 0.2783203125
7 0.7587890625 0.3623046875 0.759765625 0.353515625 0.75927734375 0.34375 0.7587890625 0.3369140625 0.75732421875 0.3349609375 0.75634765625 0.3349609375 0.75439453125 0.3369140625 0.75341796875 0.341796875 0.7529296875 0.353515625 0.75341796875 0.3603515625 0.75439453125 0.3662109375 0.7568359375 0.3681640625 0.75830078125 0.3662109375 0.7587890625 0.3623046875
7 0.7529296875 0.376953125 0.751953125 0.3896484375 0.7529296875 0.396484375 0.75439453125 0.40234375 0.75634765625 0.4013671875 0.75830078125 0.3955078125 0.7587890625 0.3857421875 0.7587890625 0.376953125 0.75732421875 0.37109375 0.755859375 0.369140625 0.75439453125 0.3701171875 0.7529296875 0.376953125