9 0.54541015625 0.232421875 0.5439453125 0.255859375 0.541015625 0.263671875 0.5380859375 0.24609375 0.53369140625 0.2529296875 0.53173828125 0.26953125 0.5322265625 0.28125 0.52783203125 0.27734375 0.52587890625 0.2880859375 0.52587890625 0.30078125 0.5302734375 0.306640625 0.53466796875 0.3203125 0.537109375 0.3271484375 0.5302734375 0.322265625 0.52978515625 0.3349609375 0.52978515625 0.34375 0.52587890625 0.33984375 0.5234375 0.33984375 0.5234375 0.353515625 0.52490234375 0.361328125 0.52490234375 0.3681640625 0.525390625 0.3779296875 0.53662109375 0.3955078125 0.55517578125 0.3974609375 0.59228515625 0.3974609375 0.5986328125 0.3896484375 0.60107421875 0.37890625 0.60009765625 0.3603515625 0.59326171875 0.34375 0.58447265625 0.328125 0.5869140625 0.318359375 0.59130859375 0.3037109375 0.58740234375 0.27734375 0.58447265625 0.2734375 0.58056640625 0.2734375 0.5791015625 0.265625 0.5771484375 0.26171875 0.572265625 0.263671875 0.57568359375 0.2412109375 0.5712890625 0.2421875 0.57080078125 0.2333984375 0.5693359375 0.224609375 0.56640625 0.216796875 0.56103515625 0.2080078125 0.5537109375 0.212890625 0.548828125 0.21484375 0.54541015625 0.232421875
9 0.58447265625 0 0.5849609375 0.0048828125 0.58447265625 0.0087890625 0.5908203125 0.0205078125 0.60302734375 0.021484375 0.6123046875 0.0224609375 0.611328125 0.0341796875 0.60693359375 0.044921875 0.607421875 0.0634765625 0.6064453125 0.0791015625 0.60302734375 0.083984375 0.59912109375 0.0830078125 0.595703125 0.087890625 0.59375 0.1015625 0.59326171875 0.1201171875 0.59228515625 0.13671875 0.59814453125 0.150390625 0.59375 0.1552734375 0.587890625 0.1552734375 0.58349609375 0.1650390625 0.580078125 0.1728515625 0.58203125 0.185546875 0.595703125 0.189453125 0.60205078125 0.1953125 0.6064453125 0.1923828125 0.5986328125 0.19921875 0.59375 0.2080078125 0.59033203125 0.21875 0.59326171875 0.2314453125 0.60400390625 0.236328125 0.61376953125 0.236328125 0.61474609375 0.2451171875 0.6162109375 0.2578125 0.62255859375 0.263671875 0.62451171875 0.27734375 0.62744140625 0.2939453125 0.634765625 0.3037109375 0.64599609375 0.2998046875 0.7158203125 0.1748046875 0.76318359375 0 0.58447265625 0
7 0.58056640625 0.3251953125 0.58642578125 0.3251953125 0.58837890625 0.3203125 0.58056640625 0.3203125 0.58056640625 0.3251953125
7 0.546875 0.357421875 0.546875 0.33984375 0.54150390625 0.3388671875 0.54150390625 0.3583984375 0.546875 0.357421875
7 0.533203125 0.376953125 0.53369140625 0.3515625 0.5283203125 0.3525390625 0.5283203125 0.376953125 0.533203125 0.376953125
9 0.44140625 0.056640625 0.43994140625 0.05078125 0.43603515625 0.05078125 0.43408203125 0.0546875 0.4140625 0.232421875 0.4169921875 0.3212890625 0.42626953125 0.3310546875 0.43115234375 0.330078125 0.4326171875 0.341796875 0.439453125 0.341796875 0.4423828125 0.3369140625 0.4453125 0.3310546875 0.44775390625 0.3310546875 0.45361328125 0.33984375 0.4560546875 0.3369140625 0.453125 0.326171875 0.45654296875 0.326171875 0.4609375 0.337890625 0.46484375 0.337890625 0.46875 0.3232421875 0.47509765625 0.3037109375 0.47802734375 0.29296875 0.4814453125 0.28515625 0.47509765625 0.25 0.4794921875 0.25 0.47802734375 0.234375 0.4736328125 0.2236328125 0.4755859375 0.208984375 0.47900390625 0.20703125 0.47802734375 0.197265625 0.4736328125 0.19140625 0.4755859375 0.18359375 0.47412109375 0.1689453125 0.47021484375 0.1572265625 0.47216796875 0.150390625 0.47314453125 0.1396484375 0.47265625 0.1240234375 0.46826171875 0.1171875 0.46923828125 0.10546875 0.46533203125 0.0927734375 0.46044921875 0.0927734375 0.45849609375 0.078125 0.45263671875 0.0712890625 0.44189453125 0.0703125 0.43603515625 0.0654296875 0.43896484375 0.0625 0.44140625 0.056640625
7 0.3544921875 0.3408203125 0.369140625 0.33984375 0.3681640625 0.2939453125 0.3544921875 0.2939453125 0.3544921875 0.3408203125
7 0.6181640625 0.3251953125 0.63916015625 0.32421875 0.63916015625 0.29296875 0.6181640625 0.29296875 0.6181640625 0.3251953125
4 0.6455078125 0.3857421875 0.64013671875 0.390625 0.63818359375 0.3984375 0.638671875 0.41796875 0.638671875 0.4521484375 0.63916015625 0.4619140625 0.6396484375 0.478515625 0.6396484375 0.4912109375 0.6455078125 0.4931640625 0.64599609375 0.49609375 0.64697265625 0.5087890625 0.64794921875 0.5166015625 0.65380859375 0.515625 0.66015625 0.513671875 0.662109375 0.509765625 0.65966796875 0.5048828125 0.6591796875 0.48828125 0.6591796875 0.4541015625 0.66162109375 0.4404296875 0.6640625 0.4296875 0.6630859375 0.412109375 0.6630859375 0.3994140625 0.66259765625 0.39453125 0.66259765625 0.384765625 0.65869140625 0.37890625 0.654296875 0.3818359375 0.65185546875 0.3798828125 0.654296875 0.3681640625 0.65283203125 0.361328125 0.64794921875 0.3603515625 0.64501953125 0.3671875 0.64599609375 0.3623046875 0.64404296875 0.369140625 0.64404296875 0.373046875 0.646484375 0.3818359375 0.6455078125 0.3857421875
7 0.7568359375 0.1767578125 0.75537109375 0.1875 0.75537109375 0.1962890625 0.75634765625 0.208984375 0.76025390625 0.2177734375 0.76513671875 0.22265625 0.7744140625 0.224609375 0.78271484375 0.2177734375 0.7861328125 0.2119140625 0.787109375 0.2021484375 0.78759765625 0.193359375 0.78759765625 0.181640625 0.7861328125 0.1708984375 0.78125 0.162109375 0.7763671875 0.1591796875 0.77490234375 0.1591796875 0.76953125 0.158203125 0.7666015625 0.158203125 0.76171875 0.162109375 0.759765625 0.16796875 0.7568359375 0.1767578125
7 0.8173828125 0.2080078125 0.8173828125 0.236328125 0.8759765625 0.23046875 0.8740234375 0.2041015625 0.8173828125 0.2080078125
2 0.47802734375 0.4619140625 0.48291015625 0.4599609375 0.48779296875 0.4541015625 0.4873046875 0.4443359375 0.486328125 0.43359375 0.48583984375 0.4169921875 0.48779296875 0.4130859375 0.4873046875 0.40625 0.4833984375 0.4072265625 0.48291015625 0.41015625 0.47607421875 0.392578125 0.47021484375 0.3935546875 0.45751953125 0.39453125 0.47412109375 0.4541015625 0.47802734375 0.453125 0.47802734375 0.4619140625
2 0.47119140625 0.4306640625 0.47509765625 0.427734375 0.4736328125 0.4130859375 0.46923828125 0.412109375 0.46630859375 0.416015625 0.46435546875 0.4091796875 0.45751953125 0.396484375 0.45263671875 0.3955078125 0.44287109375 0.3955078125 0.421875 0.3955078125 0.4140625 0.3994140625 0.40966796875 0.4169921875 0.4296875 0.498046875 0.43603515625 0.4970703125 0.458984375 0.494140625 0.4599609375 0.5068359375 0.470703125 0.505859375 0.4716796875 0.498046875 0.47412109375 0.498046875 0.47412109375 0.4892578125 0.47412109375 0.470703125 0.47412109375 0.44921875 0.47265625 0.4365234375 0.47119140625 0.4306640625
2 0.41455078125 0.576171875 0.4169921875 0.560546875 0.41650390625 0.54296875 0.41845703125 0.54296875 0.42041015625 0.5556640625 0.43212890625 0.5537109375 0.435546875 0.5361328125 0.43408203125 0.51171875 0.43212890625 0.4912109375 0.43115234375 0.4775390625 0.42529296875 0.4619140625 0.421875 0.45703125 0.43408203125 0.4560546875 0.43505859375 0.447265625 0.43115234375 0.443359375 0.42333984375 0.4423828125 0.41943359375 0.439453125 0.41064453125 0.416015625 0.39892578125 0.404296875 0.38037109375 0.4033203125 0.35400390625 0.4052734375 0.39892578125 0.576171875 0.4033203125 0.576171875 0.41455078125 0.576171875
2 0.3408203125 0.6376953125 0.345703125 0.650390625 0.36572265625 0.6484375 0.3720703125 0.6357421875 0.37109375 0.6064453125 0.3818359375 0.595703125 0.38134765625 0.609375 0.3974609375 0.6083984375 0.40087890625 0.595703125 0.400390625 0.560546875 0.3984375 0.5283203125 0.39892578125 0.5048828125 0.392578125 0.486328125 0.38525390625 0.482421875 0.38525390625 0.4775390625 0.39453125 0.4755859375 0.39501953125 0.4580078125 0.3837890625 0.4580078125 0.38037109375 0.462890625 0.37255859375 0.4404296875 0.35888671875 0.41015625 0.34765625 0.40234375 0.30810546875 0.3984375 0.26318359375 0.4033203125 0.33447265625 0.6181640625 0.34130859375 0.6181640625 0.3408203125 0.6376953125
2 0.00048828125 0.462890625 0 0.857421875 0.01904296875 0.8544921875 0.02392578125 0.8115234375 0.05224609375 0.787109375 0.20751953125 0.76953125 0.21337890625 0.796875 0.2333984375 0.8388671875 0.25537109375 0.8291015625 0.263671875 0.7958984375 0.267578125 0.7265625 0.29931640625 0.69140625 0.30517578125 0.7197265625 0.33056640625 0.71484375 0.33544921875 0.6865234375 0.3359375 0.6298828125 0.33203125 0.560546875 0.32373046875 0.52734375 0.314453125 0.50390625 0.32373046875 0.4912109375 0.32177734375 0.47265625 0.302734375 0.46875 0.298828125 0.47265625 0.2919921875 0.455078125 0.26025390625 0.40234375 0.22412109375 0.384765625 0.17724609375 0.384765625 0.08935546875 0.3916015625 0.06298828125 0.3994140625 0.015625 0.421875 0.00048828125 0.462890625
7 0.83935546875 0.3076171875 0.83935546875 0.3310546875 0.87548828125 0.3291015625 0.87548828125 0.302734375 0.83935546875 0.3076171875