9 0 0.525390625 0.017578125 0.5205078125 0.0625 0.5107421875 0.13330078125 0.5 0.203125 0.490234375 0.208984375 0.4521484375 0.1943359375 0.4560546875 0.18017578125 0.4580078125 0.16162109375 0.4580078125 0.12548828125 0.462890625 0.1123046875 0.46484375 0.09814453125 0.466796875 0.07763671875 0.46484375 0.05224609375 0.466796875 0.02880859375 0.47265625 0.01904296875 0.4677734375 0.015625 0.4716796875 0 0.4775390625 0 0.525390625
2 0.21142578125 0.439453125 0.208984375 0.4462890625 0.2109375 0.44921875 0.201171875 0.455078125 0.19873046875 0.4658203125 0.19677734375 0.4833984375 0.19970703125 0.5087890625 0.20361328125 0.51171875 0.20947265625 0.51171875 0.212890625 0.5029296875 0.2197265625 0.501953125 0.232421875 0.501953125 0.23681640625 0.5078125 0.23974609375 0.5078125 0.2431640625 0.5068359375 0.24462890625 0.5009765625 0.25 0.5 0.2509765625 0.505859375 0.26025390625 0.50390625 0.26416015625 0.498046875 0.27783203125 0.494140625 0.27880859375 0.498046875 0.2802734375 0.5029296875 0.29150390625 0.4970703125 0.29150390625 0.4892578125 0.2900390625 0.4638671875 0.28857421875 0.4521484375 0.287109375 0.439453125 0.279296875 0.4248046875 0.2734375 0.416015625 0.26513671875 0.4140625 0.240234375 0.4150390625 0.22265625 0.42578125 0.2197265625 0.43359375 0.2158203125 0.4375 0.21142578125 0.439453125
2 0.7158203125 0.4228515625 0.712890625 0.4326171875 0.712890625 0.4443359375 0.71435546875 0.4462890625 0.716796875 0.4443359375 0.71923828125 0.4423828125 0.7216796875 0.4462890625 0.7265625 0.4443359375 0.7333984375 0.42578125 0.73193359375 0.419921875 0.72900390625 0.419921875 0.720703125 0.419921875 0.7158203125 0.4228515625
4 0.67041015625 0.42578125 0.669921875 0.435546875 0.66943359375 0.4453125 0.671875 0.4462890625 0.67236328125 0.44140625 0.673828125 0.4453125 0.67578125 0.4453125 0.67529296875 0.4375 0.67578125 0.42578125 0.67529296875 0.41796875 0.67236328125 0.416015625 0.6708984375 0.419921875 0.67041015625 0.42578125
4 0.6767578125 0.4365234375 0.67822265625 0.4462890625 0.68310546875 0.4462890625 0.6845703125 0.4375 0.68310546875 0.4287109375 0.68017578125 0.4169921875 0.677734375 0.4189453125 0.67626953125 0.4287109375 0.6767578125 0.4365234375
4 0.6826171875 0.4296875 0.68310546875 0.4404296875 0.6845703125 0.4453125 0.68798828125 0.4453125 0.6884765625 0.443359375 0.68701171875 0.4404296875 0.68701171875 0.4384765625 0.68896484375 0.4365234375 0.68994140625 0.43359375 0.689453125 0.4287109375 0.68896484375 0.419921875 0.68701171875 0.4169921875 0.6845703125 0.423828125 0.6826171875 0.4296875
9 0.736328125 0.4267578125 0.73779296875 0.4248046875 0.73681640625 0.39453125 0.736328125 0.375 0.73876953125 0.3662109375 0.74560546875 0.3583984375 0.74853515625 0.3583984375 0.75146484375 0.361328125 0.75341796875 0.3720703125 0.7568359375 0.380859375 0.75732421875 0.38671875 0.7529296875 0.392578125 0.74755859375 0.3984375 0.7431640625 0.40625 0.74169921875 0.416015625 0.740234375 0.4296875 0.791015625 0.416015625 0.79052734375 0.408203125 0.78759765625 0.4013671875 0.783203125 0.4013671875 0.7802734375 0.3984375 0.78076171875 0.3896484375 0.7880859375 0.3779296875 0.7900390625 0.3779296875 0.79443359375 0.3818359375 0.80078125 0.37890625 0.82421875 0.33984375 0.84375 0.2958984375 0.84228515625 0.234375 0.8212890625 0.1962890625 0.79931640625 0.189453125 0.74365234375 0.1943359375 0.712890625 0.208984375 0.70849609375 0.2158203125 0.70556640625 0.2216796875 0.7060546875 0.2265625 0.70751953125 0.23046875 0.7119140625 0.236328125 0.71044921875 0.2431640625 0.7021484375 0.240234375 0.7001953125 0.2421875 0.697265625 0.2548828125 0.6962890625 0.2763671875 0.69384765625 0.2890625 0.69189453125 0.302734375 0.69189453125 0.30859375 0.69482421875 0.3125 0.69921875 0.3115234375 0.70068359375 0.3173828125 0.70361328125 0.32421875 0.7080078125 0.3173828125 0.71240234375 0.3173828125 0.7158203125 0.322265625 0.7158203125 0.3310546875 0.7197265625 0.333984375 0.72412109375 0.3359375 0.72412109375 0.34765625 0.72900390625 0.357421875 0.734375 0.36328125 0.734375 0.3759765625 0.73486328125 0.3955078125 0.736328125 0.4267578125
7 0.74462890625 0.3701171875 0.72998046875 0.3701171875 0.7294921875 0.3974609375 0.744140625 0.3974609375 0.74462890625 0.3701171875
2 0.82080078125 0.4306640625 0.81640625 0.439453125 0.81591796875 0.4521484375 0.81689453125 0.4609375 0.8251953125 0.4609375 0.84130859375 0.416015625 0.8271484375 0.42578125 0.82080078125 0.4306640625
2 0.802734375 0.44921875 0.80322265625 0.4443359375 0.80224609375 0.4296875 0.79931640625 0.423828125 0.79248046875 0.41796875 0.78173828125 0.4140625 0.78076171875 0.4326171875 0.787109375 0.4521484375 0.79541015625 0.4521484375 0.802734375 0.44921875
2 0.77392578125 0.4541015625 0.7822265625 0.45703125 0.7890625 0.453125 0.779296875 0.419921875 0.775390625 0.419921875 0.7685546875 0.41796875 0.767578125 0.42578125 0.76806640625 0.4375 0.77392578125 0.4541015625
2 0.76416015625 0.4599609375 0.7705078125 0.4599609375 0.7734375 0.462890625 0.779296875 0.4599609375 0.779296875 0.4521484375 0.77685546875 0.439453125 0.7744140625 0.4287109375 0.76171875 0.416015625 0.7548828125 0.4140625 0.74658203125 0.41796875 0.7470703125 0.4326171875 0.74951171875 0.453125 0.76416015625 0.4599609375
9 0.76708984375 0.0009765625 0.765625 0.0048828125 0.76220703125 0.0146484375 0.76025390625 0.021484375 0.75537109375 0.0263671875 0.74951171875 0.0322265625 0.74853515625 0.0380859375 0.75 0.0439453125 0.75341796875 0.052734375 0.75732421875 0.0517578125 0.7568359375 0.060546875 0.7529296875 0.07421875 0.75146484375 0.0830078125 0.74951171875 0.08984375 0.74658203125 0.09765625 0.74169921875 0.09765625 0.73779296875 0.0908203125 0.73291015625 0.0947265625 0.73291015625 0.107421875 0.7333984375 0.115234375 0.73291015625 0.1240234375 0.73046875 0.1279296875 0.728515625 0.13671875 0.72900390625 0.138671875 0.73193359375 0.14453125 0.7236328125 0.150390625 0.7177734375 0.15625 0.7158203125 0.1611328125 0.71484375 0.1689453125 0.70849609375 0.1796875 0.70458984375 0.185546875 0.701171875 0.1953125 0.70556640625 0.19921875 0.71142578125 0.2021484375 0.71533203125 0.2041015625 0.716796875 0.212890625 0.712890625 0.232421875 0.7197265625 0.2451171875 0.7255859375 0.2412109375 0.73486328125 0.2294921875 0.73876953125 0.2333984375 0.744140625 0.2490234375 0.7490234375 0.2763671875 0.75732421875 0.2958984375 0.7587890625 0.310546875 0.75830078125 0.3232421875 0.7607421875 0.337890625 0.765625 0.353515625 0.771484375 0.359375 0.77734375 0.361328125 0.78466796875 0.3623046875 0.79052734375 0.3701171875 0.79833984375 0.384765625 0.80029296875 0.3935546875 0.80126953125 0.4052734375 0.814453125 0.4140625 0.81884765625 0.419921875 0.822265625 0.419921875 0.833984375 0.41796875 0.8525390625 0.4150390625 0.89892578125 0.419921875 0.89306640625 0.001953125 0.76708984375 0.0009765625
9 0.890625 0.474609375 0.888671875 0.388671875 0.8818359375 0.3857421875 0.87548828125 0.3798828125 0.86865234375 0.3720703125 0.8623046875 0.3623046875 0.85498046875 0.3544921875 0.8515625 0.353515625 0.845703125 0.357421875 0.84228515625 0.369140625 0.84228515625 0.37890625 0.841796875 0.390625 0.83837890625 0.404296875 0.83349609375 0.412109375 0.82861328125 0.421875 0.82568359375 0.43359375 0.82275390625 0.453125 0.82177734375 0.4736328125 0.822265625 0.4833984375 0.8349609375 0.482421875 0.890625 0.474609375
7 0.6259765625 0.4013671875 0.6259765625 0.3857421875 0.6044921875 0.388671875 0.60400390625 0.4033203125 0.6259765625 0.4013671875
7 0.62744140625 0.384765625 0.626953125 0.37109375 0.6044921875 0.37109375 0.60400390625 0.3857421875 0.62744140625 0.384765625
7 0.6259765625 0.37109375 0.62744140625 0.361328125 0.6044921875 0.3642578125 0.6044921875 0.3720703125 0.6259765625 0.37109375
7 0.5927734375 0.39453125 0.5927734375 0.375 0.58056640625 0.3759765625 0.5810546875 0.3935546875 0.5927734375 0.39453125
7 0.22119140625 0.412109375 0.2177734375 0.423828125 0.21826171875 0.4404296875 0.22119140625 0.4541015625 0.22607421875 0.4638671875 0.2314453125 0.4658203125 0.2353515625 0.4658203125 0.24267578125 0.4580078125 0.24609375 0.4501953125 0.2470703125 0.4384765625 0.24609375 0.42578125 0.24462890625 0.4169921875 0.23876953125 0.4052734375 0.232421875 0.4033203125 0.22607421875 0.40625 0.22119140625 0.412109375
4 0.80078125 0.404296875 0.7978515625 0.412109375 0.79736328125 0.42578125 0.798828125 0.439453125 0.80029296875 0.453125 0.80126953125 0.4765625 0.80322265625 0.482421875 0.8056640625 0.4833984375 0.81103515625 0.484375 0.81103515625 0.4833984375 0.810546875 0.4765625 0.810546875 0.4658203125 0.810546875 0.4296875 0.81103515625 0.4267578125 0.81396484375 0.41796875 0.81396484375 0.4130859375 0.81103515625 0.4072265625 0.8095703125 0.4052734375 0.8095703125 0.3984375 0.80712890625 0.3876953125 0.8037109375 0.388671875 0.80224609375 0.3974609375 0.80078125 0.404296875
4 0.78173828125 0.4111328125 0.7802734375 0.4208984375 0.77978515625 0.4267578125 0.77978515625 0.4404296875 0.78076171875 0.453125 0.78076171875 0.4697265625 0.78125 0.484375 0.7841796875 0.484375 0.78955078125 0.486328125 0.78955078125 0.466796875 0.79248046875 0.4560546875 0.794921875 0.439453125 0.7939453125 0.42578125 0.79052734375 0.416015625 0.7900390625 0.4072265625 0.78759765625 0.3994140625 0.78515625 0.3984375 0.78173828125 0.404296875 0.78173828125 0.4111328125
4 0.7607421875 0.390625 0.76220703125 0.4033203125 0.76171875 0.4453125 0.76171875 0.4765625 0.76318359375 0.486328125 0.7685546875 0.4892578125 0.77099609375 0.4873046875 0.76953125 0.478515625 0.7705078125 0.4677734375 0.77197265625 0.451171875 0.7734375 0.427734375 0.77294921875 0.412109375 0.77001953125 0.3984375 0.76708984375 0.392578125 0.76708984375 0.384765625 0.765625 0.3828125 0.76318359375 0.3828125 0.7607421875 0.390625
2 0.5380859375 0.427734375 0.53369140625 0.4296875 0.53369140625 0.435546875 0.533203125 0.4423828125 0.5302734375 0.4697265625 0.5302734375 0.51953125 0.53271484375 0.5234375 0.54052734375 0.5234375 0.54248046875 0.521484375 0.54248046875 0.515625 0.54833984375 0.515625 0.54931640625 0.513671875 0.5498046875 0.509765625 0.55322265625 0.5068359375 0.556640625 0.5068359375 0.56298828125 0.5068359375 0.568359375 0.5068359375 0.57177734375 0.5087890625 0.57568359375 0.5068359375 0.58154296875 0.5068359375 0.58740234375 0.5068359375 0.58984375 0.51171875 0.59521484375 0.51171875 0.59619140625 0.5205078125 0.59814453125 0.525390625 0.6044921875 0.5263671875 0.607421875 0.525390625 0.609375 0.5205078125 0.61083984375 0.5126953125 0.611328125 0.48828125 0.6103515625 0.4658203125 0.60888671875 0.4443359375 0.61279296875 0.4384765625 0.61083984375 0.4306640625 0.6044921875 0.4287109375 0.595703125 0.408203125 0.59033203125 0.400390625 0.57763671875 0.3984375 0.552734375 0.4013671875 0.54638671875 0.4033203125 0.54248046875 0.412109375 0.5380859375 0.427734375
7 0.39697265625 0.37890625 0.3984375 0.380859375 0.43603515625 0.37890625 0.43701171875 0.376953125 0.43798828125 0.298828125 0.43603515625 0.2958984375 0.3984375 0.296875 0.396484375 0.3017578125 0.39697265625 0.37890625
7 0.31103515625 0.158203125 0.29931640625 0.1494140625 0.2978515625 0.1640625 0.31103515625 0.1728515625 0.31103515625 0.158203125
7 0.71142578125 0.3564453125 0.703125 0.353515625 0.7001953125 0.3671875 0.71142578125 0.3662109375 0.71142578125 0.3564453125
7 0.70361328125 0.396484375 0.70458984375 0.4013671875 0.70849609375 0.40234375 0.7109375 0.400390625 0.708984375 0.3876953125 0.70556640625 0.390625 0.70361328125 0.392578125 0.70361328125 0.396484375
7 0.71044921875 0.3896484375 0.7109375 0.3681640625 0.70263671875 0.3671875 0.70263671875 0.390625 0.71044921875 0.3896484375
2 0.724609375 0.43359375 0.72216796875 0.4423828125 0.72216796875 0.4609375 0.72265625 0.466796875 0.72509765625 0.466796875 0.7275390625 0.466796875 0.728515625 0.4619140625 0.73193359375 0.4619140625 0.732421875 0.4658203125 0.7333984375 0.4677734375 0.73681640625 0.4658203125 0.73681640625 0.4638671875 0.73974609375 0.4638671875 0.7431640625 0.46484375 0.74755859375 0.4658203125 0.755859375 0.4638671875 0.7568359375 0.4560546875 0.7568359375 0.4443359375 0.75537109375 0.439453125 0.75390625 0.4326171875 0.74462890625 0.421875 0.7333984375 0.421875 0.72998046875 0.421875 0.7265625 0.42578125 0.724609375 0.43359375
7 0.69384765625 0.34375 0.69384765625 0.349609375 0.69384765625 0.357421875 0.6962890625 0.3642578125 0.7021484375 0.3681640625 0.7060546875 0.3671875 0.7080078125 0.357421875 0.70849609375 0.3486328125 0.7060546875 0.33984375 0.70068359375 0.3359375 0.69921875 0.3369140625 0.69677734375 0.337890625 0.69384765625 0.34375
7 0.7177734375 0.35546875 0.71435546875 0.3583984375 0.7138671875 0.36328125 0.71337890625 0.3701171875 0.71533203125 0.373046875 0.71875 0.3759765625 0.72021484375 0.3759765625 0.7236328125 0.3720703125 0.7236328125 0.3681640625 0.7236328125 0.359375 0.7216796875 0.3583984375 0.720703125 0.3564453125 0.7177734375 0.35546875
7 0.724609375 0.34375 0.712890625 0.34375 0.71240234375 0.3564453125 0.724609375 0.35546875 0.724609375 0.34375
7 0.712890625 0.4541015625 0.71240234375 0.427734375 0.703125 0.427734375 0.7041015625 0.453125 0.712890625 0.4541015625
7 0.70751953125 0.3662109375 0.6962890625 0.3671875 0.6953125 0.37890625 0.70751953125 0.37890625 0.70751953125 0.3662109375
4 0.75146484375 0.44921875 0.75341796875 0.458984375 0.75439453125 0.47265625 0.75439453125 0.486328125 0.75537109375 0.4873046875 0.7578125 0.4873046875 0.759765625 0.4892578125 0.76123046875 0.490234375 0.76318359375 0.490234375 0.763671875 0.482421875 0.76416015625 0.47265625 0.7666015625 0.4599609375 0.76708984375 0.44921875 0.7685546875 0.4326171875 0.767578125 0.4169921875 0.765625 0.4072265625 0.76416015625 0.3994140625 0.76123046875 0.392578125 0.7587890625 0.392578125 0.7578125 0.396484375 0.75634765625 0.404296875 0.7548828125 0.4091796875 0.75244140625 0.4150390625 0.7509765625 0.4287109375 0.75146484375 0.44921875
7 0.76708984375 0.22265625 0.76708984375 0.2412109375 0.77197265625 0.25 0.7783203125 0.2578125 0.7841796875 0.2548828125 0.79248046875 0.2490234375 0.794921875 0.2275390625 0.7939453125 0.21875 0.79052734375 0.208984375 0.78564453125 0.2021484375 0.77880859375 0.2001953125 0.7734375 0.2041015625 0.77001953125 0.2109375 0.76708984375 0.22265625
7 0.76953125 0.169921875 0.76025390625 0.2021484375 0.76416015625 0.2060546875 0.79931640625 0.201171875 0.79931640625 0.1943359375 0.7822265625 0.1376953125 0.779296875 0.1357421875 0.775390625 0.1455078125 0.76953125 0.169921875