6 0.501953125 0.3818359375 0.4990234375 0.390625 0.5009765625 0.3955078125 0.50390625 0.3955078125 0.50732421875 0.3955078125 0.50830078125 0.390625 0.50830078125 0.3857421875 0.5078125 0.37890625 0.50732421875 0.375 0.50439453125 0.373046875 0.5029296875 0.3759765625 0.501953125 0.3818359375
0 0.4990234375 0.3984375 0.501953125 0.40625 0.505859375 0.4052734375 0.5068359375 0.3984375 0.50830078125 0.3935546875 0.50830078125 0.3896484375 0.50732421875 0.3896484375 0.50537109375 0.3896484375 0.50390625 0.3876953125 0.501953125 0.3876953125 0.501953125 0.3896484375 0.5 0.3916015625 0.4990234375 0.3984375
4 0.494140625 0.4033203125 0.4990234375 0.4033203125 0.4990234375 0.396484375 0.4990234375 0.3876953125 0.4970703125 0.38671875 0.49609375 0.380859375 0.49365234375 0.3818359375 0.4931640625 0.3876953125 0.49365234375 0.3955078125 0.494140625 0.4033203125
4 0.4853515625 0.3818359375 0.484375 0.388671875 0.484375 0.3955078125 0.48486328125 0.40625 0.48486328125 0.4140625 0.48828125 0.4169921875 0.48974609375 0.412109375 0.48974609375 0.40234375 0.49072265625 0.3974609375 0.49267578125 0.3896484375 0.4912109375 0.3857421875 0.48974609375 0.3779296875 0.4873046875 0.376953125 0.486328125 0.37890625 0.4853515625 0.3818359375
4 0.4814453125 0.4033203125 0.4814453125 0.412109375 0.482421875 0.416015625 0.486328125 0.4150390625 0.486328125 0.4111328125 0.486328125 0.4013671875 0.4873046875 0.39453125 0.48779296875 0.388671875 0.486328125 0.3876953125 0.48583984375 0.3818359375 0.4853515625 0.3798828125 0.4833984375 0.3779296875 0.4814453125 0.384765625 0.47998046875 0.3896484375 0.47900390625 0.3974609375 0.4814453125 0.4033203125
4 0.47314453125 0.3876953125 0.4736328125 0.3955078125 0.47509765625 0.400390625 0.47509765625 0.4052734375 0.47509765625 0.41796875 0.47802734375 0.419921875 0.48046875 0.416015625 0.48046875 0.404296875 0.48046875 0.3935546875 0.48095703125 0.38671875 0.4794921875 0.3798828125 0.47705078125 0.3798828125 0.474609375 0.3798828125 0.47412109375 0.3857421875 0.47314453125 0.3876953125
4 0.5205078125 0.3916015625 0.52490234375 0.390625 0.52685546875 0.390625 0.52783203125 0.38671875 0.52783203125 0.3818359375 0.52685546875 0.376953125 0.5263671875 0.375 0.52587890625 0.37109375 0.5234375 0.37109375 0.5224609375 0.3720703125 0.52197265625 0.376953125 0.5205078125 0.380859375 0.51953125 0.3916015625 0.51953125 0.3955078125 0.5205078125 0.3916015625
4 0.48046875 0.4228515625 0.48193359375 0.4189453125 0.48193359375 0.4150390625 0.4814453125 0.4091796875 0.47900390625 0.4033203125 0.47900390625 0.400390625 0.47705078125 0.396484375 0.474609375 0.396484375 0.474609375 0.400390625 0.47412109375 0.4033203125 0.47314453125 0.40625 0.47216796875 0.4150390625 0.47314453125 0.4248046875 0.47314453125 0.4306640625 0.47705078125 0.4404296875 0.4794921875 0.4404296875 0.48095703125 0.4375 0.4794921875 0.4384765625 0.48046875 0.431640625 0.48046875 0.4228515625
4 0.4658203125 0.419921875 0.466796875 0.4169921875 0.466796875 0.4267578125 0.46728515625 0.4462890625 0.47119140625 0.443359375 0.47216796875 0.44140625 0.47265625 0.4287109375 0.4736328125 0.4228515625 0.4755859375 0.4169921875 0.474609375 0.4111328125 0.47314453125 0.4052734375 0.470703125 0.4033203125 0.470703125 0.400390625 0.470703125 0.3955078125 0.46875 0.3955078125 0.46826171875 0.3984375 0.4677734375 0.4013671875 0.46630859375 0.404296875 0.46484375 0.408203125 0.46337890625 0.4189453125 0.4638671875 0.42578125 0.4658203125 0.419921875
4 0.45361328125 0.423828125 0.45458984375 0.431640625 0.45458984375 0.439453125 0.45458984375 0.443359375 0.45458984375 0.4462890625 0.45654296875 0.4482421875 0.4599609375 0.44921875 0.4609375 0.4423828125 0.4609375 0.4365234375 0.46142578125 0.4267578125 0.46142578125 0.4228515625 0.462890625 0.4228515625 0.4638671875 0.4189453125 0.46240234375 0.4130859375 0.4619140625 0.4091796875 0.4599609375 0.404296875 0.45947265625 0.4033203125 0.46044921875 0.400390625 0.46044921875 0.3984375 0.45947265625 0.396484375 0.4580078125 0.396484375 0.4560546875 0.3974609375 0.45556640625 0.40234375 0.45458984375 0.4052734375 0.45361328125 0.41015625 0.453125 0.41796875 0.45361328125 0.423828125
7 0.4248046875 0.3671875 0.423828125 0.3427734375 0.41943359375 0.34375 0.41943359375 0.3671875 0.4248046875 0.3671875
7 0.3701171875 0.3525390625 0.36962890625 0.3271484375 0.3525390625 0.3271484375 0.3525390625 0.3525390625 0.3701171875 0.3525390625
7 0.53076171875 0.3232421875 0.53125 0.345703125 0.5458984375 0.345703125 0.5458984375 0.322265625 0.53076171875 0.3232421875
7 0.53125 0.345703125 0.5322265625 0.365234375 0.5322265625 0.380859375 0.5419921875 0.37890625 0.5419921875 0.3466796875 0.53125 0.345703125
4 0.5546875 0.3857421875 0.55419921875 0.388671875 0.5537109375 0.3935546875 0.552734375 0.3935546875 0.5517578125 0.3974609375 0.55126953125 0.4013671875 0.55126953125 0.4267578125 0.55078125 0.44921875 0.55419921875 0.455078125 0.5615234375 0.4541015625 0.56298828125 0.4521484375 0.5625 0.447265625 0.5625 0.4248046875 0.5625 0.412109375 0.564453125 0.408203125 0.564453125 0.404296875 0.5625 0.396484375 0.56103515625 0.3935546875 0.56103515625 0.388671875 0.56103515625 0.384765625 0.55859375 0.3837890625 0.556640625 0.3837890625 0.5556640625 0.3837890625 0.5546875 0.3857421875
4 0.54345703125 0.3837890625 0.54296875 0.3896484375 0.54296875 0.396484375 0.54443359375 0.4033203125 0.54541015625 0.40625 0.54443359375 0.4140625 0.54443359375 0.4248046875 0.54638671875 0.427734375 0.54638671875 0.435546875 0.54736328125 0.451171875 0.5458984375 0.455078125 0.5458984375 0.458984375 0.5478515625 0.458984375 0.5537109375 0.4580078125 0.5546875 0.455078125 0.5537109375 0.4482421875 0.5517578125 0.439453125 0.5517578125 0.43359375 0.552734375 0.4267578125 0.5537109375 0.41796875 0.5537109375 0.4130859375 0.5546875 0.4052734375 0.5537109375 0.396484375 0.55322265625 0.3935546875 0.5537109375 0.3916015625 0.552734375 0.3857421875 0.55126953125 0.3837890625 0.54931640625 0.3828125 0.5458984375 0.3857421875 0.54541015625 0.3837890625 0.54345703125 0.3837890625
0 0.80419921875 0.62109375 0.80859375 0.6298828125 0.80810546875 0.59765625 0.80859375 0.5107421875 0.8017578125 0.521484375 0.79736328125 0.5263671875 0.79638671875 0.5361328125 0.794921875 0.5478515625 0.79345703125 0.5693359375 0.79541015625 0.578125 0.7958984375 0.5966796875 0.79736328125 0.60546875 0.80029296875 0.615234375 0.80419921875 0.62109375
0 0.09033203125 0.474609375 0.0947265625 0.478515625 0.1044921875 0.4775390625 0.111328125 0.470703125 0.11279296875 0.4794921875 0.0791015625 0.49609375 0.0751953125 0.4912109375 0.07275390625 0.46875 0.07763671875 0.4638671875 0.076171875 0.4541015625 0.06982421875 0.4541015625 0.05908203125 0.4501953125 0.05517578125 0.451171875 0.056640625 0.458984375 0.06201171875 0.4658203125 0.06396484375 0.4755859375 0.06591796875 0.4931640625 0.06103515625 0.4990234375 0.05224609375 0.494140625 0.04833984375 0.5068359375 0.05126953125 0.5419921875 0.07421875 0.60546875 0.08349609375 0.6103515625 0.08447265625 0.5859375 0.087890625 0.5732421875 0.09423828125 0.5556640625 0.103515625 0.533203125 0.107421875 0.521484375 0.11474609375 0.5263671875 0.1162109375 0.537109375 0.11962890625 0.55859375 0.12451171875 0.5791015625 0.1328125 0.603515625 0.13916015625 0.609375 0.1435546875 0.603515625 0.14501953125 0.587890625 0.142578125 0.560546875 0.13671875 0.53125 0.126953125 0.5078125 0.125 0.498046875 0.126953125 0.484375 0.1240234375 0.4755859375 0.1240234375 0.4658203125 0.1318359375 0.4580078125 0.1376953125 0.4560546875 0.138671875 0.4482421875 0.13720703125 0.4404296875 0.11572265625 0.4580078125 0.1015625 0.4658203125 0.09765625 0.4658203125 0.09033203125 0.474609375
0 0.10595703125 0.53515625 0.10205078125 0.5234375 0.10009765625 0.5205078125 0.09375 0.5205078125 0.0927734375 0.513671875 0.091796875 0.50390625 0.087890625 0.501953125 0.08447265625 0.4931640625 0.08349609375 0.484375 0.0849609375 0.4755859375 0.09228515625 0.470703125 0.10107421875 0.4541015625 0.095703125 0.455078125 0.080078125 0.4658203125 0.06591796875 0.4736328125 0.0576171875 0.4814453125 0.0615234375 0.48828125 0.06982421875 0.48046875 0.07373046875 0.482421875 0.07080078125 0.48828125 0.0654296875 0.4990234375 0.05126953125 0.509765625 0.05126953125 0.4990234375 0.05517578125 0.4755859375 0.05810546875 0.4638671875 0.05419921875 0.455078125 0.04638671875 0.4580078125 0.0390625 0.4697265625 0.0322265625 0.4912109375 0.0283203125 0.544921875 0.056640625 0.5595703125 0.07568359375 0.53515625 0.0810546875 0.517578125 0.08544921875 0.5146484375 0.08544921875 0.5263671875 0.08154296875 0.5419921875 0.08154296875 0.5517578125 0.0830078125 0.5703125 0.08447265625 0.578125 0.0908203125 0.595703125 0.09619140625 0.6142578125 0.10107421875 0.619140625 0.10791015625 0.619140625 0.111328125 0.6142578125 0.1142578125 0.599609375 0.115234375 0.583984375 0.111328125 0.5595703125 0.109375 0.55078125 0.10595703125 0.53515625
2 0 0.671875 0.0009765625 0.673828125 0.0078125 0.6552734375 0.01025390625 0.6337890625 0.0107421875 0.6025390625 0.01171875 0.5947265625 0.01416015625 0.5712890625 0.01318359375 0.548828125 0.00927734375 0.529296875 0.0078125 0.5107421875 0.00341796875 0.5009765625 0 0.4931640625 0 0.6328125 0 0.671875
2 0.49169921875 0.4580078125 0.4921875 0.455078125 0.49365234375 0.455078125 0.4951171875 0.458984375 0.498046875 0.4580078125 0.4990234375 0.453125 0.50927734375 0.4521484375 0.51025390625 0.458984375 0.5185546875 0.455078125 0.52001953125 0.4501953125 0.52587890625 0.44921875 0.52587890625 0.439453125 0.525390625 0.4296875 0.525390625 0.423828125 0.52294921875 0.4189453125 0.52392578125 0.4150390625 0.52099609375 0.4140625 0.51416015625 0.400390625 0.4912109375 0.4033203125 0.48974609375 0.4111328125 0.486328125 0.419921875 0.48583984375 0.4287109375 0.486328125 0.4404296875 0.48583984375 0.4541015625 0.48779296875 0.4599609375 0.49169921875 0.4580078125
2 0.41845703125 0.5068359375 0.4287109375 0.5078125 0.43017578125 0.501953125 0.43798828125 0.5009765625 0.43798828125 0.4912109375 0.439453125 0.48828125 0.4423828125 0.484375 0.443359375 0.4697265625 0.4423828125 0.4462890625 0.4365234375 0.4248046875 0.4326171875 0.412109375 0.4267578125 0.392578125 0.419921875 0.384765625 0.4111328125 0.38671875 0.39111328125 0.3896484375 0.38720703125 0.3857421875 0.37890625 0.3876953125 0.37158203125 0.40625 0.4033203125 0.49609375 0.41650390625 0.4931640625 0.41845703125 0.5068359375
2 0.38623046875 0.5322265625 0.3955078125 0.5322265625 0.39794921875 0.5244140625 0.404296875 0.521484375 0.40478515625 0.51171875 0.4052734375 0.48046875 0.40234375 0.455078125 0.39892578125 0.4443359375 0.39892578125 0.4384765625 0.39453125 0.43359375 0.38525390625 0.4072265625 0.38134765625 0.4072265625 0.3642578125 0.408203125 0.345703125 0.41015625 0.36474609375 0.521484375 0.38427734375 0.5224609375 0.38623046875 0.5322265625
2 0.34765625 0.546875 0.3466796875 0.541015625 0.35302734375 0.5390625 0.35498046875 0.548828125 0.3642578125 0.548828125 0.3662109375 0.5400390625 0.36572265625 0.5166015625 0.36572265625 0.49609375 0.3642578125 0.4755859375 0.36083984375 0.4501953125 0.353515625 0.43359375 0.34423828125 0.4111328125 0.333984375 0.40625 0.31005859375 0.4072265625 0.3330078125 0.5634765625 0.34423828125 0.5615234375 0.34765625 0.546875
2 0.166015625 0.478515625 0.17041015625 0.4775390625 0.1640625 0.486328125 0.15283203125 0.501953125 0.1474609375 0.5244140625 0.1474609375 0.560546875 0.150390625 0.595703125 0.15380859375 0.6015625 0.1552734375 0.62890625 0.17578125 0.6259765625 0.17578125 0.60546875 0.18359375 0.6044921875 0.21337890625 0.6044921875 0.2568359375 0.6025390625 0.263671875 0.6142578125 0.29638671875 0.611328125 0.29638671875 0.6025390625 0.29736328125 0.580078125 0.3154296875 0.5703125 0.31884765625 0.5849609375 0.3330078125 0.580078125 0.33447265625 0.515625 0.330078125 0.4599609375 0.3125 0.4091796875 0.30419921875 0.3935546875 0.30322265625 0.3876953125 0.30810546875 0.3857421875 0.3076171875 0.3828125 0.27587890625 0.380859375 0.27392578125 0.3740234375 0.27392578125 0.3603515625 0.26416015625 0.345703125 0.240234375 0.3427734375 0.2236328125 0.3515625 0.21240234375 0.365234375 0.21337890625 0.373046875 0.2099609375 0.380859375 0.21435546875 0.38671875 0.21484375 0.3916015625 0.205078125 0.3935546875 0.20751953125 0.40234375 0.2021484375 0.4091796875 0.193359375 0.421875 0.18798828125 0.4345703125 0.17724609375 0.4580078125 0.16796875 0.458984375 0.1640625 0.4716796875 0.166015625 0.478515625