2 0 0.484375 0.0234375 0.482421875 0.02587890625 0.486328125 0.0283203125 0.48828125 0.03076171875 0.48828125 0.03076171875 0.4853515625 0.04248046875 0.48046875 0.04345703125 0.4775390625 0.044921875 0.470703125 0.04833984375 0.4716796875 0.0498046875 0.478515625 0.05029296875 0.4794921875 0.0625 0.4775390625 0.06396484375 0.474609375 0.06591796875 0.46484375 0.0693359375 0.4638671875 0.0751953125 0.4609375 0.078125 0.4580078125 0.0791015625 0.451171875 0.0791015625 0.439453125 0.076171875 0.4326171875 0.0751953125 0.42578125 0.07373046875 0.4189453125 0.0703125 0.4140625 0.0634765625 0.404296875 0.0595703125 0.3984375 0.0390625 0.3974609375 0.01708984375 0.3994140625 0.00439453125 0.40234375 0 0.4052734375 0 0.484375
7 0.1552734375 0.2958984375 0.154296875 0.259765625 0.14501953125 0.2568359375 0.14599609375 0.2958984375 0.1552734375 0.2958984375
7 0.15625 0.314453125 0.15576171875 0.294921875 0.14599609375 0.294921875 0.146484375 0.314453125 0.15625 0.314453125
7 0.15673828125 0.3359375 0.15625 0.3154296875 0.146484375 0.3154296875 0.14697265625 0.3359375 0.15673828125 0.3359375
7 0.306640625 0.2626953125 0.30322265625 0.26171875 0.2998046875 0.26171875 0.2998046875 0.2705078125 0.306640625 0.2705078125 0.306640625 0.2626953125
7 0.28173828125 0.2734375 0.28173828125 0.283203125 0.2998046875 0.28125 0.2998046875 0.271484375 0.28173828125 0.2734375
7 0.306640625 0.3115234375 0.306640625 0.2998046875 0.30517578125 0.291015625 0.30322265625 0.287109375 0.30078125 0.2861328125 0.29931640625 0.287109375 0.29736328125 0.2919921875 0.29638671875 0.296875 0.2958984375 0.3056640625 0.296875 0.314453125 0.298828125 0.322265625 0.3017578125 0.3251953125 0.30419921875 0.32421875 0.30517578125 0.3203125 0.306640625 0.3115234375
2 0.427734375 0.3681640625 0.42919921875 0.3603515625 0.4287109375 0.3564453125 0.4267578125 0.3544921875 0.423828125 0.35546875 0.42431640625 0.3662109375 0.427734375 0.3681640625
7 0.4189453125 0.3642578125 0.41943359375 0.39453125 0.42431640625 0.3935546875 0.423828125 0.3642578125 0.4189453125 0.3642578125
2 0.43359375 0.3876953125 0.43798828125 0.3818359375 0.43994140625 0.3642578125 0.43603515625 0.3564453125 0.43115234375 0.357421875 0.42919921875 0.3828125 0.43359375 0.3876953125
9 0.474609375 0.326171875 0.4755859375 0.3271484375 0.4775390625 0.3291015625 0.47900390625 0.3359375 0.47900390625 0.33984375 0.47802734375 0.3427734375 0.47802734375 0.345703125 0.47509765625 0.361328125 0.484375 0.365234375 0.48779296875 0.3544921875 0.48876953125 0.349609375 0.4892578125 0.3427734375 0.486328125 0.3349609375 0.48681640625 0.3095703125 0.48681640625 0.30078125 0.484375 0.296875 0.482421875 0.2958984375 0.4775390625 0.2998046875 0.47607421875 0.3095703125 0.4755859375 0.318359375 0.474609375 0.326171875
7 0.48388671875 0.310546875 0.4775390625 0.310546875 0.47802734375 0.33203125 0.484375 0.3310546875 0.48388671875 0.310546875
2 0.43896484375 0.36328125 0.43701171875 0.3642578125 0.43603515625 0.3671875 0.435546875 0.3701171875 0.4345703125 0.376953125 0.43505859375 0.384765625 0.43603515625 0.388671875 0.43896484375 0.388671875 0.44287109375 0.388671875 0.44482421875 0.3857421875 0.45263671875 0.384765625 0.45703125 0.3740234375 0.45849609375 0.3603515625 0.455078125 0.3564453125 0.4423828125 0.35546875 0.43994140625 0.3583984375 0.43896484375 0.36328125
2 0.45458984375 0.3671875 0.45263671875 0.3701171875 0.45263671875 0.375 0.4521484375 0.380859375 0.4521484375 0.388671875 0.45263671875 0.390625 0.45458984375 0.390625 0.45556640625 0.388671875 0.46044921875 0.3818359375 0.47314453125 0.357421875 0.46826171875 0.35546875 0.45947265625 0.3564453125 0.45703125 0.3583984375 0.45458984375 0.3671875
2 0.484375 0.3564453125 0.482421875 0.361328125 0.48828125 0.3935546875 0.49169921875 0.3916015625 0.49951171875 0.3916015625 0.5068359375 0.3544921875 0.501953125 0.353515625 0.4921875 0.353515625 0.4873046875 0.353515625 0.484375 0.3564453125
2 0.49853515625 0.3701171875 0.49853515625 0.3720703125 0.49853515625 0.3759765625 0.4970703125 0.392578125 0.49853515625 0.4013671875 0.501953125 0.4033203125 0.50244140625 0.4072265625 0.5048828125 0.4111328125 0.5166015625 0.392578125 0.51953125 0.357421875 0.51318359375 0.3544921875 0.5087890625 0.353515625 0.50390625 0.3544921875 0.50048828125 0.3681640625 0.49853515625 0.3701171875
7 0.53173828125 0.318359375 0.5341796875 0.318359375 0.5361328125 0.3154296875 0.53662109375 0.3095703125 0.53515625 0.3046875 0.533203125 0.3037109375 0.53076171875 0.3046875 0.52978515625 0.30859375 0.52978515625 0.3115234375 0.5302734375 0.3154296875 0.53173828125 0.318359375
2 0.509765625 0.3720703125 0.50732421875 0.37109375 0.50537109375 0.3720703125 0.5048828125 0.3759765625 0.505859375 0.3798828125 0.50537109375 0.38671875 0.505859375 0.396484375 0.5078125 0.40234375 0.52392578125 0.419921875 0.53076171875 0.4189453125 0.5478515625 0.388671875 0.546875 0.375 0.54443359375 0.373046875 0.5419921875 0.3720703125 0.54052734375 0.3642578125 0.53857421875 0.359375 0.5341796875 0.357421875 0.529296875 0.35546875 0.51806640625 0.35546875 0.51513671875 0.357421875 0.51171875 0.365234375 0.509765625 0.3720703125
4 0.43212890625 0.3681640625 0.4326171875 0.3623046875 0.4326171875 0.3564453125 0.4306640625 0.3515625 0.42822265625 0.3525390625 0.42578125 0.3583984375 0.42578125 0.36328125 0.42626953125 0.3681640625 0.42822265625 0.44140625 0.4306640625 0.4345703125 0.4326171875 0.427734375 0.4326171875 0.4228515625 0.4345703125 0.4287109375 0.43603515625 0.435546875 0.4384765625 0.4423828125 0.44091796875 0.4521484375 0.4423828125 0.44921875 0.4443359375 0.4482421875 0.447265625 0.4443359375 0.4462890625 0.4423828125 0.4443359375 0.4443359375 0.4423828125 0.4423828125 0.4404296875 0.4375 0.43701171875 0.4208984375 0.43408203125 0.40625 0.43408203125 0.3955078125 0.4345703125 0.388671875 0.43310546875 0.3759765625 0.43212890625 0.3681640625
4 0.42578125 0.453125 0.4287109375 0.455078125 0.431640625 0.453125 0.431640625 0.4501953125 0.4287109375 0.443359375 0.4296875 0.4326171875 0.43212890625 0.421875 0.4326171875 0.4052734375 0.43310546875 0.392578125 0.4306640625 0.384765625 0.42919921875 0.3818359375 0.4306640625 0.3779296875 0.43115234375 0.3720703125 0.4296875 0.3671875 0.42724609375 0.365234375 0.4248046875 0.365234375 0.42333984375 0.369140625 0.4228515625 0.3779296875 0.4208984375 0.384765625 0.419921875 0.392578125 0.419921875 0.40234375 0.4208984375 0.40625 0.4208984375 0.4111328125 0.421875 0.4169921875 0.421875 0.423828125 0.4228515625 0.4267578125 0.42138671875 0.4306640625 0.42041015625 0.4375 0.41943359375 0.4443359375 0.4189453125 0.4521484375 0.41943359375 0.4541015625 0.42236328125 0.455078125 0.42578125 0.453125
7 0.51025390625 0.4345703125 0.51025390625 0.400390625 0.50341796875 0.4013671875 0.50439453125 0.4345703125 0.5048828125 0.4384765625 0.5029296875 0.4453125 0.51220703125 0.4453125 0.509765625 0.4384765625 0.51025390625 0.4345703125
2 0.462890625 0.4169921875 0.46337890625 0.4130859375 0.46337890625 0.408203125 0.46923828125 0.4072265625 0.47314453125 0.40625 0.478515625 0.4052734375 0.486328125 0.4072265625 0.486328125 0.41015625 0.48681640625 0.4130859375 0.490234375 0.4130859375 0.49169921875 0.412109375 0.49169921875 0.4111328125 0.49169921875 0.3955078125 0.49169921875 0.38671875 0.4912109375 0.376953125 0.4921875 0.3759765625 0.49267578125 0.373046875 0.4912109375 0.3701171875 0.4892578125 0.3701171875 0.4873046875 0.365234375 0.484375 0.357421875 0.478515625 0.3564453125 0.4736328125 0.3564453125 0.46142578125 0.359375 0.45947265625 0.3623046875 0.4580078125 0.37109375 0.4560546875 0.373046875 0.45458984375 0.3759765625 0.455078125 0.3779296875 0.45654296875 0.3798828125 0.45654296875 0.384765625 0.45654296875 0.39453125 0.45703125 0.4150390625 0.45849609375 0.4169921875 0.46142578125 0.4169921875 0.462890625 0.4169921875
6 0.55712890625 0.3447265625 0.55419921875 0.3505859375 0.5595703125 0.369140625 0.56103515625 0.361328125 0.56201171875 0.3544921875 0.56103515625 0.345703125 0.55908203125 0.3447265625 0.55712890625 0.3447265625
0 0.5537109375 0.4296875 0.556640625 0.4345703125 0.58203125 0.4501953125 0.5859375 0.4462890625 0.587890625 0.435546875 0.587890625 0.4296875 0.5869140625 0.4228515625 0.58642578125 0.41796875 0.58447265625 0.4169921875 0.583984375 0.4150390625 0.58544921875 0.4130859375 0.58447265625 0.4052734375 0.5830078125 0.4033203125 0.57958984375 0.3994140625 0.57275390625 0.3994140625 0.56494140625 0.3935546875 0.55126953125 0.388671875 0.5498046875 0.38671875 0.5458984375 0.3994140625 0.54296875 0.421875 0.546875 0.4541015625 0.55078125 0.4501953125 0.55322265625 0.44140625 0.5537109375 0.4326171875 0.5537109375 0.4296875
0 0.54248046875 0.4599609375 0.5458984375 0.4580078125 0.5498046875 0.4501953125 0.55224609375 0.4423828125 0.5537109375 0.4306640625 0.55615234375 0.4345703125 0.5556640625 0.439453125 0.55615234375 0.4453125 0.55908203125 0.4501953125 0.5634765625 0.451171875 0.56640625 0.4501953125 0.5712890625 0.45703125 0.57763671875 0.45703125 0.5810546875 0.453125 0.583984375 0.4482421875 0.5859375 0.44140625 0.58642578125 0.4287109375 0.5849609375 0.4189453125 0.58203125 0.412109375 0.58203125 0.4072265625 0.578125 0.4052734375 0.5712890625 0.4033203125 0.57373046875 0.3994140625 0.57470703125 0.3955078125 0.5732421875 0.3935546875 0.5712890625 0.3935546875 0.5693359375 0.3935546875 0.56640625 0.3974609375 0.56787109375 0.4013671875 0.56689453125 0.408203125 0.56396484375 0.4140625 0.55517578125 0.4130859375 0.54736328125 0.40234375 0.54931640625 0.3955078125 0.54638671875 0.3896484375 0.5400390625 0.3857421875 0.5390625 0.3896484375 0.5419921875 0.3916015625 0.5439453125 0.3994140625 0.54345703125 0.404296875 0.5380859375 0.40625 0.53759765625 0.412109375 0.5341796875 0.416015625 0.53076171875 0.4208984375 0.52880859375 0.4287109375 0.52783203125 0.4375 0.52880859375 0.4462890625 0.5322265625 0.455078125 0.53662109375 0.4599609375 0.54248046875 0.4599609375
6 0.5556640625 0.3447265625 0.55322265625 0.3427734375 0.55126953125 0.345703125 0.55078125 0.3515625 0.55078125 0.3583984375 0.55078125 0.3671875 0.55078125 0.3720703125 0.54443359375 0.388671875 0.54296875 0.388671875 0.54296875 0.3916015625 0.54443359375 0.3955078125 0.5478515625 0.392578125 0.55029296875 0.3876953125 0.5537109375 0.384765625 0.5556640625 0.388671875 0.55859375 0.3955078125 0.55517578125 0.412109375 0.55517578125 0.4189453125 0.556640625 0.423828125 0.5595703125 0.4306640625 0.56103515625 0.439453125 0.55810546875 0.4423828125 0.55810546875 0.4443359375 0.56005859375 0.4462890625 0.5625 0.4462890625 0.56494140625 0.4462890625 0.564453125 0.4423828125 0.56298828125 0.431640625 0.56201171875 0.4248046875 0.56103515625 0.4189453125 0.56396484375 0.408203125 0.56689453125 0.400390625 0.5693359375 0.396484375 0.57080078125 0.390625 0.57080078125 0.384765625 0.5703125 0.3818359375 0.56298828125 0.36328125 0.55810546875 0.3544921875 0.5576171875 0.349609375 0.5556640625 0.3447265625
7 0.5595703125 0.2919921875 0.5625 0.2919921875 0.564453125 0.2890625 0.56591796875 0.28125 0.564453125 0.2763671875 0.5615234375 0.2734375 0.55908203125 0.2744140625 0.556640625 0.2783203125 0.55615234375 0.283203125 0.5576171875 0.2900390625 0.5595703125 0.2919921875
7 0.57177734375 0.2900390625 0.5751953125 0.2900390625 0.57763671875 0.287109375 0.578125 0.28125 0.57763671875 0.275390625 0.576171875 0.271484375 0.57373046875 0.2705078125 0.57080078125 0.2724609375 0.5693359375 0.2763671875 0.56884765625 0.2802734375 0.5693359375 0.287109375 0.57177734375 0.2900390625
7 0.57861328125 0.3017578125 0.57861328125 0.2900390625 0.568359375 0.2900390625 0.568359375 0.30078125 0.57861328125 0.3017578125
7 0.5791015625 0.3125 0.5791015625 0.3017578125 0.568359375 0.3017578125 0.568359375 0.3115234375 0.5791015625 0.3125
4 0.64794921875 0.388671875 0.64990234375 0.3837890625 0.65087890625 0.376953125 0.64990234375 0.3935546875 0.6513671875 0.3955078125 0.65185546875 0.40234375 0.6533203125 0.41796875 0.65576171875 0.43359375 0.6552734375 0.4384765625 0.65380859375 0.4443359375 0.65380859375 0.4482421875 0.65478515625 0.4501953125 0.65966796875 0.4501953125 0.66552734375 0.4306640625 0.671875 0.4267578125 0.67138671875 0.421875 0.66650390625 0.4189453125 0.65771484375 0.34375 0.6552734375 0.333984375 0.65234375 0.3310546875 0.650390625 0.3310546875 0.6484375 0.3359375 0.6484375 0.34375 0.650390625 0.3486328125 0.6494140625 0.349609375 0.64697265625 0.3564453125 0.646484375 0.3603515625 0.64599609375 0.3681640625 0.64697265625 0.3798828125 0.6455078125 0.3837890625 0.64453125 0.3876953125 0.64453125 0.390625 0.6455078125 0.390625 0.64794921875 0.388671875
7 0.71337890625 0.23828125 0.7138671875 0.267578125 0.72021484375 0.267578125 0.720703125 0.2373046875 0.71337890625 0.23828125
7 0.70458984375 0.2353515625 0.70654296875 0.2353515625 0.70654296875 0.224609375 0.6904296875 0.2255859375 0.6904296875 0.236328125 0.70458984375 0.2353515625
7 0.68701171875 0.287109375 0.68896484375 0.287109375 0.689453125 0.2822265625 0.689453125 0.2783203125 0.689453125 0.265625 0.68896484375 0.255859375 0.68701171875 0.2470703125 0.68603515625 0.2470703125 0.685546875 0.2509765625 0.68505859375 0.2568359375 0.68505859375 0.2685546875 0.68505859375 0.2744140625 0.68603515625 0.2822265625 0.68701171875 0.287109375
7 0.65576171875 0.3046875 0.66748046875 0.3037109375 0.6689453125 0.3017578125 0.6689453125 0.296875 0.6689453125 0.279296875 0.66796875 0.27734375 0.654296875 0.2783203125 0.6533203125 0.28125 0.654296875 0.3017578125 0.65478515625 0.3037109375 0.65576171875 0.3046875
4 0.70458984375 0.5703125 0.7158203125 0.5693359375 0.71923828125 0.5673828125 0.72021484375 0.5654296875 0.72216796875 0.5634765625 0.7265625 0.5302734375 0.7216796875 0.4853515625 0.7197265625 0.4814453125 0.7197265625 0.455078125 0.72119140625 0.4482421875 0.72412109375 0.4404296875 0.72216796875 0.35546875 0.71923828125 0.3447265625 0.71435546875 0.337890625 0.71240234375 0.33203125 0.71337890625 0.3251953125 0.71484375 0.3173828125 0.712890625 0.3095703125 0.71044921875 0.3056640625 0.70654296875 0.3037109375 0.70361328125 0.3037109375 0.70166015625 0.3056640625 0.69921875 0.3095703125 0.69775390625 0.314453125 0.697265625 0.32421875 0.6962890625 0.3291015625 0.69677734375 0.330078125 0.69873046875 0.337890625 0.7001953125 0.3447265625 0.7001953125 0.3486328125 0.7021484375 0.3486328125 0.7021484375 0.359375 0.69970703125 0.3740234375 0.69921875 0.3876953125 0.69775390625 0.3984375 0.69580078125 0.4091796875 0.69482421875 0.41796875 0.6962890625 0.421875 0.69873046875 0.427734375 0.69873046875 0.431640625 0.7001953125 0.4345703125 0.7001953125 0.447265625 0.70166015625 0.45703125 0.7021484375 0.47265625 0.7041015625 0.4814453125 0.7041015625 0.4931640625 0.70654296875 0.5009765625 0.7060546875 0.5068359375 0.7060546875 0.513671875 0.70703125 0.517578125 0.708984375 0.53125 0.71044921875 0.537109375 0.70947265625 0.5419921875 0.70947265625 0.546875 0.70849609375 0.5478515625 0.70849609375 0.5517578125 0.7060546875 0.5546875 0.70458984375 0.556640625 0.70458984375 0.5595703125 0.69921875 0.5634765625 0.69775390625 0.56640625 0.69775390625 0.5703125 0.69873046875 0.5703125 0.70458984375 0.5703125
7 0.80078125 0.0908203125 0.802734375 0.087890625 0.828125 0.0009765625 0.7685546875 0 0.787109375 0.060546875 0.79541015625 0.087890625 0.7978515625 0.091796875 0.80078125 0.0908203125
4 0.8369140625 0.40625 0.8369140625 0.4140625 0.8369140625 0.41796875 0.83447265625 0.4189453125 0.83447265625 0.4208984375 0.83447265625 0.4228515625 0.84423828125 0.423828125 0.8447265625 0.41796875 0.84326171875 0.40234375 0.84326171875 0.392578125 0.84228515625 0.384765625 0.84326171875 0.375 0.8447265625 0.365234375 0.84521484375 0.3525390625 0.84423828125 0.3408203125 0.8427734375 0.3369140625 0.8427734375 0.330078125 0.8408203125 0.32421875 0.83740234375 0.3232421875 0.8359375 0.3251953125 0.83251953125 0.3193359375 0.83251953125 0.3134765625 0.8310546875 0.30859375 0.8310546875 0.3095703125 0.83056640625 0.3125 0.82958984375 0.3134765625 0.8291015625 0.31640625 0.8310546875 0.3232421875 0.8310546875 0.326171875 0.8359375 0.341796875 0.83544921875 0.34765625 0.83447265625 0.3564453125 0.833984375 0.369140625 0.8349609375 0.3798828125 0.8349609375 0.38671875 0.8349609375 0.3984375 0.8369140625 0.40625
7 0.8876953125 0.1279296875 0.86328125 0.134765625 0.86328125 0.1552734375 0.8876953125 0.1484375 0.8876953125 0.1279296875