9 0.9931640625 0.19140625 0.98828125 0.1904296875 0.98681640625 0.185546875 0.9833984375 0.1826171875 0.978515625 0.181640625 0.97265625 0.1796875 0.9677734375 0.1796875 0.96337890625 0.1806640625 0.9619140625 0.18359375 0.95849609375 0.185546875 0.9560546875 0.1826171875 0.95361328125 0.1787109375 0.9521484375 0.181640625 0.94140625 0.1884765625 0.923828125 0.1953125 0.91748046875 0.2197265625 0.900390625 0.22265625 0.89111328125 0.2177734375 0.8876953125 0.21875 0.88671875 0.2265625 0.884765625 0.234375 0.88037109375 0.2373046875 0.876953125 0.236328125 0.87548828125 0.2373046875 0.8759765625 0.2421875 0.87646484375 0.2470703125 0.88232421875 0.2490234375 0.88134765625 0.314453125 0.8642578125 0.34375 0.86376953125 0.4052734375 0.86572265625 0.40625 0.8681640625 0.4013671875 0.87255859375 0.4150390625 0.875 0.4169921875 0.87451171875 0.404296875 0.88134765625 0.4033203125 0.88525390625 0.40234375 0.88916015625 0.40234375 0.892578125 0.3994140625 0.89501953125 0.3955078125 0.89794921875 0.39453125 0.90380859375 0.396484375 0.90625 0.412109375 0.90673828125 0.4296875 0.89892578125 0.431640625 0.89208984375 0.4326171875 0.88671875 0.4365234375 0.8828125 0.4443359375 0.88427734375 0.4853515625 0.99951171875 0.4873046875 0.99951171875 0.23828125 0.99951171875 0.185546875 0.99609375 0.1865234375 0.9931640625 0.19140625
4 0.89697265625 0.4296875 0.896484375 0.4248046875 0.89404296875 0.4208984375 0.89208984375 0.423828125 0.89111328125 0.427734375 0.888671875 0.4375 0.89697265625 0.4365234375 0.89501953125 0.431640625 0.89697265625 0.4296875
4 0.8671875 0.44921875 0.87109375 0.4501953125 0.87451171875 0.45703125 0.88671875 0.453125 0.8740234375 0.435546875 0.87548828125 0.4306640625 0.87646484375 0.42578125 0.87548828125 0.4208984375 0.8740234375 0.416015625 0.87158203125 0.41015625 0.869140625 0.41015625 0.8671875 0.4140625 0.86474609375 0.4169921875 0.86279296875 0.42578125 0.86328125 0.4365234375 0.86328125 0.4423828125 0.8671875 0.44921875
4 0.89013671875 0.419921875 0.888671875 0.416015625 0.88720703125 0.416015625 0.88525390625 0.41796875 0.88623046875 0.4130859375 0.88525390625 0.4091796875 0.88330078125 0.41015625 0.88232421875 0.4150390625 0.88134765625 0.41015625 0.8798828125 0.4189453125 0.87841796875 0.416015625 0.87890625 0.4267578125 0.88525390625 0.431640625 0.890625 0.42578125 0.89013671875 0.419921875
4 0.890625 0.42578125 0.89013671875 0.419921875 0.888671875 0.416015625 0.88720703125 0.416015625 0.88671875 0.4169921875 0.88623046875 0.4208984375 0.8857421875 0.4287109375 0.888671875 0.4384765625 0.890625 0.42578125
4 0.87841796875 0.416015625 0.87841796875 0.419921875 0.880859375 0.427734375 0.880859375 0.4287109375 0.88232421875 0.4189453125 0.88232421875 0.4150390625 0.88134765625 0.41015625 0.87939453125 0.41015625 0.87841796875 0.416015625
4 0.8759765625 0.4091796875 0.87255859375 0.408203125 0.86962890625 0.412109375 0.86865234375 0.4169921875 0.869140625 0.421875 0.87109375 0.4287109375 0.87353515625 0.431640625 0.873046875 0.435546875 0.86962890625 0.4306640625 0.8681640625 0.431640625 0.8681640625 0.4384765625 0.87060546875 0.44140625 0.87109375 0.447265625 0.873046875 0.451171875 0.8759765625 0.4521484375 0.8798828125 0.453125 0.87744140625 0.458984375 0.87744140625 0.462890625 0.876953125 0.4677734375 0.8798828125 0.474609375 0.888671875 0.4736328125 0.89306640625 0.46484375 0.89404296875 0.4541015625 0.892578125 0.4453125 0.890625 0.4365234375 0.8876953125 0.42578125 0.8818359375 0.41796875 0.87939453125 0.4169921875 0.87744140625 0.4130859375 0.8759765625 0.4091796875
4 0.72216796875 0.4599609375 0.72265625 0.43359375 0.712890625 0.423828125 0.7080078125 0.4248046875 0.70703125 0.4296875 0.7060546875 0.4365234375 0.70166015625 0.4482421875 0.6962890625 0.4814453125 0.720703125 0.4794921875 0.72216796875 0.4599609375
4 0.7109375 0.41015625 0.708984375 0.4140625 0.7080078125 0.4189453125 0.7080078125 0.42578125 0.70947265625 0.4296875 0.71044921875 0.43359375 0.70703125 0.439453125 0.7041015625 0.4443359375 0.70361328125 0.4521484375 0.7060546875 0.455078125 0.72412109375 0.453125 0.7177734375 0.4296875 0.7177734375 0.4169921875 0.7158203125 0.4130859375 0.7138671875 0.41015625 0.7109375 0.41015625
4 0.65478515625 0.4326171875 0.650390625 0.4208984375 0.63818359375 0.439453125 0.63818359375 0.4765625 0.6552734375 0.4736328125 0.65478515625 0.4326171875
9 0.841796875 0.3974609375 0.8466796875 0.4052734375 0.849609375 0.4140625 0.85205078125 0.404296875 0.85009765625 0.396484375 0.84765625 0.3916015625 0.8525390625 0.3935546875 0.85546875 0.390625 0.857421875 0.384765625 0.85791015625 0.376953125 0.8583984375 0.37109375 0.853515625 0.365234375 0.8466796875 0.3583984375 0.8525390625 0.353515625 0.8515625 0.3486328125 0.84716796875 0.341796875 0.84326171875 0.3408203125 0.83447265625 0.34375 0.83544921875 0.3349609375 0.833984375 0.33203125 0.8291015625 0.337890625 0.82666015625 0.3369140625 0.82275390625 0.3447265625 0.81982421875 0.3408203125 0.8134765625 0.3408203125 0.80908203125 0.3447265625 0.810546875 0.3544921875 0.814453125 0.357421875 0.81298828125 0.365234375 0.8076171875 0.365234375 0.8037109375 0.3623046875 0.7998046875 0.359375 0.7958984375 0.3564453125 0.7919921875 0.35546875 0.7890625 0.3564453125 0.7861328125 0.359375 0.78125 0.3623046875 0.7822265625 0.3701171875 0.7841796875 0.3798828125 0.78759765625 0.3857421875 0.7841796875 0.3896484375 0.78564453125 0.396484375 0.78515625 0.4013671875 0.78662109375 0.412109375 0.7919921875 0.4189453125 0.822265625 0.427734375 0.83935546875 0.408203125 0.841796875 0.3974609375
4 0.7802734375 0.3876953125 0.77880859375 0.376953125 0.77978515625 0.3720703125 0.78173828125 0.3701171875 0.7841796875 0.3681640625 0.7841796875 0.3583984375 0.7822265625 0.3525390625 0.78076171875 0.3466796875 0.77734375 0.3447265625 0.7734375 0.34765625 0.77197265625 0.3544921875 0.77197265625 0.359375 0.7724609375 0.365234375 0.77001953125 0.3681640625 0.76708984375 0.3701171875 0.76611328125 0.3759765625 0.76220703125 0.373046875 0.759765625 0.373046875 0.7578125 0.3779296875 0.7568359375 0.3857421875 0.75732421875 0.3935546875 0.7578125 0.40234375 0.75927734375 0.4091796875 0.76123046875 0.423828125 0.76123046875 0.4990234375 0.7685546875 0.5185546875 0.77197265625 0.515625 0.77392578125 0.5126953125 0.77587890625 0.5107421875 0.77197265625 0.5029296875 0.78173828125 0.4189453125 0.78173828125 0.4013671875 0.7802734375 0.3876953125
4 0.5888671875 0.40625 0.58837890625 0.412109375 0.58837890625 0.4169921875 0.58935546875 0.419921875 0.5888671875 0.427734375 0.58837890625 0.435546875 0.58935546875 0.4423828125 0.58935546875 0.4501953125 0.5888671875 0.4619140625 0.5888671875 0.4658203125 0.58984375 0.4716796875 0.5927734375 0.4833984375 0.595703125 0.46484375 0.5986328125 0.4375 0.5986328125 0.427734375 0.59521484375 0.4091796875 0.59326171875 0.40625 0.5908203125 0.4052734375 0.5888671875 0.40625
4 0.60546875 0.4873046875 0.60595703125 0.4794921875 0.60693359375 0.474609375 0.60791015625 0.4814453125 0.6083984375 0.4853515625 0.61083984375 0.48828125 0.611328125 0.4814453125 0.61328125 0.474609375 0.61328125 0.458984375 0.60986328125 0.4453125 0.609375 0.439453125 0.609375 0.4267578125 0.60888671875 0.419921875 0.607421875 0.4140625 0.60791015625 0.41015625 0.60791015625 0.4052734375 0.60546875 0.4033203125 0.6025390625 0.40234375 0.6005859375 0.4052734375 0.60107421875 0.4130859375 0.60205078125 0.41796875 0.60205078125 0.421875 0.60009765625 0.4296875 0.5966796875 0.4453125 0.60009765625 0.474609375 0.6015625 0.4873046875 0.60546875 0.4873046875
4 0.59033203125 0.4833984375 0.5888671875 0.4853515625 0.58837890625 0.48828125 0.59033203125 0.490234375 0.59375 0.490234375 0.59521484375 0.486328125 0.59619140625 0.4775390625 0.59619140625 0.4677734375 0.59716796875 0.4619140625 0.5986328125 0.47265625 0.59912109375 0.4833984375 0.59619140625 0.4892578125 0.59765625 0.4912109375 0.60107421875 0.4892578125 0.6025390625 0.4873046875 0.60302734375 0.4833984375 0.6025390625 0.47265625 0.6015625 0.4658203125 0.60107421875 0.45703125 0.60107421875 0.4521484375 0.60205078125 0.4443359375 0.603515625 0.439453125 0.60302734375 0.431640625 0.6015625 0.427734375 0.6005859375 0.421875 0.5986328125 0.4169921875 0.599609375 0.4140625 0.599609375 0.408203125 0.5986328125 0.40625 0.59619140625 0.4052734375 0.59375 0.4072265625 0.59326171875 0.4130859375 0.59375 0.41796875 0.5947265625 0.4208984375 0.59375 0.4267578125 0.5927734375 0.431640625 0.5927734375 0.439453125 0.59375 0.4453125 0.59130859375 0.4541015625 0.59130859375 0.4619140625 0.591796875 0.466796875 0.59130859375 0.4755859375 0.59033203125 0.4833984375
9 0.61376953125 0.43359375 0.61181640625 0.435546875 0.61083984375 0.443359375 0.609375 0.453125 0.6083984375 0.4619140625 0.609375 0.4677734375 0.611328125 0.4755859375 0.61376953125 0.4833984375 0.6171875 0.4775390625 0.61962890625 0.4736328125 0.625 0.4697265625 0.63525390625 0.4384765625 0.64013671875 0.419921875 0.64990234375 0.400390625 0.658203125 0.431640625 0.6650390625 0.4443359375 0.669921875 0.4638671875 0.67236328125 0.4716796875 0.6748046875 0.4775390625 0.6767578125 0.484375 0.68310546875 0.4833984375 0.68603515625 0.4736328125 0.68994140625 0.4658203125 0.69140625 0.4736328125 0.701171875 0.4716796875 0.7099609375 0.4697265625 0.72509765625 0.4697265625 0.72216796875 0.4560546875 0.7177734375 0.455078125 0.71435546875 0.451171875 0.7119140625 0.4501953125 0.70849609375 0.44921875 0.70458984375 0.44921875 0.69384765625 0.443359375 0.6884765625 0.384765625 0.68505859375 0.3759765625 0.6826171875 0.3759765625 0.68017578125 0.3720703125 0.67626953125 0.3779296875 0.67626953125 0.37109375 0.67822265625 0.361328125 0.6796875 0.353515625 0.68310546875 0.3447265625 0.6826171875 0.3369140625 0.6796875 0.3349609375 0.677734375 0.3359375 0.67724609375 0.330078125 0.67333984375 0.328125 0.67333984375 0.33203125 0.67138671875 0.333984375 0.66796875 0.333984375 0.6669921875 0.337890625 0.66748046875 0.34375 0.669921875 0.345703125 0.67236328125 0.345703125 0.6728515625 0.3466796875 0.67333984375 0.35546875 0.671875 0.3623046875 0.67138671875 0.3671875 0.67041015625 0.3740234375 0.67138671875 0.3837890625 0.6728515625 0.39453125 0.67236328125 0.408203125 0.6689453125 0.419921875 0.66015625 0.416015625 0.65478515625 0.396484375 0.6435546875 0.3994140625 0.63037109375 0.416015625 0.626953125 0.4326171875 0.62158203125 0.4296875 0.6181640625 0.431640625 0.61474609375 0.4375 0.61376953125 0.43359375
4 0.92919921875 0.51953125 0.92529296875 0.525390625 0.9267578125 0.5283203125 0.93603515625 0.5283203125 0.93701171875 0.5244140625 0.93701171875 0.513671875 0.9384765625 0.5087890625 0.939453125 0.5029296875 0.93994140625 0.490234375 0.93994140625 0.4814453125 0.94140625 0.4775390625 0.9443359375 0.4765625 0.94580078125 0.4833984375 0.9462890625 0.4912109375 0.9453125 0.5078125 0.94287109375 0.5146484375 0.93896484375 0.5244140625 0.9384765625 0.5302734375 0.9501953125 0.5302734375 0.951171875 0.52734375 0.9501953125 0.5224609375 0.951171875 0.515625 0.953125 0.501953125 0.9541015625 0.4921875 0.95361328125 0.4853515625 0.95361328125 0.4765625 0.9560546875 0.4736328125 0.95654296875 0.4541015625 0.9560546875 0.4423828125 0.9619140625 0.4423828125 0.96484375 0.44140625 0.9697265625 0.4384765625 0.9697265625 0.43359375 0.96875 0.42578125 0.9638671875 0.4130859375 0.9619140625 0.3955078125 0.95849609375 0.3896484375 0.95458984375 0.3779296875 0.95263671875 0.3642578125 0.9482421875 0.35546875 0.94482421875 0.349609375 0.94091796875 0.3486328125 0.93798828125 0.353515625 0.93603515625 0.359375 0.935546875 0.365234375 0.93603515625 0.3701171875 0.93798828125 0.3740234375 0.93603515625 0.376953125 0.93408203125 0.384765625 0.93310546875 0.4013671875 0.93359375 0.4130859375 0.9345703125 0.4169921875 0.9365234375 0.4169921875 0.9345703125 0.431640625 0.93115234375 0.4482421875 0.9287109375 0.4658203125 0.927734375 0.4755859375 0.93017578125 0.4775390625 0.9326171875 0.4765625 0.9326171875 0.4833984375 0.9326171875 0.5009765625 0.93212890625 0.5048828125 0.9306640625 0.5146484375 0.92919921875 0.51953125
4 0.89697265625 0.408203125 0.89794921875 0.4169921875 0.89794921875 0.4306640625 0.900390625 0.4326171875 0.9013671875 0.435546875 0.90234375 0.453125 0.90234375 0.4658203125 0.9033203125 0.484375 0.90478515625 0.50390625 0.90478515625 0.5146484375 0.90234375 0.5234375 0.9033203125 0.5283203125 0.90869140625 0.5283203125 0.9130859375 0.5283203125 0.9150390625 0.525390625 0.91552734375 0.521484375 0.91552734375 0.5126953125 0.9150390625 0.5029296875 0.916015625 0.4970703125 0.9189453125 0.486328125 0.92236328125 0.4619140625 0.92431640625 0.443359375 0.9248046875 0.4306640625 0.92529296875 0.427734375 0.9296875 0.419921875 0.9306640625 0.41015625 0.93212890625 0.3916015625 0.9306640625 0.3759765625 0.9287109375 0.3671875 0.92333984375 0.361328125 0.91845703125 0.357421875 0.9189453125 0.3525390625 0.9189453125 0.3466796875 0.91845703125 0.341796875 0.916015625 0.3359375 0.91259765625 0.3330078125 0.9091796875 0.3349609375 0.9072265625 0.341796875 0.9072265625 0.349609375 0.9091796875 0.357421875 0.90869140625 0.3603515625 0.90380859375 0.3623046875 0.90087890625 0.3662109375 0.89892578125 0.37109375 0.8984375 0.3759765625 0.89794921875 0.3837890625 0.8974609375 0.390625 0.89697265625 0.400390625 0.89697265625 0.408203125
7 0.92626953125 0.126953125 0.93798828125 0.05859375 0.9365234375 0.0556640625 0.93359375 0.056640625 0.9072265625 0.0693359375 0.9072265625 0.07421875 0.9091796875 0.0849609375 0.91455078125 0.107421875 0.92138671875 0.142578125 0.923828125 0.140625 0.92626953125 0.126953125
4 0.64697265625 0.4287109375 0.6474609375 0.435546875 0.64794921875 0.4443359375 0.6474609375 0.4541015625 0.6494140625 0.4619140625 0.6494140625 0.4677734375 0.6484375 0.4794921875 0.64892578125 0.4912109375 0.650390625 0.4990234375 0.650390625 0.5078125 0.6494140625 0.5126953125 0.64990234375 0.5205078125 0.6552734375 0.5205078125 0.65673828125 0.5166015625 0.65673828125 0.5107421875 0.6552734375 0.5068359375 0.65478515625 0.4990234375 0.65478515625 0.4931640625 0.65576171875 0.490234375 0.65576171875 0.484375 0.65576171875 0.474609375 0.6591796875 0.474609375 0.65966796875 0.4873046875 0.66259765625 0.513671875 0.66748046875 0.5166015625 0.671875 0.51953125 0.6748046875 0.521484375 0.67724609375 0.5185546875 0.6748046875 0.513671875 0.67236328125 0.5107421875 0.669921875 0.5029296875 0.66796875 0.4794921875 0.6669921875 0.46875 0.6630859375 0.455078125 0.6650390625 0.380859375 0.669921875 0.3759765625 0.673828125 0.3720703125 0.6767578125 0.369140625 0.6767578125 0.3662109375 0.6806640625 0.3642578125 0.68701171875 0.3603515625 0.6923828125 0.357421875 0.69384765625 0.349609375 0.68994140625 0.349609375 0.68408203125 0.349609375 0.67529296875 0.3505859375 0.66845703125 0.3525390625 0.66455078125 0.353515625 0.65869140625 0.35546875 0.66015625 0.349609375 0.6591796875 0.3447265625 0.658203125 0.3408203125 0.65625 0.3349609375 0.6533203125 0.3330078125 0.6494140625 0.333984375 0.64697265625 0.337890625 0.64501953125 0.34375 0.64501953125 0.3486328125 0.646484375 0.3544921875 0.64794921875 0.357421875 0.6484375 0.361328125 0.64697265625 0.3642578125 0.64208984375 0.37109375 0.64013671875 0.37890625 0.638671875 0.40234375 0.6376953125 0.4375 0.642578125 0.419921875 0.6455078125 0.421875 0.64697265625 0.4287109375
4 0.65234375 0.435546875 0.65283203125 0.4453125 0.65380859375 0.4541015625 0.65478515625 0.4638671875 0.65625 0.474609375 0.65673828125 0.48046875 0.6572265625 0.4892578125 0.658203125 0.498046875 0.65869140625 0.5048828125 0.65869140625 0.5107421875 0.65576171875 0.5146484375 0.654296875 0.5205078125 0.6572265625 0.5224609375 0.66064453125 0.521484375 0.6640625 0.5205078125 0.6640625 0.5107421875 0.6630859375 0.50390625 0.66259765625 0.4951171875 0.66259765625 0.4853515625 0.66259765625 0.4775390625 0.6640625 0.4775390625 0.66455078125 0.4892578125 0.66552734375 0.498046875 0.66650390625 0.50390625 0.666015625 0.513671875 0.6669921875 0.51953125 0.66748046875 0.521484375 0.67138671875 0.5224609375 0.6728515625 0.51953125 0.6728515625 0.5146484375 0.67138671875 0.5048828125 0.67236328125 0.4931640625 0.67236328125 0.478515625 0.6728515625 0.4736328125 0.6728515625 0.4619140625 0.67431640625 0.45703125 0.67626953125 0.451171875 0.673828125 0.4404296875 0.67626953125 0.43359375 0.677734375 0.4208984375 0.67822265625 0.4140625 0.6767578125 0.40625 0.67431640625 0.396484375 0.67236328125 0.3896484375 0.66845703125 0.384765625 0.669921875 0.376953125 0.6689453125 0.369140625 0.66748046875 0.3642578125 0.6630859375 0.3623046875 0.66015625 0.3671875 0.6591796875 0.3720703125 0.6591796875 0.380859375 0.66015625 0.3857421875 0.65576171875 0.388671875 0.65380859375 0.392578125 0.65234375 0.4052734375 0.6494140625 0.416015625 0.65087890625 0.4267578125 0.65234375 0.435546875
4 0.580078125 0.455078125 0.583984375 0.455078125 0.5849609375 0.4501953125 0.5849609375 0.439453125 0.5849609375 0.4287109375 0.58447265625 0.419921875 0.5830078125 0.4140625 0.5830078125 0.4072265625 0.5810546875 0.404296875 0.576171875 0.412109375 0.5732421875 0.423828125 0.5751953125 0.4453125 0.578125 0.44921875 0.580078125 0.455078125
4 0.68017578125 0.412109375 0.6796875 0.416015625 0.67919921875 0.419921875 0.6796875 0.4287109375 0.6826171875 0.4326171875 0.68359375 0.4404296875 0.68408203125 0.4521484375 0.685546875 0.45703125 0.6865234375 0.46484375 0.6865234375 0.4697265625 0.68505859375 0.4765625 0.68505859375 0.4853515625 0.68505859375 0.4931640625 0.68603515625 0.501953125 0.685546875 0.5087890625 0.68408203125 0.5126953125 0.6806640625 0.515625 0.68017578125 0.521484375 0.68212890625 0.5224609375 0.68896484375 0.5224609375 0.69140625 0.521484375 0.69140625 0.5185546875 0.6904296875 0.51171875 0.69140625 0.5048828125 0.6923828125 0.49609375 0.69287109375 0.48828125 0.69384765625 0.478515625 0.69384765625 0.4677734375 0.6943359375 0.4619140625 0.6953125 0.4560546875 0.6962890625 0.4677734375 0.697265625 0.478515625 0.69677734375 0.4892578125 0.69775390625 0.5 0.6982421875 0.5048828125 0.69775390625 0.5146484375 0.69677734375 0.5234375 0.70068359375 0.5234375 0.7041015625 0.5224609375 0.7041015625 0.5146484375 0.70263671875 0.5068359375 0.70458984375 0.49609375 0.705078125 0.4853515625 0.7041015625 0.474609375 0.70361328125 0.46484375 0.7041015625 0.4560546875 0.7060546875 0.4423828125 0.705078125 0.431640625 0.70751953125 0.427734375 0.70947265625 0.4150390625 0.70947265625 0.4033203125 0.70947265625 0.39453125 0.70703125 0.3857421875 0.7060546875 0.380859375 0.70361328125 0.3779296875 0.701171875 0.37109375 0.701171875 0.3662109375 0.70263671875 0.361328125 0.70361328125 0.3544921875 0.70361328125 0.3486328125 0.701171875 0.3427734375 0.697265625 0.3408203125 0.69482421875 0.341796875 0.69091796875 0.345703125 0.68896484375 0.3525390625 0.68896484375 0.359375 0.68896484375 0.3671875 0.6884765625 0.3701171875 0.68603515625 0.373046875 0.6845703125 0.37890625 0.68310546875 0.3857421875 0.68212890625 0.3935546875 0.68017578125 0.3974609375 0.67919921875 0.40234375 0.68017578125 0.412109375
4 0.55419921875 0.4716796875 0.55712890625 0.4765625 0.55712890625 0.4833984375 0.55419921875 0.486328125 0.5546875 0.48828125 0.55859375 0.48828125 0.56103515625 0.4873046875 0.5615234375 0.484375 0.56103515625 0.4736328125 0.560546875 0.46484375 0.560546875 0.4560546875 0.56103515625 0.44921875 0.5615234375 0.431640625 0.56005859375 0.41796875 0.5595703125 0.4033203125 0.5576171875 0.3974609375 0.5546875 0.400390625 0.55419921875 0.4033203125 0.55419921875 0.408203125 0.5546875 0.4150390625 0.55419921875 0.419921875 0.54931640625 0.4287109375 0.55126953125 0.4443359375 0.55224609375 0.4638671875 0.55419921875 0.4716796875
4 0.62451171875 0.498046875 0.625 0.5087890625 0.62451171875 0.5185546875 0.626953125 0.5205078125 0.6318359375 0.5205078125 0.6318359375 0.513671875 0.63232421875 0.50390625 0.6328125 0.49609375 0.63232421875 0.484375 0.6318359375 0.4736328125 0.6318359375 0.466796875 0.6318359375 0.45703125 0.63330078125 0.4521484375 0.63427734375 0.4619140625 0.634765625 0.47265625 0.63525390625 0.4951171875 0.634765625 0.5078125 0.63623046875 0.515625 0.63818359375 0.51953125 0.64208984375 0.51953125 0.64404296875 0.51953125 0.64404296875 0.5146484375 0.642578125 0.5107421875 0.64306640625 0.5048828125 0.64208984375 0.49609375 0.64306640625 0.4775390625 0.64453125 0.462890625 0.64453125 0.4453125 0.64501953125 0.4375 0.646484375 0.4287109375 0.64697265625 0.423828125 0.64794921875 0.41796875 0.64794921875 0.412109375 0.6455078125 0.404296875 0.6474609375 0.3994140625 0.6474609375 0.390625 0.6455078125 0.380859375 0.642578125 0.380859375 0.642578125 0.376953125 0.64208984375 0.3671875 0.64111328125 0.357421875 0.640625 0.34765625 0.63818359375 0.3427734375 0.6376953125 0.337890625 0.6376953125 0.33203125 0.64013671875 0.3291015625 0.638671875 0.3232421875 0.63720703125 0.314453125 0.63330078125 0.3115234375 0.62890625 0.3115234375 0.6259765625 0.31640625 0.625 0.3232421875 0.62548828125 0.3310546875 0.625 0.3369140625 0.62109375 0.33984375 0.61962890625 0.34375 0.619140625 0.3525390625 0.619140625 0.3720703125 0.61962890625 0.4033203125 0.62060546875 0.4150390625 0.62158203125 0.427734375 0.623046875 0.4375 0.623046875 0.458984375 0.62353515625 0.4736328125 0.6240234375 0.48828125 0.62451171875 0.498046875
4 0.5673828125 0.4853515625 0.5654296875 0.4990234375 0.56298828125 0.5029296875 0.56201171875 0.5078125 0.56396484375 0.5078125 0.57275390625 0.5087890625 0.578125 0.5087890625 0.57861328125 0.501953125 0.57861328125 0.4921875 0.5791015625 0.4814453125 0.57958984375 0.47265625 0.578125 0.46484375 0.578125 0.453125 0.57861328125 0.44140625 0.57861328125 0.4296875 0.5771484375 0.4208984375 0.5791015625 0.4130859375 0.583984375 0.4052734375 0.58984375 0.39453125 0.5908203125 0.3916015625 0.59033203125 0.3876953125 0.5869140625 0.376953125 0.5830078125 0.3671875 0.578125 0.361328125 0.576171875 0.3564453125 0.5771484375 0.349609375 0.57666015625 0.34375 0.57470703125 0.33984375 0.57080078125 0.3369140625 0.56787109375 0.337890625 0.56298828125 0.345703125 0.55810546875 0.3525390625 0.55419921875 0.3603515625 0.55419921875 0.3671875 0.55859375 0.373046875 0.5615234375 0.3779296875 0.5693359375 0.3818359375 0.56640625 0.4189453125 0.56689453125 0.4560546875 0.5673828125 0.4853515625
4 0.46826171875 0.39453125 0.4677734375 0.3994140625 0.46826171875 0.4052734375 0.46630859375 0.4091796875 0.46435546875 0.4150390625 0.4638671875 0.4208984375 0.4599609375 0.421875 0.45947265625 0.4287109375 0.47509765625 0.4287109375 0.4794921875 0.4091796875 0.4755859375 0.396484375 0.47216796875 0.3916015625 0.4697265625 0.390625 0.46826171875 0.39453125
2 0.46533203125 0.4873046875 0.4658203125 0.5 0.46875 0.5029296875 0.4736328125 0.50390625 0.4755859375 0.50390625 0.47705078125 0.498046875 0.47705078125 0.490234375 0.47998046875 0.4912109375 0.48046875 0.501953125 0.482421875 0.50390625 0.48583984375 0.50390625 0.48828125 0.5009765625 0.48828125 0.4951171875 0.48974609375 0.4892578125 0.49853515625 0.4921875 0.525390625 0.4921875 0.5302734375 0.4921875 0.53125 0.5029296875 0.533203125 0.50390625 0.541015625 0.5048828125 0.546875 0.5029296875 0.54736328125 0.48828125 0.54638671875 0.4541015625 0.5380859375 0.380859375 0.5341796875 0.369140625 0.5302734375 0.365234375 0.51904296875 0.361328125 0.48193359375 0.361328125 0.47998046875 0.3642578125 0.47802734375 0.3701171875 0.47607421875 0.380859375 0.4736328125 0.3974609375 0.47119140625 0.4130859375 0.47021484375 0.421875 0.470703125 0.4296875 0.46923828125 0.4326171875 0.46484375 0.44140625 0.4638671875 0.4501953125 0.46533203125 0.4638671875 0.4658203125 0.474609375 0.46533203125 0.4873046875
4 0.482421875 0.4892578125 0.48681640625 0.4921875 0.49169921875 0.4931640625 0.49072265625 0.5009765625 0.48876953125 0.5029296875 0.4833984375 0.5068359375 0.4833984375 0.51171875 0.48779296875 0.5126953125 0.49755859375 0.51171875 0.5 0.5107421875 0.50048828125 0.5078125 0.49951171875 0.4990234375 0.4990234375 0.4921875 0.5 0.4912109375 0.50146484375 0.4853515625 0.50146484375 0.4765625 0.50146484375 0.4599609375 0.5009765625 0.4423828125 0.50146484375 0.435546875 0.50341796875 0.4267578125 0.50439453125 0.4072265625 0.50390625 0.4013671875 0.5009765625 0.388671875 0.5009765625 0.3828125 0.501953125 0.37890625 0.50146484375 0.373046875 0.5 0.3662109375 0.49853515625 0.359375 0.49658203125 0.353515625 0.49365234375 0.3486328125 0.4892578125 0.349609375 0.4873046875 0.3525390625 0.486328125 0.359375 0.48681640625 0.3671875 0.4873046875 0.3779296875 0.48486328125 0.3828125 0.4833984375 0.388671875 0.4833984375 0.39453125 0.48193359375 0.3974609375 0.4775390625 0.4052734375 0.4765625 0.4130859375 0.4775390625 0.41796875 0.47998046875 0.4208984375 0.482421875 0.421875 0.48486328125 0.421875 0.48388671875 0.43359375 0.482421875 0.4521484375 0.48193359375 0.46875 0.4814453125 0.4814453125 0.482421875 0.4892578125
4 0.49853515625 0.4150390625 0.49853515625 0.4248046875 0.49951171875 0.4287109375 0.5009765625 0.43359375 0.50341796875 0.439453125 0.5048828125 0.4443359375 0.50732421875 0.4453125 0.50732421875 0.4541015625 0.50732421875 0.466796875 0.50732421875 0.478515625 0.5078125 0.4921875 0.50927734375 0.5048828125 0.509765625 0.513671875 0.51171875 0.51953125 0.51806640625 0.51953125 0.5205078125 0.5185546875 0.52197265625 0.513671875 0.5205078125 0.5078125 0.52197265625 0.4990234375 0.5224609375 0.48828125 0.5224609375 0.4736328125 0.5224609375 0.46484375 0.52392578125 0.4541015625 0.52490234375 0.4482421875 0.52734375 0.447265625 0.5283203125 0.44140625 0.52978515625 0.439453125 0.533203125 0.44140625 0.53515625 0.408203125 0.5302734375 0.3828125 0.5283203125 0.376953125 0.5244140625 0.3701171875 0.52392578125 0.3662109375 0.525390625 0.361328125 0.525390625 0.353515625 0.52392578125 0.34375 0.5224609375 0.3408203125 0.5185546875 0.33984375 0.515625 0.341796875 0.51416015625 0.3447265625 0.513671875 0.3505859375 0.51220703125 0.3564453125 0.5126953125 0.3642578125 0.509765625 0.3681640625 0.5068359375 0.3701171875 0.5048828125 0.3759765625 0.50244140625 0.388671875 0.5009765625 0.4013671875 0.5 0.40625 0.49853515625 0.4150390625
4 0.5595703125 0.455078125 0.56005859375 0.4677734375 0.5615234375 0.4765625 0.56396484375 0.4833984375 0.56494140625 0.4990234375 0.56591796875 0.5078125 0.56201171875 0.5107421875 0.56005859375 0.51171875 0.55908203125 0.515625 0.560546875 0.51953125 0.56640625 0.51953125 0.57177734375 0.5185546875 0.57373046875 0.5205078125 0.578125 0.521484375 0.57958984375 0.5185546875 0.5791015625 0.513671875 0.5771484375 0.51171875 0.57666015625 0.5068359375 0.57666015625 0.4951171875 0.576171875 0.48046875 0.57568359375 0.466796875 0.57470703125 0.4599609375 0.576171875 0.4501953125 0.578125 0.4375 0.57861328125 0.427734375 0.5791015625 0.416015625 0.5791015625 0.4033203125 0.5791015625 0.3935546875 0.57958984375 0.3837890625 0.57861328125 0.376953125 0.5771484375 0.369140625 0.57666015625 0.3603515625 0.5732421875 0.3564453125 0.572265625 0.349609375 0.56982421875 0.345703125 0.5654296875 0.3447265625 0.56298828125 0.34765625 0.5615234375 0.3525390625 0.56103515625 0.357421875 0.56103515625 0.3623046875 0.56298828125 0.3681640625 0.56494140625 0.37109375 0.56298828125 0.3740234375 0.56103515625 0.3798828125 0.55908203125 0.390625 0.5576171875 0.404296875 0.55517578125 0.416015625 0.5517578125 0.4296875 0.5498046875 0.451171875 0.5556640625 0.453125 0.5595703125 0.455078125
4 0.53076171875 0.431640625 0.53076171875 0.4453125 0.5322265625 0.458984375 0.533203125 0.46875 0.53369140625 0.4794921875 0.53466796875 0.4931640625 0.53515625 0.501953125 0.53369140625 0.5078125 0.52978515625 0.5126953125 0.5302734375 0.5166015625 0.5341796875 0.5166015625 0.537109375 0.515625 0.53955078125 0.5126953125 0.5400390625 0.5068359375 0.54052734375 0.490234375 0.541015625 0.478515625 0.541015625 0.466796875 0.54150390625 0.4638671875 0.54345703125 0.4658203125 0.5439453125 0.4736328125 0.54541015625 0.4833984375 0.544921875 0.4970703125 0.5439453125 0.5087890625 0.54248046875 0.51171875 0.54248046875 0.5166015625 0.5458984375 0.5185546875 0.54931640625 0.5166015625 0.5498046875 0.5126953125 0.55029296875 0.5009765625 0.5517578125 0.48828125 0.55224609375 0.4755859375 0.55322265625 0.4697265625 0.55517578125 0.46484375 0.5576171875 0.4560546875 0.55810546875 0.451171875 0.5576171875 0.4384765625 0.55810546875 0.4306640625 0.55517578125 0.4189453125 0.55224609375 0.416015625 0.55224609375 0.408203125 0.552734375 0.3935546875 0.552734375 0.3798828125 0.5498046875 0.3740234375 0.54638671875 0.3720703125 0.544921875 0.369140625 0.544921875 0.3662109375 0.54638671875 0.3603515625 0.546875 0.35546875 0.54638671875 0.3505859375 0.5439453125 0.3466796875 0.5400390625 0.345703125 0.53662109375 0.34765625 0.53515625 0.3544921875 0.53466796875 0.3603515625 0.53564453125 0.3671875 0.53662109375 0.37109375 0.53515625 0.3759765625 0.533203125 0.3779296875 0.53125 0.3818359375 0.53076171875 0.3896484375 0.5302734375 0.40234375 0.52978515625 0.4130859375 0.5302734375 0.423828125 0.53076171875 0.431640625
0 0.4404296875 0.498046875 0.44189453125 0.49609375 0.4423828125 0.4912109375 0.44482421875 0.4873046875 0.44775390625 0.486328125 0.44873046875 0.4912109375 0.4501953125 0.49609375 0.45263671875 0.5 0.45654296875 0.5 0.4599609375 0.4951171875 0.46337890625 0.486328125 0.46435546875 0.474609375 0.4638671875 0.46484375 0.4609375 0.458984375 0.45849609375 0.455078125 0.458984375 0.4443359375 0.4560546875 0.4423828125 0.453125 0.4384765625 0.44677734375 0.4375 0.44091796875 0.4404296875 0.42919921875 0.4541015625 0.43505859375 0.486328125 0.43896484375 0.49609375 0.4404296875 0.498046875
4 0.3017578125 0.4072265625 0.302734375 0.404296875 0.3017578125 0.400390625 0.29931640625 0.3994140625 0.2978515625 0.4033203125 0.29736328125 0.4091796875 0.2958984375 0.4169921875 0.29638671875 0.4326171875 0.30029296875 0.42578125 0.30126953125 0.412109375 0.3017578125 0.4072265625
4 0.29345703125 0.4140625 0.29296875 0.4091796875 0.2939453125 0.4052734375 0.29248046875 0.4013671875 0.29052734375 0.400390625 0.28955078125 0.404296875 0.28759765625 0.4072265625 0.2861328125 0.408203125 0.28515625 0.4130859375 0.28515625 0.41796875 0.287109375 0.4326171875 0.2939453125 0.4296875 0.2939453125 0.4189453125 0.29345703125 0.4140625
4 0.31103515625 0.41015625 0.310546875 0.4052734375 0.30908203125 0.4013671875 0.30712890625 0.400390625 0.3046875 0.40234375 0.30419921875 0.40625 0.302734375 0.412109375 0.30029296875 0.4150390625 0.298828125 0.4208984375 0.29931640625 0.4306640625 0.30810546875 0.423828125 0.310546875 0.4140625 0.31103515625 0.41015625
4 0.29931640625 0.412109375 0.29833984375 0.4072265625 0.2958984375 0.4052734375 0.2939453125 0.4072265625 0.2939453125 0.412109375 0.29296875 0.4169921875 0.29345703125 0.421875 0.29541015625 0.4296875 0.298828125 0.4296875 0.2978515625 0.41796875 0.29931640625 0.412109375
4 0.28466796875 0.41015625 0.28369140625 0.40625 0.2841796875 0.400390625 0.28173828125 0.3955078125 0.279296875 0.3955078125 0.27783203125 0.3994140625 0.27783203125 0.4052734375 0.27734375 0.412109375 0.27587890625 0.41796875 0.2744140625 0.4267578125 0.28466796875 0.4248046875 0.28515625 0.419921875 0.28466796875 0.41015625
4 0.275390625 0.41796875 0.2763671875 0.4169921875 0.27587890625 0.412109375 0.27490234375 0.408203125 0.2734375 0.4072265625 0.27197265625 0.4091796875 0.2705078125 0.4150390625 0.2685546875 0.421875 0.2666015625 0.4365234375 0.2734375 0.4375 0.2763671875 0.42578125 0.275390625 0.41796875
4 0.27490234375 0.427734375 0.2734375 0.4248046875 0.2705078125 0.4208984375 0.26904296875 0.4150390625 0.26708984375 0.408203125 0.2685546875 0.4033203125 0.26904296875 0.396484375 0.26708984375 0.392578125 0.26416015625 0.392578125 0.2626953125 0.3955078125 0.26171875 0.4013671875 0.26025390625 0.4052734375 0.25830078125 0.412109375 0.2568359375 0.4150390625 0.25634765625 0.421875 0.2568359375 0.4365234375 0.267578125 0.4384765625 0.2734375 0.431640625 0.27490234375 0.427734375
4 0.11376953125 0.40234375 0.11328125 0.3955078125 0.11181640625 0.392578125 0.109375 0.3955078125 0.10693359375 0.40234375 0.107421875 0.412109375 0.107421875 0.4306640625 0.11767578125 0.4326171875 0.11669921875 0.4169921875 0.11376953125 0.40234375
4 0.11181640625 0.4130859375 0.11083984375 0.4072265625 0.10888671875 0.40234375 0.109375 0.396484375 0.109375 0.3916015625 0.107421875 0.3896484375 0.10498046875 0.3896484375 0.10302734375 0.392578125 0.1025390625 0.3994140625 0.1025390625 0.404296875 0.10107421875 0.408203125 0.10009765625 0.4140625 0.10009765625 0.421875 0.1005859375 0.435546875 0.10693359375 0.435546875 0.11181640625 0.4267578125 0.11181640625 0.4130859375
4 0.126953125 0.400390625 0.12451171875 0.396484375 0.12451171875 0.3916015625 0.1240234375 0.3857421875 0.12158203125 0.3837890625 0.119140625 0.384765625 0.1181640625 0.3896484375 0.1181640625 0.39453125 0.11865234375 0.3994140625 0.11962890625 0.40234375 0.1181640625 0.4091796875 0.1181640625 0.416015625 0.119140625 0.4296875 0.13037109375 0.42578125 0.12939453125 0.4091796875 0.126953125 0.400390625
4 0.1171875 0.412109375 0.1181640625 0.4052734375 0.11767578125 0.400390625 0.11669921875 0.3955078125 0.1142578125 0.3935546875 0.11279296875 0.3935546875 0.111328125 0.3955078125 0.111328125 0.4013671875 0.11083984375 0.4052734375 0.10791015625 0.4091796875 0.1064453125 0.4150390625 0.10546875 0.419921875 0.103515625 0.43359375 0.119140625 0.4296875 0.11865234375 0.4208984375 0.1171875 0.412109375
4 0 0.43359375 0.00439453125 0.4296875 0.00390625 0.419921875 0.00244140625 0.4150390625 0.00244140625 0.41015625 0.00244140625 0.4052734375 0 0.40234375 0 0.43359375
0 0.0205078125 0.4951171875 0.0244140625 0.4921875 0.02880859375 0.4951171875 0.033203125 0.4921875 0.037109375 0.4853515625 0.03369140625 0.4677734375 0.01611328125 0.4619140625 0.009765625 0.4833984375 0.009765625 0.490234375 0.015625 0.4921875 0.0205078125 0.4951171875
3 0.1669921875 0.49609375 0.17041015625 0.4931640625 0.17333984375 0.4931640625 0.17626953125 0.4921875 0.17529296875 0.4833984375 0.16455078125 0.4794921875 0.162109375 0.48828125 0.16259765625 0.4921875 0.16455078125 0.4951171875 0.1669921875 0.49609375
0 0.21435546875 0.49609375 0.2158203125 0.4921875 0.216796875 0.4814453125 0.208984375 0.47265625 0.20654296875 0.4833984375 0.20654296875 0.4912109375 0.208984375 0.4951171875 0.21435546875 0.49609375
0 0.26611328125 0.4912109375 0.26806640625 0.49609375 0.27197265625 0.49609375 0.27294921875 0.48828125 0.2744140625 0.4892578125 0.27587890625 0.49609375 0.279296875 0.4931640625 0.28173828125 0.4970703125 0.28515625 0.4970703125 0.2861328125 0.4921875 0.28759765625 0.4951171875 0.29052734375 0.4931640625 0.29248046875 0.4833984375 0.28759765625 0.4736328125 0.2822265625 0.466796875 0.283203125 0.451171875 0.28076171875 0.43359375 0.279296875 0.43359375 0.27294921875 0.43359375 0.27197265625 0.4296875 0.2685546875 0.4287109375 0.2666015625 0.431640625 0.27001953125 0.4375 0.26611328125 0.4375 0.2626953125 0.44140625 0.2607421875 0.4599609375 0.26416015625 0.47265625 0.26513671875 0.4853515625 0.26611328125 0.4912109375
7 0.47607421875 0.26953125 0.47607421875 0.2578125 0.47509765625 0.2431640625 0.47265625 0.236328125 0.46875 0.236328125 0.46630859375 0.2412109375 0.46484375 0.2529296875 0.46533203125 0.265625 0.46630859375 0.2783203125 0.46826171875 0.294921875 0.47119140625 0.2861328125 0.47412109375 0.27734375 0.47607421875 0.26953125
7 0.47216796875 0.3125 0.4736328125 0.3125 0.47412109375 0.2890625 0.4697265625 0.2841796875 0.46533203125 0.2802734375 0.46435546875 0.3056640625 0.47216796875 0.3125
2 0.29736328125 0.4208984375 0.2880859375 0.427734375 0.283203125 0.4287109375 0.27783203125 0.4384765625 0.2744140625 0.4482421875 0.2734375 0.4609375 0.27392578125 0.474609375 0.2744140625 0.4833984375 0.27783203125 0.4853515625 0.2841796875 0.48828125 0.29052734375 0.4892578125 0.29248046875 0.4951171875 0.2978515625 0.501953125 0.30615234375 0.5029296875 0.3134765625 0.5009765625 0.31787109375 0.5029296875 0.328125 0.501953125 0.3310546875 0.49609375 0.33349609375 0.4892578125 0.39892578125 0.4873046875 0.40283203125 0.4951171875 0.40625 0.5009765625 0.41259765625 0.5029296875 0.42138671875 0.50390625 0.4267578125 0.50390625 0.4326171875 0.5029296875 0.43603515625 0.498046875 0.439453125 0.4873046875 0.44482421875 0.4873046875 0.44873046875 0.48046875 0.45068359375 0.4609375 0.45068359375 0.4521484375 0.447265625 0.447265625 0.44677734375 0.4306640625 0.44580078125 0.416015625 0.44384765625 0.4052734375 0.43701171875 0.39453125 0.43359375 0.3837890625 0.43017578125 0.37890625 0.41845703125 0.3779296875 0.4287109375 0.3486328125 0.427734375 0.345703125 0.4150390625 0.376953125 0.37646484375 0.3720703125 0.35888671875 0.3740234375 0.34375 0.3828125 0.33447265625 0.390625 0.3203125 0.4072265625 0.31640625 0.4140625 0.3115234375 0.4150390625 0.29736328125 0.4208984375
7 0.0478515625 0.3115234375 0.0498046875 0.3056640625 0.05029296875 0.2958984375 0.048828125 0.287109375 0.0458984375 0.28125 0.04052734375 0.27734375 0.03466796875 0.2783203125 0.029296875 0.2861328125 0.02734375 0.294921875 0.02734375 0.3056640625 0.03076171875 0.314453125 0.0380859375 0.3212890625 0.04052734375 0.322265625 0.0439453125 0.3173828125 0.0478515625 0.3115234375
7 0.04736328125 0.33203125 0.0478515625 0.3173828125 0.03759765625 0.3173828125 0.03173828125 0.3173828125 0.03173828125 0.33203125 0.04736328125 0.33203125
2 0 0.4892578125 0.0322265625 0.4853515625 0.03466796875 0.490234375 0.037109375 0.49609375 0.041015625 0.4970703125 0.046875 0.4970703125 0.0537109375 0.4970703125 0.05810546875 0.4970703125 0.06005859375 0.48828125 0.09375 0.48828125 0.103515625 0.4326171875 0.10302734375 0.4248046875 0.099609375 0.419921875 0.0947265625 0.41015625 0.08935546875 0.40234375 0.08349609375 0.3994140625 0.06494140625 0.3955078125 0.05517578125 0.3935546875 0.025390625 0.3955078125 0.01904296875 0.400390625 0.0068359375 0.416015625 0.0048828125 0.4169921875 0 0.4248046875 0 0.4599609375 0 0.4892578125
2 0.11474609375 0.41796875 0.0986328125 0.423828125 0.0888671875 0.4306640625 0.0830078125 0.4423828125 0.080078125 0.45703125 0.0791015625 0.4716796875 0.07958984375 0.4814453125 0.08154296875 0.4853515625 0.0869140625 0.4873046875 0.087890625 0.4912109375 0.0908203125 0.4970703125 0.09375 0.4990234375 0.1025390625 0.4990234375 0.10791015625 0.498046875 0.10986328125 0.4951171875 0.1123046875 0.4892578125 0.13671875 0.490234375 0.138671875 0.4931640625 0.14306640625 0.4990234375 0.14990234375 0.5 0.15380859375 0.4990234375 0.15673828125 0.4931640625 0.16015625 0.4873046875 0.18017578125 0.48828125 0.18359375 0.4921875 0.18798828125 0.5 0.1962890625 0.501953125 0.203125 0.5009765625 0.20703125 0.4931640625 0.21044921875 0.4873046875 0.22607421875 0.48828125 0.22998046875 0.49609375 0.23291015625 0.5009765625 0.24169921875 0.501953125 0.24609375 0.5009765625 0.2509765625 0.4951171875 0.25390625 0.484375 0.265625 0.4794921875 0.26806640625 0.4755859375 0.26904296875 0.462890625 0.2685546875 0.44921875 0.26708984375 0.44140625 0.267578125 0.43359375 0.267578125 0.4287109375 0.26513671875 0.423828125 0.2548828125 0.416015625 0.2421875 0.4052734375 0.21875 0.390625 0.20751953125 0.3876953125 0.19775390625 0.384765625 0.16650390625 0.3828125 0.1591796875 0.3837890625 0.1513671875 0.3828125 0.14306640625 0.3916015625 0.13330078125 0.4033203125 0.12744140625 0.4072265625 0.12060546875 0.4140625 0.11474609375 0.41796875
7 0.220703125 0.251953125 0.23779296875 0.255859375 0.2373046875 0.1455078125 0.2216796875 0.1376953125 0.220703125 0.251953125
4 0.76611328125 0.3759765625 0.76416015625 0.3740234375 0.765625 0.3798828125 0.76806640625 0.3798828125 0.7685546875 0.3779296875 0.76953125 0.3759765625 0.77001953125 0.37109375 0.77197265625 0.3681640625 0.771484375 0.3662109375 0.77001953125 0.3681640625 0.76708984375 0.3701171875 0.76611328125 0.3759765625