9 0.697265625 0.416015625 0.7333984375 0.427734375 0.74755859375 0.4130859375 0.7509765625 0.373046875 0.74755859375 0.3291015625 0.73974609375 0.3232421875 0.734375 0.314453125 0.7275390625 0.314453125 0.724609375 0.3203125 0.71826171875 0.32421875 0.70947265625 0.3251953125 0.70654296875 0.310546875 0.69775390625 0.2890625 0.69580078125 0.275390625 0.69140625 0.2744140625 0.68994140625 0.2783203125 0.68505859375 0.2724609375 0.68115234375 0.2626953125 0.67724609375 0.26171875 0.671875 0.26171875 0.66748046875 0.263671875 0.6630859375 0.265625 0.66015625 0.2646484375 0.65576171875 0.265625 0.650390625 0.2578125 0.646484375 0.251953125 0.6416015625 0.2490234375 0.63671875 0.2490234375 0.6357421875 0.2421875 0.63330078125 0.2373046875 0.6298828125 0.2373046875 0.6259765625 0.240234375 0.6240234375 0.23828125 0.6201171875 0.2373046875 0.6171875 0.2392578125 0.6123046875 0.2421875 0.60791015625 0.24609375 0.60546875 0.2490234375 0.60205078125 0.2490234375 0.60009765625 0.240234375 0.59619140625 0.240234375 0.59130859375 0.23828125 0.587890625 0.240234375 0.58544921875 0.2451171875 0.56787109375 0.2431640625 0.55908203125 0.3603515625 0.591796875 0.4130859375 0.697265625 0.416015625
9 0 0.3291015625 0.025390625 0.3857421875 0.0263671875 0.3203125 0.0400390625 0.3095703125 0.05712890625 0.28515625 0.06005859375 0.26953125 0.06982421875 0.2626953125 0.07666015625 0.2587890625 0.0732421875 0.25390625 0.06884765625 0.248046875 0.06640625 0.236328125 0.06396484375 0.2265625 0.0595703125 0.2294921875 0.05712890625 0.2353515625 0.05322265625 0.2431640625 0.041015625 0.224609375 0.04150390625 0.1943359375 0.0400390625 0.1826171875 0.0390625 0.17578125 0.037109375 0.1669921875 0.03466796875 0.1689453125 0.033203125 0.171875 0.02978515625 0.17578125 0.02880859375 0.189453125 0.02734375 0.19140625 0.01904296875 0.1982421875 0.01220703125 0.2041015625 0.01171875 0.228515625 0 0.23046875 0 0.3291015625
4 0.037109375 0.3720703125 0.03076171875 0.3583984375 0.03125 0.353515625 0.03369140625 0.34765625 0.033203125 0.345703125 0.03173828125 0.341796875 0.02880859375 0.3408203125 0.02587890625 0.3408203125 0.0234375 0.3427734375 0.02001953125 0.3486328125 0.01708984375 0.3837890625 0.03515625 0.400390625 0.037109375 0.3720703125
7 0.03955078125 0.2705078125 0.0546875 0.2734375 0.0546875 0.2705078125 0.0546875 0.228515625 0.05029296875 0.2255859375 0.0439453125 0.2236328125 0.03369140625 0.2236328125 0.025390625 0.22265625 0.02490234375 0.2705078125 0.03955078125 0.2705078125
4 0.25927734375 0.3818359375 0.2568359375 0.3818359375 0.25537109375 0.384765625 0.25146484375 0.390625 0.26318359375 0.3955078125 0.26123046875 0.384765625 0.25927734375 0.3818359375
4 0.11474609375 0.3828125 0.1123046875 0.373046875 0.10791015625 0.3623046875 0.1083984375 0.359375 0.10888671875 0.357421875 0.10888671875 0.3544921875 0.10791015625 0.3525390625 0.1064453125 0.3505859375 0.10498046875 0.3505859375 0.1044921875 0.3544921875 0.10498046875 0.359375 0.1025390625 0.361328125 0.099609375 0.3701171875 0.09619140625 0.380859375 0.09716796875 0.390625 0.11279296875 0.390625 0.11474609375 0.3828125
4 0.2041015625 0.376953125 0.201171875 0.369140625 0.2001953125 0.3662109375 0.1982421875 0.361328125 0.1962890625 0.3603515625 0.19482421875 0.3642578125 0.1953125 0.369140625 0.1953125 0.3759765625 0.1923828125 0.380859375 0.19091796875 0.388671875 0.20458984375 0.3916015625 0.205078125 0.3818359375 0.2041015625 0.376953125
4 0.2216796875 0.3837890625 0.22216796875 0.3798828125 0.2216796875 0.3759765625 0.21923828125 0.3740234375 0.2158203125 0.37890625 0.2119140625 0.3916015625 0.2255859375 0.3916015625 0.2216796875 0.3837890625
4 0.25341796875 0.3876953125 0.25244140625 0.3818359375 0.25048828125 0.3818359375 0.2490234375 0.3837890625 0.24658203125 0.3896484375 0.24609375 0.3935546875 0.25390625 0.3935546875 0.25341796875 0.3876953125
4 0.13037109375 0.3681640625 0.13037109375 0.361328125 0.12744140625 0.359375 0.125 0.3603515625 0.12451171875 0.365234375 0.12353515625 0.3701171875 0.12109375 0.37109375 0.12109375 0.3837890625 0.12109375 0.39453125 0.1328125 0.3896484375 0.1298828125 0.373046875 0.13037109375 0.3681640625
9 0.17626953125 0.3828125 0.18017578125 0.3720703125 0.17724609375 0.3662109375 0.17236328125 0.3642578125 0.16796875 0.3603515625 0.16552734375 0.361328125 0.16162109375 0.3671875 0.158203125 0.369140625 0.1572265625 0.3837890625 0.16259765625 0.384765625 0.17626953125 0.3828125
4 0.18505859375 0.384765625 0.1845703125 0.3798828125 0.18408203125 0.3759765625 0.18115234375 0.369140625 0.1787109375 0.3662109375 0.17529296875 0.365234375 0.17529296875 0.388671875 0.1845703125 0.3896484375 0.18505859375 0.384765625
0 0.1064453125 0.3994140625 0.10498046875 0.4033203125 0.10302734375 0.408203125 0.10302734375 0.416015625 0.10498046875 0.423828125 0.10693359375 0.4267578125 0.10986328125 0.4287109375 0.11328125 0.427734375 0.115234375 0.4248046875 0.11767578125 0.421875 0.123046875 0.421875 0.125 0.4248046875 0.12744140625 0.4296875 0.13134765625 0.4306640625 0.1357421875 0.427734375 0.13671875 0.4189453125 0.13671875 0.41015625 0.13525390625 0.4033203125 0.13134765625 0.400390625 0.12841796875 0.3994140625 0.126953125 0.3916015625 0.12646484375 0.37890625 0.12841796875 0.3779296875 0.12548828125 0.3740234375 0.12548828125 0.3779296875 0.12548828125 0.3818359375 0.12060546875 0.3798828125 0.12548828125 0.3837890625 0.12548828125 0.388671875 0.125 0.3974609375 0.12158203125 0.3994140625 0.11328125 0.3955078125 0.107421875 0.396484375 0.1064453125 0.3994140625
6 0.10791015625 0.3896484375 0.1064453125 0.3935546875 0.10498046875 0.4013671875 0.11083984375 0.4267578125 0.11328125 0.427734375 0.11376953125 0.4267578125 0.11279296875 0.4208984375 0.11279296875 0.4130859375 0.1123046875 0.41015625 0.1142578125 0.404296875 0.11669921875 0.4013671875 0.1181640625 0.396484375 0.1181640625 0.3916015625 0.11962890625 0.3876953125 0.1181640625 0.380859375 0.12060546875 0.37890625 0.12060546875 0.3740234375 0.1181640625 0.373046875 0.11669921875 0.3701171875 0.11669921875 0.3681640625 0.11767578125 0.3671875 0.1181640625 0.365234375 0.11865234375 0.361328125 0.11767578125 0.3583984375 0.1142578125 0.3564453125 0.11181640625 0.359375 0.111328125 0.3720703125 0.11083984375 0.37890625 0.109375 0.3837890625 0.10791015625 0.3896484375
0 0.15625 0.3916015625 0.15673828125 0.3955078125 0.1572265625 0.40234375 0.15869140625 0.4091796875 0.15966796875 0.4091796875 0.16162109375 0.4140625 0.1630859375 0.416015625 0.1650390625 0.4189453125 0.16748046875 0.4189453125 0.16845703125 0.4169921875 0.16845703125 0.4130859375 0.16796875 0.4072265625 0.16552734375 0.4033203125 0.1611328125 0.4013671875 0.158203125 0.3828125 0.15625 0.3818359375 0.15673828125 0.3857421875 0.15625 0.3916015625
0 0.13720703125 0.4248046875 0.138671875 0.4287109375 0.14111328125 0.4306640625 0.14404296875 0.431640625 0.146484375 0.4296875 0.14794921875 0.423828125 0.150390625 0.419921875 0.15283203125 0.41796875 0.15478515625 0.41796875 0.15625 0.4248046875 0.1572265625 0.4296875 0.1611328125 0.4326171875 0.1650390625 0.4306640625 0.16650390625 0.4267578125 0.16748046875 0.4208984375 0.16650390625 0.416015625 0.16552734375 0.412109375 0.162109375 0.41015625 0.15869140625 0.41015625 0.15673828125 0.4013671875 0.158203125 0.3974609375 0.15673828125 0.3876953125 0.15625 0.3837890625 0.1533203125 0.40234375 0.150390625 0.4052734375 0.14697265625 0.400390625 0.146484375 0.3994140625 0.14208984375 0.3994140625 0.1376953125 0.40234375 0.13623046875 0.4091796875 0.1357421875 0.4169921875 0.13720703125 0.4248046875
6 0.14990234375 0.3623046875 0.14990234375 0.369140625 0.15087890625 0.3740234375 0.1513671875 0.3798828125 0.1572265625 0.3837890625 0.15625 0.3818359375 0.15478515625 0.37109375 0.15576171875 0.3623046875 0.15576171875 0.357421875 0.1552734375 0.3544921875 0.1533203125 0.3525390625 0.150390625 0.3544921875 0.15087890625 0.357421875 0.150390625 0.3603515625 0.14990234375 0.3623046875
6 0.14306640625 0.4091796875 0.14208984375 0.423828125 0.13916015625 0.42578125 0.1416015625 0.4306640625 0.14453125 0.4267578125 0.146484375 0.4150390625 0.14794921875 0.3974609375 0.15234375 0.396484375 0.15283203125 0.390625 0.15234375 0.3876953125 0.154296875 0.3857421875 0.15576171875 0.3837890625 0.1533203125 0.3818359375 0.1513671875 0.3779296875 0.1513671875 0.37109375 0.150390625 0.3681640625 0.15087890625 0.3642578125 0.15087890625 0.359375 0.14990234375 0.35546875 0.1474609375 0.35546875 0.14501953125 0.3603515625 0.14404296875 0.365234375 0.142578125 0.37109375 0.14208984375 0.3818359375 0.138671875 0.3896484375 0.14306640625 0.39453125 0.14306640625 0.4091796875
0 0.0693359375 0.44140625 0.07275390625 0.451171875 0.0791015625 0.4521484375 0.08349609375 0.447265625 0.08544921875 0.439453125 0.0888671875 0.4384765625 0.09521484375 0.4501953125 0.103515625 0.4501953125 0.10498046875 0.44921875 0.10498046875 0.443359375 0.10498046875 0.4326171875 0.10205078125 0.421875 0.099609375 0.416015625 0.09521484375 0.400390625 0.095703125 0.3837890625 0.103515625 0.3828125 0.10009765625 0.3798828125 0.0947265625 0.3798828125 0.0869140625 0.37890625 0.08447265625 0.380859375 0.08447265625 0.384765625 0.0869140625 0.3828125 0.09423828125 0.3818359375 0.091796875 0.3916015625 0.0869140625 0.392578125 0.0830078125 0.3916015625 0.078125 0.3916015625 0.0693359375 0.3955078125 0.06689453125 0.4140625 0.0673828125 0.4306640625 0.0693359375 0.44140625
2 0 0.51171875 0.01220703125 0.5107421875 0.02734375 0.5087890625 0.03173828125 0.5029296875 0.03662109375 0.490234375 0.0498046875 0.484375 0.0595703125 0.474609375 0.05810546875 0.4658203125 0.05908203125 0.458984375 0.06298828125 0.439453125 0.05517578125 0.423828125 0.04638671875 0.4072265625 0.05322265625 0.40625 0.0498046875 0.3994140625 0.0380859375 0.3916015625 0.0263671875 0.3818359375 0.01025390625 0.3623046875 0 0.3544921875 0 0.51171875
7 0.17724609375 0.3203125 0.177734375 0.2900390625 0.1708984375 0.2900390625 0.16845703125 0.2900390625 0.16748046875 0.3203125 0.17724609375 0.3203125
4 0.2265625 0.416015625 0.2265625 0.4287109375 0.2275390625 0.4375 0.232421875 0.4384765625 0.236328125 0.4384765625 0.23681640625 0.42578125 0.23779296875 0.41796875 0.23828125 0.408203125 0.23974609375 0.3935546875 0.240234375 0.3857421875 0.2392578125 0.376953125 0.2373046875 0.373046875 0.23828125 0.3681640625 0.23681640625 0.3623046875 0.23388671875 0.3603515625 0.2314453125 0.3623046875 0.23095703125 0.3681640625 0.23046875 0.3759765625 0.2294921875 0.3916015625 0.228515625 0.400390625 0.22705078125 0.40625 0.2265625 0.416015625
4 0.21630859375 0.3623046875 0.21337890625 0.3623046875 0.2109375 0.3671875 0.2119140625 0.3720703125 0.20751953125 0.380859375 0.205078125 0.3876953125 0.20458984375 0.39453125 0.2041015625 0.40234375 0.2060546875 0.4072265625 0.20458984375 0.419921875 0.20263671875 0.4287109375 0.19873046875 0.4365234375 0.19873046875 0.443359375 0.201171875 0.4482421875 0.2041015625 0.44921875 0.20458984375 0.4443359375 0.20361328125 0.4365234375 0.20751953125 0.427734375 0.20947265625 0.4189453125 0.21240234375 0.4169921875 0.21337890625 0.4287109375 0.2138671875 0.4404296875 0.21240234375 0.4482421875 0.21630859375 0.44921875 0.22021484375 0.44921875 0.22021484375 0.4443359375 0.2177734375 0.4423828125 0.21826171875 0.43359375 0.21826171875 0.4248046875 0.21826171875 0.4150390625 0.21630859375 0.408203125 0.21923828125 0.39453125 0.2177734375 0.3818359375 0.21630859375 0.3740234375 0.21826171875 0.3671875 0.21630859375 0.3623046875
2 0.2783203125 0.3837890625 0.2666015625 0.3974609375 0.25927734375 0.404296875 0.2451171875 0.416015625 0.23779296875 0.42578125 0.23583984375 0.431640625 0.23388671875 0.4443359375 0.2333984375 0.466796875 0.23388671875 0.47265625 0.24072265625 0.4755859375 0.2431640625 0.4814453125 0.24658203125 0.48828125 0.251953125 0.4892578125 0.2568359375 0.4873046875 0.25927734375 0.484375 0.2607421875 0.478515625 0.28662109375 0.4794921875 0.291015625 0.4833984375 0.29345703125 0.4814453125 0.294921875 0.4794921875 0.29736328125 0.4794921875 0.298828125 0.4873046875 0.31494140625 0.4873046875 0.3193359375 0.484375 0.322265625 0.4775390625 0.32958984375 0.4765625 0.3544921875 0.4755859375 0.35498046875 0.4755859375 0.35888671875 0.478515625 0.35986328125 0.4833984375 0.3701171875 0.4833984375 0.375 0.4814453125 0.376953125 0.4755859375 0.37890625 0.4658203125 0.380859375 0.4541015625 0.38134765625 0.431640625 0.38134765625 0.4140625 0.3798828125 0.40625 0.37255859375 0.388671875 0.36767578125 0.3779296875 0.36376953125 0.37109375 0.35595703125 0.3671875 0.34716796875 0.365234375 0.337890625 0.365234375 0.326171875 0.3642578125 0.30126953125 0.3662109375 0.2919921875 0.369140625 0.2783203125 0.3837890625
0 0.4130859375 0.4423828125 0.41796875 0.44921875 0.421875 0.4501953125 0.4248046875 0.44921875 0.42724609375 0.4443359375 0.4326171875 0.4326171875 0.43798828125 0.4248046875 0.4384765625 0.431640625 0.4384765625 0.439453125 0.43994140625 0.4482421875 0.44189453125 0.4521484375 0.44580078125 0.4521484375 0.4482421875 0.4482421875 0.4482421875 0.439453125 0.447265625 0.4306640625 0.44482421875 0.42578125 0.4404296875 0.423828125 0.43994140625 0.41796875 0.44140625 0.4150390625 0.44287109375 0.41015625 0.4462890625 0.4091796875 0.4462890625 0.4072265625 0.4423828125 0.4072265625 0.4404296875 0.41015625 0.43798828125 0.412109375 0.43408203125 0.4140625 0.43359375 0.416015625 0.435546875 0.416015625 0.43115234375 0.4189453125 0.4228515625 0.4189453125 0.419921875 0.41796875 0.41552734375 0.4248046875 0.4130859375 0.4326171875 0.4130859375 0.4423828125
6 0.4248046875 0.4150390625 0.42822265625 0.4189453125 0.4248046875 0.4248046875 0.42431640625 0.4287109375 0.4267578125 0.435546875 0.42919921875 0.4404296875 0.43212890625 0.44140625 0.43505859375 0.4365234375 0.43115234375 0.43359375 0.43017578125 0.431640625 0.4306640625 0.427734375 0.43310546875 0.4208984375 0.43505859375 0.4169921875 0.43310546875 0.4140625 0.43017578125 0.408203125 0.43017578125 0.404296875 0.4287109375 0.3994140625 0.4287109375 0.3935546875 0.4296875 0.388671875 0.42822265625 0.3828125 0.4306640625 0.3818359375 0.43115234375 0.3779296875 0.43115234375 0.373046875 0.43017578125 0.3701171875 0.42724609375 0.3701171875 0.42626953125 0.3720703125 0.42529296875 0.3740234375 0.4248046875 0.37890625 0.42138671875 0.3818359375 0.41796875 0.392578125 0.421875 0.4091796875 0.4248046875 0.4150390625
3 0.54150390625 0.40625 0.53955078125 0.412109375 0.5390625 0.4189453125 0.54150390625 0.42578125 0.544921875 0.4287109375 0.54736328125 0.4287109375 0.55224609375 0.4287109375 0.55419921875 0.427734375 0.55517578125 0.4287109375 0.5576171875 0.4306640625 0.5595703125 0.4287109375 0.56005859375 0.421875 0.5595703125 0.4169921875 0.55859375 0.4130859375 0.5576171875 0.4052734375 0.5537109375 0.40234375 0.55029296875 0.400390625 0.5478515625 0.4013671875 0.544921875 0.4033203125 0.54150390625 0.40625
4 0.46240234375 0.4287109375 0.4619140625 0.435546875 0.4609375 0.439453125 0.4609375 0.4443359375 0.46435546875 0.4453125 0.46630859375 0.4443359375 0.46484375 0.4404296875 0.46484375 0.43359375 0.46533203125 0.421875 0.46826171875 0.4208984375 0.47119140625 0.4189453125 0.47216796875 0.41796875 0.47265625 0.4150390625 0.47216796875 0.41015625 0.4716796875 0.40625 0.47119140625 0.404296875 0.47021484375 0.40234375 0.46875 0.40234375 0.46875 0.3994140625 0.4677734375 0.3955078125 0.4658203125 0.3935546875 0.46630859375 0.392578125 0.4677734375 0.390625 0.46875 0.388671875 0.4677734375 0.3837890625 0.46435546875 0.3828125 0.46337890625 0.3857421875 0.462890625 0.3896484375 0.46240234375 0.3955078125 0.46240234375 0.40625 0.46240234375 0.416015625 0.46240234375 0.4248046875 0.46240234375 0.4287109375
2 0.7294921875 0.42578125 0.732421875 0.4267578125 0.73193359375 0.412109375 0.72802734375 0.40234375 0.7255859375 0.40234375 0.72412109375 0.4052734375 0.71826171875 0.419921875 0.72509765625 0.423828125 0.7294921875 0.42578125
2 0.68017578125 0.4267578125 0.68310546875 0.4267578125 0.69677734375 0.423828125 0.68994140625 0.404296875 0.6826171875 0.404296875 0.6708984375 0.404296875 0.6650390625 0.4287109375 0.6728515625 0.4287109375 0.68017578125 0.4267578125
2 0.7265625 0.423828125 0.72802734375 0.4189453125 0.7265625 0.4140625 0.7255859375 0.4052734375 0.71923828125 0.40234375 0.7099609375 0.4052734375 0.70703125 0.4072265625 0.71435546875 0.431640625 0.7265625 0.423828125
2 0.734375 0.41796875 0.7373046875 0.421875 0.74267578125 0.421875 0.74462890625 0.42578125 0.74560546875 0.423828125 0.748046875 0.4208984375 0.748046875 0.41015625 0.74658203125 0.40234375 0.73828125 0.4013671875 0.73583984375 0.404296875 0.734375 0.4091796875 0.734375 0.41796875
1 0.578125 0.3046875 0.5732421875 0.3056640625 0.56787109375 0.322265625 0.5654296875 0.3466796875 0.5634765625 0.37890625 0.5634765625 0.41015625 0.56298828125 0.427734375 0.5634765625 0.4384765625 0.5654296875 0.447265625 0.56591796875 0.447265625 0.57666015625 0.4482421875 0.5791015625 0.4599609375 0.58349609375 0.4619140625 0.587890625 0.4609375 0.5888671875 0.453125 0.60107421875 0.4521484375 0.6142578125 0.4521484375 0.615234375 0.4560546875 0.61865234375 0.4599609375 0.62548828125 0.4599609375 0.630859375 0.4599609375 0.6328125 0.45703125 0.6357421875 0.4501953125 0.64892578125 0.451171875 0.654296875 0.45703125 0.6640625 0.455078125 0.6650390625 0.4541015625 0.666015625 0.44921875 0.66748046875 0.4443359375 0.6728515625 0.4443359375 0.67822265625 0.4365234375 0.6787109375 0.4287109375 0.6796875 0.3994140625 0.68017578125 0.3642578125 0.67919921875 0.33984375 0.67724609375 0.3232421875 0.67138671875 0.3212890625 0.6611328125 0.318359375 0.6513671875 0.3125 0.6435546875 0.310546875 0.6416015625 0.3076171875 0.634765625 0.2998046875 0.623046875 0.294921875 0.6123046875 0.2900390625 0.6025390625 0.291015625 0.59521484375 0.291015625 0.58837890625 0.294921875 0.578125 0.3046875
2 0.6904296875 0.41015625 0.685546875 0.419921875 0.68408203125 0.4296875 0.68359375 0.4384765625 0.68359375 0.4453125 0.68505859375 0.44921875 0.68798828125 0.4482421875 0.68896484375 0.4453125 0.69189453125 0.4453125 0.6923828125 0.4482421875 0.6953125 0.44921875 0.69580078125 0.4453125 0.7080078125 0.447265625 0.70947265625 0.4501953125 0.7119140625 0.44921875 0.71240234375 0.4453125 0.71435546875 0.4453125 0.71533203125 0.447265625 0.716796875 0.4482421875 0.71826171875 0.4453125 0.71923828125 0.4404296875 0.71923828125 0.43359375 0.71875 0.4287109375 0.71630859375 0.4189453125 0.71435546875 0.41015625 0.71337890625 0.4033203125 0.71044921875 0.40234375 0.701171875 0.4013671875 0.697265625 0.400390625 0.69482421875 0.40234375 0.6904296875 0.41015625
9 0.87646484375 0.177734375 0.87744140625 0.189453125 0.884765625 0.203125 0.8828125 0.2158203125 0.87548828125 0.21484375 0.86572265625 0.21875 0.8505859375 0.216796875 0.8447265625 0.2236328125 0.8447265625 0.23828125 0.84033203125 0.2470703125 0.8359375 0.259765625 0.8359375 0.2705078125 0.8359375 0.283203125 0.84130859375 0.2900390625 0.85107421875 0.3017578125 0.853515625 0.314453125 0.85791015625 0.330078125 0.85986328125 0.34765625 0.86376953125 0.3525390625 0.875 0.34765625 0.8828125 0.33203125 0.90087890625 0.337890625 0.90478515625 0.3466796875 0.89794921875 0.37109375 0.89306640625 0.3837890625 0.90234375 0.37890625 0.9091796875 0.3701171875 0.91650390625 0.3662109375 0.92431640625 0.369140625 0.9287109375 0.3818359375 0.9296875 0.4033203125 0.9345703125 0.4150390625 0.93603515625 0.4404296875 0.947265625 0.4404296875 0.947265625 0.42578125 0.94873046875 0.4140625 0.951171875 0.396484375 0.95263671875 0.3857421875 0.95849609375 0.3779296875 0.966796875 0.3662109375 0.9716796875 0.369140625 0.98046875 0.3701171875 0.98095703125 0.3671875 0.9814453125 0.3603515625 0.98876953125 0.3603515625 0.99951171875 0.3642578125 0.99951171875 0.1513671875 0.98779296875 0.1376953125 0.9794921875 0.12109375 0.96923828125 0.1064453125 0.953125 0.1005859375 0.9453125 0.099609375 0.94140625 0.1123046875 0.93798828125 0.1337890625 0.93017578125 0.1201171875 0.92333984375 0.1279296875 0.912109375 0.1494140625 0.89697265625 0.150390625 0.89111328125 0.154296875 0.8798828125 0.16015625 0.87646484375 0.177734375
7 0.93701171875 0.439453125 0.93798828125 0.4248046875 0.9326171875 0.423828125 0.93017578125 0.4287109375 0.93017578125 0.439453125 0.93701171875 0.439453125
9 0.859375 0.3505859375 0.85888671875 0.388671875 0.85791015625 0.4306640625 0.86181640625 0.4306640625 0.8623046875 0.396484375 0.8642578125 0.3564453125 0.86572265625 0.326171875 0.85546875 0.3134765625 0.86083984375 0.3359375 0.859375 0.3505859375
7 0.8564453125 0.3642578125 0.8515625 0.3623046875 0.84765625 0.3623046875 0.85205078125 0.37890625 0.8564453125 0.3642578125
2 0.833984375 0.435546875 0.83544921875 0.4375 0.83740234375 0.4384765625 0.83984375 0.44140625 0.841796875 0.44140625 0.84423828125 0.439453125 0.8583984375 0.439453125 0.86083984375 0.4423828125 0.8642578125 0.4423828125 0.86572265625 0.4384765625 0.86572265625 0.4326171875 0.8671875 0.431640625 0.86767578125 0.427734375 0.86328125 0.42578125 0.859375 0.423828125 0.85595703125 0.41796875 0.8486328125 0.4169921875 0.837890625 0.41796875 0.8359375 0.4296875 0.833984375 0.435546875
2 0.8037109375 0.4248046875 0.80419921875 0.4306640625 0.8193359375 0.431640625 0.830078125 0.431640625 0.82958984375 0.421875 0.8251953125 0.416015625 0.81640625 0.416015625 0.8115234375 0.4169921875 0.80810546875 0.423828125 0.8037109375 0.4248046875
9 0.796875 0.3798828125 0.8037109375 0.3857421875 0.80322265625 0.4072265625 0.8076171875 0.4033203125 0.80859375 0.3857421875 0.81494140625 0.37890625 0.81640625 0.3681640625 0.814453125 0.3603515625 0.8115234375 0.35546875 0.8134765625 0.349609375 0.81201171875 0.345703125 0.81103515625 0.33984375 0.81005859375 0.33203125 0.80712890625 0.330078125 0.8046875 0.3408203125 0.8046875 0.349609375 0.80517578125 0.3603515625 0.79638671875 0.3681640625 0.7890625 0.3740234375 0.78662109375 0.3779296875 0.787109375 0.3837890625 0.796875 0.3798828125
7 0.935546875 0.3583984375 0.9296875 0.3583984375 0.92919921875 0.3681640625 0.93505859375 0.3681640625 0.935546875 0.3583984375
7 0.93603515625 0.3671875 0.93212890625 0.3671875 0.927734375 0.3662109375 0.93212890625 0.380859375 0.93603515625 0.3671875
4 0.5185546875 0.44921875 0.52001953125 0.447265625 0.5224609375 0.447265625 0.5224609375 0.4423828125 0.52197265625 0.4375 0.52294921875 0.4296875 0.52392578125 0.4189453125 0.52490234375 0.412109375 0.5263671875 0.40625 0.5263671875 0.400390625 0.52587890625 0.392578125 0.52490234375 0.3896484375 0.52392578125 0.3857421875 0.52001953125 0.3876953125 0.51806640625 0.39453125 0.5166015625 0.4072265625 0.51806640625 0.4404296875 0.5185546875 0.44921875
4 0.515625 0.4208984375 0.51611328125 0.4287109375 0.515625 0.4365234375 0.51513671875 0.443359375 0.51513671875 0.4482421875 0.5185546875 0.44921875 0.52001953125 0.4453125 0.5205078125 0.4326171875 0.52294921875 0.42578125 0.52294921875 0.419921875 0.5234375 0.4130859375 0.52197265625 0.4091796875 0.52197265625 0.4052734375 0.5224609375 0.4033203125 0.5224609375 0.4013671875 0.521484375 0.3994140625 0.521484375 0.3974609375 0.5205078125 0.3935546875 0.521484375 0.388671875 0.51953125 0.3857421875 0.517578125 0.3876953125 0.51611328125 0.3896484375 0.51611328125 0.392578125 0.515625 0.3974609375 0.51513671875 0.404296875 0.51416015625 0.408203125 0.515625 0.4130859375 0.515625 0.4208984375
4 0.49072265625 0.3974609375 0.49169921875 0.384765625 0.49169921875 0.37890625 0.490234375 0.376953125 0.48876953125 0.376953125 0.48779296875 0.37890625 0.48779296875 0.3828125 0.48193359375 0.384765625 0.4833984375 0.404296875 0.4892578125 0.40625 0.49072265625 0.3974609375
4 0.49560546875 0.4013671875 0.49658203125 0.39453125 0.498046875 0.3857421875 0.498046875 0.3828125 0.49658203125 0.3798828125 0.4951171875 0.37890625 0.4931640625 0.380859375 0.49072265625 0.384765625 0.4892578125 0.3974609375 0.48974609375 0.40234375 0.49560546875 0.4013671875
4 0.5048828125 0.435546875 0.50439453125 0.447265625 0.5068359375 0.4482421875 0.5068359375 0.4423828125 0.5078125 0.43359375 0.50830078125 0.423828125 0.50927734375 0.41796875 0.50927734375 0.4130859375 0.509765625 0.4091796875 0.509765625 0.404296875 0.50830078125 0.40234375 0.50634765625 0.4033203125 0.5048828125 0.40625 0.50439453125 0.41015625 0.50146484375 0.4169921875 0.50244140625 0.4208984375 0.50439453125 0.4267578125 0.5048828125 0.435546875
4 0.49951171875 0.4375 0.49853515625 0.4091796875 0.5 0.396484375 0.5009765625 0.3896484375 0.5 0.3857421875 0.498046875 0.3857421875 0.49658203125 0.3876953125 0.49609375 0.390625 0.4951171875 0.3955078125 0.49267578125 0.400390625 0.4892578125 0.408203125 0.49072265625 0.4169921875 0.49365234375 0.4296875 0.49951171875 0.4375
4 0.49658203125 0.4267578125 0.49755859375 0.4404296875 0.49658203125 0.4482421875 0.49853515625 0.451171875 0.50146484375 0.4501953125 0.50341796875 0.44921875 0.5009765625 0.4453125 0.50048828125 0.443359375 0.50146484375 0.4306640625 0.50390625 0.42578125 0.50390625 0.421875 0.50244140625 0.4150390625 0.50146484375 0.41015625 0.50244140625 0.4091796875 0.5048828125 0.4072265625 0.50537109375 0.404296875 0.50439453125 0.40234375 0.50244140625 0.4033203125 0.5009765625 0.404296875 0.5009765625 0.3994140625 0.50341796875 0.396484375 0.50439453125 0.3935546875 0.50390625 0.390625 0.501953125 0.388671875 0.49951171875 0.388671875 0.498046875 0.392578125 0.49658203125 0.3974609375 0.49560546875 0.4013671875 0.49560546875 0.40625 0.49560546875 0.4140625 0.49609375 0.4189453125 0.49658203125 0.4267578125
4 0.484375 0.443359375 0.4833984375 0.4482421875 0.4873046875 0.451171875 0.49072265625 0.4501953125 0.49169921875 0.4482421875 0.48974609375 0.4443359375 0.48974609375 0.4365234375 0.490234375 0.4287109375 0.49267578125 0.4248046875 0.4921875 0.4140625 0.49267578125 0.4072265625 0.4921875 0.400390625 0.49267578125 0.3955078125 0.49267578125 0.390625 0.49169921875 0.3857421875 0.4892578125 0.3857421875 0.48681640625 0.390625 0.48193359375 0.3955078125 0.4814453125 0.40625 0.4833984375 0.4130859375 0.484375 0.4384765625 0.484375 0.443359375
4 0.47802734375 0.42578125 0.47607421875 0.4326171875 0.4755859375 0.4404296875 0.4755859375 0.4482421875 0.47607421875 0.451171875 0.48291015625 0.4501953125 0.48193359375 0.4453125 0.48193359375 0.44140625 0.4814453125 0.43359375 0.48583984375 0.431640625 0.484375 0.421875 0.484375 0.4169921875 0.48486328125 0.4091796875 0.484375 0.40234375 0.48388671875 0.3974609375 0.48583984375 0.39453125 0.48583984375 0.392578125 0.484375 0.3916015625 0.48388671875 0.388671875 0.484375 0.3837890625 0.48291015625 0.3818359375 0.4814453125 0.3818359375 0.47998046875 0.3828125 0.478515625 0.384765625 0.47802734375 0.388671875 0.47705078125 0.392578125 0.47607421875 0.4013671875 0.47509765625 0.4091796875 0.4775390625 0.4189453125 0.47802734375 0.42578125
4 0.91455078125 0.474609375 0.9140625 0.4658203125 0.916015625 0.4541015625 0.916015625 0.4482421875 0.91845703125 0.4375 0.92041015625 0.4267578125 0.9208984375 0.419921875 0.91796875 0.4140625 0.9189453125 0.404296875 0.916015625 0.40234375 0.9130859375 0.4033203125 0.912109375 0.40625 0.9072265625 0.412109375 0.904296875 0.4189453125 0.9052734375 0.4716796875 0.91455078125 0.474609375
4 0.865234375 0.416015625 0.8671875 0.4296875 0.86572265625 0.451171875 0.86474609375 0.4609375 0.865234375 0.46484375 0.87060546875 0.4658203125 0.87890625 0.3974609375 0.875 0.396484375 0.86962890625 0.396484375 0.86572265625 0.4013671875 0.86474609375 0.40625 0.865234375 0.416015625
4 0.86572265625 0.423828125 0.86572265625 0.4306640625 0.86767578125 0.4365234375 0.869140625 0.4423828125 0.86865234375 0.4521484375 0.86865234375 0.4609375 0.86865234375 0.46875 0.8759765625 0.46875 0.88232421875 0.4384765625 0.88330078125 0.4326171875 0.88427734375 0.421875 0.880859375 0.4072265625 0.87646484375 0.400390625 0.87451171875 0.4033203125 0.87255859375 0.4072265625 0.8701171875 0.4140625 0.8671875 0.416015625 0.86572265625 0.423828125
4 0.90234375 0.416015625 0.900390625 0.412109375 0.8984375 0.41015625 0.8984375 0.404296875 0.8974609375 0.40234375 0.89501953125 0.4013671875 0.8935546875 0.40234375 0.892578125 0.4072265625 0.89208984375 0.412109375 0.888671875 0.41796875 0.88818359375 0.46875 0.89794921875 0.4677734375 0.90234375 0.416015625
4 0.896484375 0.455078125 0.896484375 0.4599609375 0.89501953125 0.4697265625 0.90087890625 0.4716796875 0.9091796875 0.41796875 0.908203125 0.41015625 0.9091796875 0.4072265625 0.91015625 0.4013671875 0.9072265625 0.3994140625 0.90478515625 0.3994140625 0.90380859375 0.40234375 0.904296875 0.40625 0.90087890625 0.4072265625 0.89990234375 0.4150390625 0.8984375 0.4296875 0.89794921875 0.4423828125 0.896484375 0.455078125
4 0.8994140625 0.4306640625 0.900390625 0.435546875 0.90380859375 0.439453125 0.90380859375 0.4423828125 0.904296875 0.451171875 0.9033203125 0.455078125 0.90234375 0.4638671875 0.90087890625 0.4736328125 0.90576171875 0.474609375 0.90869140625 0.4736328125 0.90966796875 0.4658203125 0.91064453125 0.4609375 0.91162109375 0.4453125 0.9111328125 0.4404296875 0.9111328125 0.43359375 0.9111328125 0.4267578125 0.9130859375 0.4248046875 0.9140625 0.419921875 0.91455078125 0.4130859375 0.9150390625 0.408203125 0.9140625 0.4052734375 0.9111328125 0.4052734375 0.90966796875 0.408203125 0.90966796875 0.4130859375 0.90625 0.41796875 0.9033203125 0.4189453125 0.89990234375 0.4208984375 0.8994140625 0.4306640625
4 0.8828125 0.4296875 0.88134765625 0.44140625 0.88330078125 0.443359375 0.8828125 0.453125 0.88134765625 0.4638671875 0.88037109375 0.46875 0.8818359375 0.4716796875 0.89013671875 0.47265625 0.890625 0.46875 0.88818359375 0.466796875 0.88916015625 0.4541015625 0.890625 0.4443359375 0.89111328125 0.4326171875 0.892578125 0.4287109375 0.892578125 0.421875 0.8935546875 0.4169921875 0.89501953125 0.4150390625 0.89404296875 0.41015625 0.89111328125 0.4091796875 0.8916015625 0.40625 0.89404296875 0.404296875 0.89453125 0.400390625 0.8935546875 0.3955078125 0.89111328125 0.3935546875 0.88818359375 0.39453125 0.88720703125 0.3974609375 0.88427734375 0.400390625 0.88232421875 0.404296875 0.8818359375 0.41015625 0.8828125 0.4208984375 0.8828125 0.4296875