7 0.64404296875 0.30078125 0.64404296875 0.3115234375 0.6689453125 0.3115234375 0.6689453125 0.2998046875 0.64404296875 0.30078125
7 0.6298828125 0.3193359375 0.6318359375 0.3203125 0.63330078125 0.3173828125 0.63427734375 0.314453125 0.63427734375 0.3115234375 0.6328125 0.30859375 0.6318359375 0.3076171875 0.63037109375 0.306640625 0.62841796875 0.310546875 0.62841796875 0.3134765625 0.62841796875 0.3173828125 0.6298828125 0.3193359375
7 0.6337890625 0.3310546875 0.63427734375 0.3203125 0.62890625 0.3203125 0.62890625 0.3310546875 0.6337890625 0.3310546875
0 0.4638671875 0.4931640625 0.4658203125 0.49609375 0.466796875 0.4697265625 0.46826171875 0.4453125 0.466796875 0.4375 0.4677734375 0.4326171875 0.470703125 0.42578125 0.47021484375 0.419921875 0.4658203125 0.41796875 0.4609375 0.4130859375 0.45703125 0.416015625 0.46044921875 0.4208984375 0.46240234375 0.4228515625 0.46240234375 0.4296875 0.46435546875 0.4326171875 0.462890625 0.4375 0.4609375 0.4443359375 0.458984375 0.4599609375 0.4599609375 0.486328125 0.46142578125 0.4931640625 0.4638671875 0.4765625 0.4638671875 0.4931640625
4 0.46923828125 0.3564453125 0.46923828125 0.36328125 0.470703125 0.37109375 0.4697265625 0.373046875 0.46826171875 0.3857421875 0.466796875 0.4033203125 0.46533203125 0.439453125 0.46484375 0.45703125 0.46630859375 0.4638671875 0.46484375 0.4921875 0.47216796875 0.537109375 0.46728515625 0.541015625 0.4658203125 0.5498046875 0.47021484375 0.552734375 0.4775390625 0.5546875 0.48388671875 0.552734375 0.4833984375 0.54296875 0.47607421875 0.49609375 0.4794921875 0.4736328125 0.49609375 0.533203125 0.4970703125 0.55078125 0.498046875 0.5615234375 0.50244140625 0.5625 0.50732421875 0.552734375 0.5048828125 0.5263671875 0.49560546875 0.4892578125 0.494140625 0.4609375 0.49658203125 0.458984375 0.49560546875 0.44140625 0.5 0.42578125 0.49755859375 0.396484375 0.4951171875 0.3759765625 0.4931640625 0.3701171875 0.486328125 0.3603515625 0.48486328125 0.3583984375 0.48486328125 0.3515625 0.48193359375 0.3427734375 0.47802734375 0.341796875 0.47509765625 0.3408203125 0.4716796875 0.3427734375 0.46826171875 0.3486328125 0.46923828125 0.3564453125
7 0.89013671875 0.0634765625 0.888671875 0.0703125 0.88671875 0.080078125 0.88623046875 0.08984375 0.88720703125 0.1005859375 0.88916015625 0.109375 0.892578125 0.1142578125 0.89501953125 0.12109375 0.89697265625 0.125 0.90185546875 0.1279296875 0.90576171875 0.1279296875 0.90966796875 0.1279296875 0.912109375 0.126953125 0.91552734375 0.1240234375 0.9169921875 0.12109375 0.91845703125 0.119140625 0.92041015625 0.115234375 0.92236328125 0.109375 0.923828125 0.1015625 0.9248046875 0.0947265625 0.92529296875 0.0888671875 0.92529296875 0.083984375 0.92529296875 0.078125 0.92431640625 0.0751953125 0.9228515625 0.068359375 0.921875 0.0625 0.919921875 0.05859375 0.91455078125 0.048828125 0.91162109375 0.046875 0.90869140625 0.0458984375 0.9033203125 0.046875 0.8994140625 0.0478515625 0.89697265625 0.05078125 0.8935546875 0.056640625 0.89013671875 0.0634765625
7 0.89208984375 0.1318359375 0.89208984375 0.162109375 0.91943359375 0.162109375 0.91943359375 0.1318359375 0.89208984375 0.1318359375
7 0.8876953125 0.22265625 0.89013671875 0.232421875 0.89453125 0.2412109375 0.8974609375 0.244140625 0.90673828125 0.2490234375 0.9140625 0.244140625 0.9208984375 0.232421875 0.92236328125 0.22265625 0.923828125 0.2080078125 0.923828125 0.193359375 0.919921875 0.1806640625 0.916015625 0.173828125 0.90869140625 0.1689453125 0.9033203125 0.1689453125 0.8974609375 0.171875 0.89453125 0.1787109375 0.8916015625 0.1826171875 0.8896484375 0.1845703125 0.8876953125 0.19140625 0.8876953125 0.203125 0.88720703125 0.208984375 0.8876953125 0.22265625
7 0.8896484375 0.25390625 0.890625 0.28515625 0.919921875 0.28515625 0.9189453125 0.2529296875 0.8896484375 0.25390625
2 0.67431640625 0.3623046875 0.669921875 0.37109375 0.66552734375 0.39453125 0.6630859375 0.412109375 0.66015625 0.416015625 0.6591796875 0.41015625 0.6513671875 0.4140625 0.65087890625 0.4228515625 0.65625 0.423828125 0.65869140625 0.427734375 0.66064453125 0.4296875 0.6572265625 0.435546875 0.65625 0.470703125 0.65625 0.484375 0.65625 0.4990234375 0.65673828125 0.5087890625 0.6611328125 0.5087890625 0.66357421875 0.5087890625 0.6650390625 0.4990234375 0.66650390625 0.4990234375 0.66552734375 0.5126953125 0.6650390625 0.517578125 0.6669921875 0.5205078125 0.681640625 0.4169921875 0.70166015625 0.359375 0.67431640625 0.3623046875
2 0.67724609375 0.408203125 0.67431640625 0.40234375 0.67041015625 0.412109375 0.6708984375 0.4248046875 0.67138671875 0.435546875 0.6650390625 0.4580078125 0.66455078125 0.4833984375 0.6669921875 0.525390625 0.66650390625 0.537109375 0.66845703125 0.548828125 0.67236328125 0.5517578125 0.671875 0.5625 0.67236328125 0.572265625 0.68359375 0.57421875 0.6875 0.5693359375 0.69189453125 0.552734375 0.6982421875 0.5537109375 0.74609375 0.55859375 0.7763671875 0.556640625 0.7763671875 0.5791015625 0.78515625 0.58203125 0.79345703125 0.580078125 0.796875 0.5498046875 0.796875 0.5244140625 0.798828125 0.5068359375 0.79833984375 0.4794921875 0.7958984375 0.4599609375 0.7880859375 0.412109375 0.77880859375 0.3701171875 0.77001953125 0.3623046875 0.76904296875 0.3544921875 0.763671875 0.3515625 0.7607421875 0.3583984375 0.7392578125 0.3564453125 0.7373046875 0.33984375 0.73583984375 0.357421875 0.708984375 0.3544921875 0.705078125 0.349609375 0.69873046875 0.3525390625 0.69580078125 0.3603515625 0.68408203125 0.3955078125 0.6806640625 0.400390625 0.67919921875 0.404296875 0.67724609375 0.408203125