9 0.5205078125 0.3837890625 0.5234375 0.3720703125 0.525390625 0.326171875 0.52197265625 0.326171875 0.51904296875 0.326171875 0.5185546875 0.3291015625 0.51806640625 0.33203125 0.5185546875 0.337890625 0.515625 0.3427734375 0.5126953125 0.3447265625 0.51025390625 0.3466796875 0.51123046875 0.3525390625 0.51220703125 0.3564453125 0.51123046875 0.3583984375 0.50927734375 0.3603515625 0.50634765625 0.3564453125 0.50244140625 0.3564453125 0.49951171875 0.357421875 0.4951171875 0.3583984375 0.49365234375 0.3603515625 0.49365234375 0.365234375 0.49755859375 0.3876953125 0.51611328125 0.39453125 0.5205078125 0.3837890625
9 0.49267578125 0.3837890625 0.4931640625 0.37109375 0.49267578125 0.3671875 0.48681640625 0.365234375 0.4892578125 0.361328125 0.48876953125 0.3583984375 0.48681640625 0.3564453125 0.48486328125 0.349609375 0.4814453125 0.3466796875 0.47998046875 0.376953125 0.48388671875 0.390625 0.49267578125 0.3837890625
1 0.47265625 0.4140625 0.4736328125 0.412109375 0.5205078125 0.41015625 0.52294921875 0.4130859375 0.5244140625 0.4130859375 0.525390625 0.412109375 0.53564453125 0.412109375 0.53564453125 0.404296875 0.53515625 0.3896484375 0.533203125 0.3857421875 0.501953125 0.388671875 0.458984375 0.388671875 0.45703125 0.3916015625 0.45703125 0.4130859375 0.4599609375 0.4130859375 0.4697265625 0.412109375 0.47119140625 0.4140625 0.47265625 0.4140625
7 0.53564453125 0.3740234375 0.53369140625 0.37890625 0.53564453125 0.3828125 0.53759765625 0.37890625 0.53564453125 0.3740234375
7 0.451171875 0.388671875 0.4462890625 0.388671875 0.4462890625 0.392578125 0.451171875 0.392578125 0.451171875 0.388671875
2 0.45947265625 0.416015625 0.45947265625 0.4189453125 0.4609375 0.4189453125 0.4609375 0.4169921875 0.4677734375 0.4169921875 0.4677734375 0.4189453125 0.46923828125 0.41796875 0.46875 0.4091796875 0.466796875 0.4033203125 0.4609375 0.4033203125 0.4599609375 0.408203125 0.45947265625 0.41015625 0.45947265625 0.416015625
2 0.4892578125 0.416015625 0.4892578125 0.4189453125 0.490234375 0.419921875 0.49072265625 0.4189453125 0.49169921875 0.4169921875 0.498046875 0.4169921875 0.498046875 0.4189453125 0.49951171875 0.4189453125 0.49951171875 0.4169921875 0.5 0.416015625 0.5 0.408203125 0.4990234375 0.404296875 0.49658203125 0.40234375 0.49169921875 0.40234375 0.48974609375 0.408203125 0.4892578125 0.416015625
7 0.3818359375 0.3759765625 0.3828125 0.3798828125 0.3857421875 0.3818359375 0.3876953125 0.37890625 0.388671875 0.3740234375 0.38720703125 0.369140625 0.384765625 0.3681640625 0.38232421875 0.37109375 0.3818359375 0.3759765625
7 0.3017578125 0.3408203125 0.30224609375 0.357421875 0.31982421875 0.357421875 0.31982421875 0.33984375 0.3017578125 0.3408203125
7 0.25830078125 0.33984375 0.265625 0.33984375 0.2685546875 0.3330078125 0.26806640625 0.296875 0.2685546875 0.2861328125 0.263671875 0.2802734375 0.259765625 0.27734375 0.25439453125 0.283203125 0.25390625 0.298828125 0.25439453125 0.33203125 0.25830078125 0.33984375
4 0.12353515625 0.4716796875 0.12548828125 0.4716796875 0.1318359375 0.4716796875 0.1328125 0.4765625 0.1357421875 0.4853515625 0.13671875 0.4892578125 0.138671875 0.4873046875 0.14794921875 0.4765625 0.15087890625 0.4677734375 0.1484375 0.4677734375 0.13818359375 0.4541015625 0.13623046875 0.4560546875 0.13232421875 0.4599609375 0.1298828125 0.45703125 0.1298828125 0.44921875 0.12841796875 0.4443359375 0.12451171875 0.4453125 0.12353515625 0.4501953125 0.1240234375 0.4619140625 0.123046875 0.46484375 0.12353515625 0.4716796875
4 0.099609375 0.4951171875 0.10302734375 0.48046875 0.10595703125 0.4697265625 0.10595703125 0.4609375 0.10693359375 0.4541015625 0.10498046875 0.435546875 0.10546875 0.419921875 0.1044921875 0.4091796875 0.111328125 0.408203125 0.10595703125 0.39453125 0.1044921875 0.390625 0.099609375 0.3876953125 0.09912109375 0.3837890625 0.09521484375 0.3798828125 0.09033203125 0.3798828125 0.08837890625 0.384765625 0.08935546875 0.3896484375 0.09033203125 0.3955078125 0.0908203125 0.3994140625 0.08837890625 0.4033203125 0.08837890625 0.412109375 0.09033203125 0.42578125 0.08984375 0.458984375 0.091796875 0.4599609375 0.09423828125 0.4716796875 0.091796875 0.4814453125 0.09375 0.498046875 0.09326171875 0.5029296875 0.09375 0.509765625 0.1044921875 0.5107421875 0.10498046875 0.5068359375 0.10009765625 0.501953125 0.09912109375 0.5 0.099609375 0.4951171875
7 0.591796875 0.3662109375 0.59033203125 0.3701171875 0.59033203125 0.373046875 0.59130859375 0.37890625 0.5947265625 0.380859375 0.5947265625 0.3544921875 0.59375 0.353515625 0.59033203125 0.3603515625 0.59326171875 0.3662109375 0.591796875 0.3662109375
6 0.55126953125 0.4306640625 0.55126953125 0.4384765625 0.552734375 0.4365234375 0.5537109375 0.4189453125 0.5537109375 0.4140625 0.5546875 0.4140625 0.5546875 0.419921875 0.5546875 0.4287109375 0.55615234375 0.431640625 0.5576171875 0.4306640625 0.55615234375 0.423828125 0.55615234375 0.4140625 0.5576171875 0.4091796875 0.5576171875 0.4013671875 0.5556640625 0.3955078125 0.5556640625 0.392578125 0.5546875 0.3896484375 0.55322265625 0.3896484375 0.552734375 0.390625 0.552734375 0.3935546875 0.55224609375 0.396484375 0.5498046875 0.404296875 0.55029296875 0.4091796875 0.55029296875 0.4169921875 0.55126953125 0.4306640625
0 0.55419921875 0.4189453125 0.5546875 0.4150390625 0.5537109375 0.4140625 0.552734375 0.416015625 0.55322265625 0.41796875 0.5537109375 0.4326171875 0.5537109375 0.4443359375 0.5546875 0.439453125 0.5546875 0.4267578125 0.55419921875 0.4189453125
7 0.6171875 0.3603515625 0.61865234375 0.3603515625 0.61865234375 0.3525390625 0.6201171875 0.3505859375 0.61962890625 0.3291015625 0.6142578125 0.330078125 0.6142578125 0.3525390625 0.61669921875 0.3525390625 0.61572265625 0.35546875 0.6171875 0.3603515625
7 0.63916015625 0.2548828125 0.62109375 0.2568359375 0.62255859375 0.3134765625 0.64111328125 0.310546875 0.63916015625 0.2548828125
7 0.654296875 0.3115234375 0.6298828125 0.3134765625 0.6298828125 0.3564453125 0.65576171875 0.3564453125 0.654296875 0.3115234375
7 0.6015625 0.0390625 0.599609375 0.03515625 0.595703125 0.0341796875 0.58984375 0.0322265625 0.58447265625 0.03515625 0.5810546875 0.037109375 0.57763671875 0.0439453125 0.5751953125 0.0546875 0.57568359375 0.0615234375 0.578125 0.0712890625 0.58349609375 0.0791015625 0.59130859375 0.08203125 0.59521484375 0.080078125 0.6015625 0.0751953125 0.60595703125 0.068359375 0.60693359375 0.0615234375 0.6064453125 0.0595703125 0.609375 0.05859375 0.609375 0.0546875 0.607421875 0.0546875 0.60595703125 0.0478515625 0.6044921875 0.0400390625 0.6015625 0.0390625
4 0.7236328125 0.421875 0.72607421875 0.431640625 0.72998046875 0.4423828125 0.7275390625 0.4677734375 0.72607421875 0.4736328125 0.724609375 0.478515625 0.72607421875 0.4794921875 0.73681640625 0.478515625 0.73486328125 0.376953125 0.73193359375 0.3798828125 0.7265625 0.392578125 0.72705078125 0.3974609375 0.72265625 0.41015625 0.7236328125 0.421875
7 0.76171875 0.236328125 0.76220703125 0.2236328125 0.73828125 0.22265625 0.736328125 0.22265625 0.7333984375 0.228515625 0.7373046875 0.234375 0.76171875 0.236328125
4 0.73193359375 0.3818359375 0.72998046875 0.3955078125 0.73046875 0.4052734375 0.73193359375 0.412109375 0.7294921875 0.423828125 0.72802734375 0.4287109375 0.73046875 0.431640625 0.73193359375 0.427734375 0.73193359375 0.4384765625 0.732421875 0.4501953125 0.7373046875 0.458984375 0.740234375 0.4658203125 0.74072265625 0.47265625 0.7373046875 0.4765625 0.73583984375 0.4814453125 0.74169921875 0.4833984375 0.7490234375 0.4794921875 0.74755859375 0.4404296875 0.74755859375 0.4208984375 0.7490234375 0.421875 0.751953125 0.416015625 0.755859375 0.404296875 0.75390625 0.388671875 0.75 0.3779296875 0.7451171875 0.365234375 0.74267578125 0.359375 0.7421875 0.353515625 0.740234375 0.3466796875 0.73486328125 0.345703125 0.73291015625 0.349609375 0.734375 0.3603515625 0.73583984375 0.3681640625 0.73193359375 0.3818359375