4 0.8984375 0.45703125 0.8935546875 0.44921875 0.8916015625 0.439453125 0.8935546875 0.4296875 0.89453125 0.4306640625 0.89453125 0.435546875 0.896484375 0.4365234375 0.89794921875 0.4326171875 0.8974609375 0.4296875 0.8974609375 0.421875 0.896484375 0.4091796875 0.89501953125 0.40234375 0.89111328125 0.3974609375 0.890625 0.3935546875 0.88916015625 0.390625 0.88671875 0.39453125 0.88671875 0.4423828125 0.8955078125 0.4599609375 0.8984375 0.45703125
7 0.875 0.34765625 0.87890625 0.3564453125 0.88330078125 0.3583984375 0.88818359375 0.357421875 0.89208984375 0.3544921875 0.89453125 0.345703125 0.8955078125 0.3359375 0.89501953125 0.3232421875 0.8916015625 0.314453125 0.88525390625 0.3095703125 0.88037109375 0.310546875 0.876953125 0.3134765625 0.87353515625 0.3232421875 0.873046875 0.3330078125 0.87353515625 0.341796875 0.875 0.34765625
2 0.89208984375 0.4521484375 0.89306640625 0.4697265625 0.8974609375 0.48046875 0.9072265625 0.4814453125 0.90869140625 0.474609375 0.93701171875 0.474609375 0.9384765625 0.48046875 0.947265625 0.4814453125 0.9560546875 0.474609375 0.99609375 0.4716796875 0.99951171875 0.44921875 0.99365234375 0.416015625 0.98046875 0.4013671875 0.962890625 0.3974609375 0.94091796875 0.400390625 0.9296875 0.404296875 0.91748046875 0.42578125 0.90673828125 0.431640625 0.8955078125 0.4375 0.89208984375 0.4521484375
7 0.96435546875 0.20703125 0.96435546875 0.2021484375 0.95361328125 0.1865234375 0.8935546875 0.18359375 0.89306640625 0.21875 0.8955078125 0.2216796875 0.953125 0.224609375 0.96435546875 0.20703125
7 0.96044921875 0.2587890625 0.96337890625 0.25390625 0.96337890625 0.25 0.95361328125 0.234375 0.8935546875 0.234375 0.8935546875 0.2685546875 0.89697265625 0.2705078125 0.9521484375 0.271484375 0.96044921875 0.2587890625
7 0.95703125 0.3046875 0.962890625 0.2958984375 0.962890625 0.291015625 0.9580078125 0.283203125 0.95654296875 0.2822265625 0.89453125 0.28125 0.89208984375 0.283203125 0.89208984375 0.3017578125 0.89501953125 0.3046875 0.95703125 0.3046875
0 0.98291015625 0.44921875 0.98291015625 0.455078125 0.98388671875 0.4658203125 0.9873046875 0.4755859375 0.99169921875 0.474609375 0.99951171875 0.4638671875 0.99951171875 0.4375 0.99267578125 0.4326171875 0.9892578125 0.431640625 0.9833984375 0.435546875 0.98046875 0.447265625 0.98291015625 0.44921875
7 0.732421875 0.28515625 0.73193359375 0.2763671875 0.728515625 0.271484375 0.72509765625 0.2763671875 0.724609375 0.28515625 0.72705078125 0.2939453125 0.7294921875 0.2939453125 0.732421875 0.28515625
7 0.47216796875 0.322265625 0.47607421875 0.3212890625 0.47998046875 0.314453125 0.48095703125 0.3046875 0.478515625 0.2900390625 0.4716796875 0.2861328125 0.466796875 0.2890625 0.4638671875 0.2978515625 0.4638671875 0.310546875 0.46875 0.3193359375 0.47216796875 0.322265625
7 0.263671875 0.33984375 0.26708984375 0.33203125 0.26708984375 0.3193359375 0.26318359375 0.310546875 0.2568359375 0.310546875 0.25341796875 0.3173828125 0.25341796875 0.330078125 0.2568359375 0.33984375 0.263671875 0.33984375
7 0.11767578125 0.3623046875 0.10791015625 0.3623046875 0.107421875 0.388671875 0.11767578125 0.388671875 0.11767578125 0.3623046875
7 0.13671875 0.28125 0.14111328125 0.2822265625 0.14501953125 0.2763671875 0.146484375 0.2666015625 0.1435546875 0.2578125 0.138671875 0.2548828125 0.13525390625 0.2578125 0.13232421875 0.265625 0.13330078125 0.2763671875 0.13671875 0.28125
2 0.11181640625 0.4658203125 0.11279296875 0.451171875 0.1123046875 0.4404296875 0.109375 0.427734375 0.10546875 0.421875 0.099609375 0.421875 0.09716796875 0.4208984375 0.09326171875 0.4658203125 0.1025390625 0.46484375 0.11181640625 0.4658203125
4 0.04931640625 0.42578125 0.04833984375 0.458984375 0.0517578125 0.462890625 0.046875 0.46484375 0.04833984375 0.4697265625 0.0556640625 0.4697265625 0.0576171875 0.3779296875 0.05419921875 0.3759765625 0.05224609375 0.37890625 0.052734375 0.3857421875 0.0498046875 0.3994140625 0.0478515625 0.40625 0.04931640625 0.42578125
7 0.66064453125 0.3232421875 0.64501953125 0.3232421875 0.6435546875 0.33984375 0.66064453125 0.3408203125 0.66064453125 0.3232421875