9 0.4970703125 0.1943359375 0.4931640625 0.19140625 0.4912109375 0.18359375 0.48779296875 0.1884765625 0.4833984375 0.189453125 0.47998046875 0.185546875 0.4775390625 0.1826171875 0.4716796875 0.185546875 0.46923828125 0.19140625 0.45849609375 0.193359375 0.46142578125 0.18359375 0.46044921875 0.17578125 0.45751953125 0.1806640625 0.45654296875 0.1923828125 0.4521484375 0.1923828125 0.451171875 0.1962890625 0.45068359375 0.1884765625 0.447265625 0.1865234375 0.44287109375 0.1875 0.43896484375 0.1904296875 0.439453125 0.1923828125 0.443359375 0.193359375 0.4453125 0.205078125 0.4423828125 0.2060546875 0.44189453125 0.2470703125 0.44384765625 0.2470703125 0.447265625 0.2451171875 0.45166015625 0.244140625 0.45556640625 0.2451171875 0.458984375 0.24609375 0.4619140625 0.244140625 0.46337890625 0.234375 0.46142578125 0.23046875 0.4677734375 0.220703125 0.474609375 0.236328125 0.47412109375 0.2421875 0.47314453125 0.24609375 0.4697265625 0.2568359375 0.4697265625 0.271484375 0.47802734375 0.2724609375 0.478515625 0.259765625 0.4794921875 0.2548828125 0.47998046875 0.244140625 0.482421875 0.244140625 0.4853515625 0.25 0.49169921875 0.2578125 0.4912109375 0.263671875 0.48876953125 0.271484375 0.48876953125 0.279296875 0.4921875 0.283203125 0.49267578125 0.2890625 0.49072265625 0.2958984375 0.490234375 0.30078125 0.49072265625 0.306640625 0.4921875 0.3125 0.49072265625 0.318359375 0.49072265625 0.3251953125 0.49365234375 0.33203125 0.5166015625 0.3515625 0.52734375 0.33984375 0.51806640625 0.1884765625 0.5107421875 0.185546875 0.5068359375 0.1845703125 0.50146484375 0.19140625 0.4970703125 0.1943359375
9 0.47900390625 0.3271484375 0.47998046875 0.33203125 0.48095703125 0.3369140625 0.482421875 0.3330078125 0.48291015625 0.32421875 0.48388671875 0.31640625 0.4814453125 0.3115234375 0.478515625 0.3095703125 0.478515625 0.3173828125 0.47900390625 0.3271484375
9 0.44775390625 0.3408203125 0.451171875 0.3388671875 0.4501953125 0.33203125 0.44873046875 0.322265625 0.44677734375 0.3212890625 0.44970703125 0.3154296875 0.45263671875 0.3095703125 0.45166015625 0.3046875 0.45166015625 0.2978515625 0.453125 0.2978515625 0.453125 0.2939453125 0.44970703125 0.2900390625 0.44775390625 0.2822265625 0.45166015625 0.2802734375 0.4521484375 0.2734375 0.44921875 0.2646484375 0.447265625 0.271484375 0.4453125 0.271484375 0.443359375 0.2734375 0.4423828125 0.3056640625 0.44384765625 0.3447265625 0.44775390625 0.3408203125
4 0.4833984375 0.357421875 0.48193359375 0.3515625 0.48193359375 0.3486328125 0.48046875 0.3486328125 0.48046875 0.3515625 0.47900390625 0.3564453125 0.47900390625 0.3603515625 0.47998046875 0.361328125 0.48046875 0.3671875 0.4814453125 0.37109375 0.482421875 0.3681640625 0.48193359375 0.3642578125 0.482421875 0.3603515625 0.4833984375 0.357421875
7 0.4267578125 0.3447265625 0.4228515625 0.357421875 0.43017578125 0.357421875 0.4267578125 0.3447265625
4 0.40576171875 0.3701171875 0.404296875 0.3720703125 0.404296875 0.3740234375 0.4033203125 0.380859375 0.4033203125 0.3896484375 0.404296875 0.3955078125 0.404296875 0.4033203125 0.40625 0.404296875 0.40771484375 0.40234375 0.40771484375 0.392578125 0.408203125 0.3896484375 0.40966796875 0.3876953125 0.40869140625 0.37890625 0.40771484375 0.375 0.40673828125 0.3720703125 0.40576171875 0.3701171875
7 0.39501953125 0.3525390625 0.39501953125 0.3681640625 0.40283203125 0.3671875 0.40283203125 0.3525390625 0.39501953125 0.3525390625
4 0.38720703125 0.3916015625 0.3876953125 0.41015625 0.38818359375 0.419921875 0.390625 0.4208984375 0.39306640625 0.41796875 0.392578125 0.41015625 0.39306640625 0.396484375 0.392578125 0.388671875 0.39208984375 0.3837890625 0.390625 0.3818359375 0.388671875 0.384765625 0.38720703125 0.3916015625
4 0.40478515625 0.4111328125 0.404296875 0.400390625 0.40283203125 0.3896484375 0.40185546875 0.3857421875 0.400390625 0.3798828125 0.39794921875 0.3798828125 0.39697265625 0.3837890625 0.39599609375 0.388671875 0.39501953125 0.3935546875 0.39453125 0.3974609375 0.3955078125 0.400390625 0.39599609375 0.4150390625 0.39794921875 0.4306640625 0.39794921875 0.4404296875 0.3994140625 0.44140625 0.40087890625 0.4404296875 0.40283203125 0.4375 0.40283203125 0.427734375 0.40283203125 0.4130859375 0.40478515625 0.4111328125
4 0.19140625 0.396484375 0.19140625 0.384765625 0.1884765625 0.3798828125 0.189453125 0.376953125 0.19140625 0.375 0.19091796875 0.3662109375 0.18994140625 0.3583984375 0.1875 0.3583984375 0.18359375 0.3603515625 0.181640625 0.37109375 0.181640625 0.37890625 0.17822265625 0.388671875 0.17822265625 0.4033203125 0.1796875 0.4169921875 0.19189453125 0.4169921875 0.19091796875 0.40625 0.19140625 0.396484375
4 0.0771484375 0.412109375 0.07861328125 0.4072265625 0.0771484375 0.396484375 0.07763671875 0.3935546875 0.07568359375 0.38671875 0.0712890625 0.3828125 0.07080078125 0.3740234375 0.06884765625 0.3671875 0.06640625 0.365234375 0.06201171875 0.3671875 0.06103515625 0.373046875 0.06103515625 0.3818359375 0.05712890625 0.3876953125 0.056640625 0.40234375 0.05615234375 0.41015625 0.05859375 0.4150390625 0.05859375 0.423828125 0.0751953125 0.4208984375 0.07568359375 0.412109375 0.0771484375 0.412109375
0 0 0.5 0.00146484375 0.498046875 0.00537109375 0.490234375 0.00732421875 0.482421875 0.00830078125 0.48828125 0.009765625 0.4892578125 0.01025390625 0.4931640625 0.0087890625 0.49609375 0.01025390625 0.498046875 0.0126953125 0.4970703125 0.01416015625 0.4951171875 0.01318359375 0.4921875 0.01318359375 0.48828125 0.0146484375 0.4814453125 0.01416015625 0.474609375 0.0283203125 0.4423828125 0.0322265625 0.451171875 0.0263671875 0.458984375 0.02392578125 0.470703125 0.02490234375 0.4853515625 0.02783203125 0.4931640625 0.03125 0.4990234375 0.04345703125 0.4951171875 0.0439453125 0.451171875 0.04052734375 0.447265625 0.03515625 0.447265625 0.03125 0.435546875 0.02978515625 0.42578125 0.03564453125 0.419921875 0.0361328125 0.4140625 0.03515625 0.4091796875 0.03271484375 0.4091796875 0.03076171875 0.4140625 0.03076171875 0.416015625 0.02490234375 0.423828125 0.0205078125 0.4287109375 0.02197265625 0.4326171875 0.013671875 0.4345703125 0.00439453125 0.4384765625 0.00146484375 0.4365234375 0 0.4365234375 0 0.5
7 0.1494140625 0.27734375 0.14892578125 0.26171875 0.138671875 0.259765625 0.13916015625 0.2763671875 0.1494140625 0.27734375
7 0.13525390625 0.287109375 0.10986328125 0.287109375 0.10986328125 0.3017578125 0.1357421875 0.302734375 0.13525390625 0.287109375
7 0.11767578125 0.3115234375 0.1279296875 0.3115234375 0.1279296875 0.3017578125 0.11767578125 0.302734375 0.11767578125 0.3115234375
4 0.52001953125 0.3857421875 0.5205078125 0.392578125 0.52392578125 0.3916015625 0.52392578125 0.375 0.5224609375 0.3740234375 0.521484375 0.3759765625 0.52001953125 0.3798828125 0.52001953125 0.3857421875
7 0.53662109375 0.3486328125 0.52880859375 0.3486328125 0.52880859375 0.3623046875 0.5361328125 0.3623046875 0.53662109375 0.3486328125
9 0.5341796875 0.37109375 0.53369140625 0.3779296875 0.533203125 0.3876953125 0.54296875 0.3896484375 0.54443359375 0.3740234375 0.54248046875 0.369140625 0.5361328125 0.3671875 0.5341796875 0.37109375
2 0.51904296875 0.3896484375 0.513671875 0.3974609375 0.50830078125 0.3984375 0.5009765625 0.4033203125 0.498046875 0.4091796875 0.49658203125 0.4150390625 0.49853515625 0.42578125 0.50244140625 0.42578125 0.50390625 0.427734375 0.5068359375 0.4287109375 0.515625 0.427734375 0.517578125 0.423828125 0.53466796875 0.4228515625 0.55126953125 0.4208984375 0.546875 0.3876953125 0.5400390625 0.3857421875 0.53125 0.384765625 0.5244140625 0.3857421875 0.51904296875 0.3896484375
4 0.5751953125 0.3798828125 0.5751953125 0.384765625 0.5751953125 0.38671875 0.57568359375 0.392578125 0.57958984375 0.388671875 0.5810546875 0.3876953125 0.5810546875 0.3818359375 0.57861328125 0.3779296875 0.57861328125 0.375 0.576171875 0.375 0.5751953125 0.3798828125
4 0.56103515625 0.3857421875 0.5595703125 0.3935546875 0.56201171875 0.3974609375 0.56396484375 0.3974609375 0.56591796875 0.3955078125 0.56591796875 0.3916015625 0.56640625 0.3876953125 0.5673828125 0.3857421875 0.56787109375 0.3837890625 0.568359375 0.380859375 0.5673828125 0.3779296875 0.564453125 0.380859375 0.56298828125 0.3818359375 0.56103515625 0.3857421875
7 0.5654296875 0.3994140625 0.556640625 0.3994140625 0.55712890625 0.4248046875 0.5654296875 0.4248046875 0.5654296875 0.3994140625
7 0.54296875 0.39453125 0.5439453125 0.40234375 0.5458984375 0.408203125 0.548828125 0.4111328125 0.5517578125 0.412109375 0.5556640625 0.4091796875 0.5576171875 0.4033203125 0.55859375 0.3974609375 0.5576171875 0.3876953125 0.55712890625 0.3857421875 0.55615234375 0.3818359375 0.55029296875 0.37890625 0.546875 0.380859375 0.5439453125 0.38671875 0.54296875 0.39453125
7 0.55712890625 0.3310546875 0.55712890625 0.31640625 0.5478515625 0.31640625 0.5478515625 0.3310546875 0.55712890625 0.3310546875
7 0.546875 0.3349609375 0.546875 0.3505859375 0.55322265625 0.3505859375 0.55322265625 0.3349609375 0.546875 0.3349609375
7 0.62890625 0.3115234375 0.61767578125 0.3125 0.6181640625 0.345703125 0.62939453125 0.3447265625 0.62890625 0.3115234375
7 0.625 0.3505859375 0.64306640625 0.3515625 0.6318359375 0.3203125 0.625 0.3505859375
7 0.64013671875 0.30859375 0.6328125 0.341796875 0.64990234375 0.33984375 0.64013671875 0.30859375
4 0.68212890625 0.3740234375 0.6787109375 0.37109375 0.67626953125 0.37109375 0.67236328125 0.3701171875 0.66943359375 0.3701171875 0.6650390625 0.376953125 0.66796875 0.388671875 0.68212890625 0.38671875 0.68212890625 0.3740234375
2 0.60400390625 0.3603515625 0.6015625 0.3740234375 0.5966796875 0.3720703125 0.59375 0.373046875 0.59228515625 0.3876953125 0.599609375 0.3916015625 0.59814453125 0.4072265625 0.59765625 0.435546875 0.5966796875 0.4658203125 0.5966796875 0.4794921875 0.5986328125 0.482421875 0.603515625 0.4833984375 0.60400390625 0.4892578125 0.60693359375 0.4921875 0.60986328125 0.4921875 0.61181640625 0.4873046875 0.61328125 0.4755859375 0.65283203125 0.47265625 0.6533203125 0.4814453125 0.65673828125 0.484375 0.66064453125 0.482421875 0.662109375 0.4755859375 0.66357421875 0.490234375 0.6669921875 0.4912109375 0.6689453125 0.4912109375 0.671875 0.4873046875 0.67236328125 0.462890625 0.67431640625 0.4501953125 0.6728515625 0.44921875 0.673828125 0.4208984375 0.671875 0.3876953125 0.66748046875 0.361328125 0.66455078125 0.3544921875 0.64453125 0.3486328125 0.6181640625 0.3505859375 0.61083984375 0.3525390625 0.60400390625 0.3603515625
9 0.7138671875 0.146484375 0.70947265625 0.142578125 0.70263671875 0.14453125 0.7001953125 0.154296875 0.70068359375 0.1787109375 0.697265625 0.17578125 0.69091796875 0.1845703125 0.6884765625 0.1962890625 0.68359375 0.19921875 0.67822265625 0.1845703125 0.6728515625 0.171875 0.6669921875 0.1640625 0.6640625 0.1630859375 0.66552734375 0.169921875 0.6708984375 0.181640625 0.6748046875 0.1923828125 0.67578125 0.2021484375 0.67626953125 0.2099609375 0.68017578125 0.2158203125 0.6767578125 0.220703125 0.673828125 0.2138671875 0.6669921875 0.2041015625 0.6611328125 0.1953125 0.654296875 0.1845703125 0.64794921875 0.1796875 0.64501953125 0.1845703125 0.6513671875 0.1962890625 0.65576171875 0.2041015625 0.66455078125 0.216796875 0.666015625 0.220703125 0.6611328125 0.2197265625 0.6552734375 0.2158203125 0.6533203125 0.21484375 0.65966796875 0.2294921875 0.666015625 0.236328125 0.66943359375 0.244140625 0.67041015625 0.25 0.66748046875 0.2568359375 0.66162109375 0.24609375 0.65478515625 0.2431640625 0.6494140625 0.2451171875 0.65625 0.25390625 0.66455078125 0.263671875 0.66748046875 0.2734375 0.6669921875 0.2822265625 0.6689453125 0.2890625 0.66943359375 0.298828125 0.6708984375 0.3076171875 0.67578125 0.3193359375 0.68017578125 0.322265625 0.6767578125 0.3251953125 0.66748046875 0.3193359375 0.6640625 0.31640625 0.6640625 0.3251953125 0.6708984375 0.33203125 0.6708984375 0.337890625 0.67626953125 0.345703125 0.67236328125 0.3515625 0.671875 0.357421875 0.67626953125 0.357421875 0.67822265625 0.36328125 0.6787109375 0.373046875 0.68212890625 0.380859375 0.68310546875 0.3935546875 0.68798828125 0.4306640625 0.69677734375 0.4326171875 0.79443359375 0.4365234375 0.78515625 0.4169921875 0.77392578125 0.40625 0.771484375 0.3837890625 0.77734375 0.3662109375 0.783203125 0.3515625 0.7783203125 0.3427734375 0.77783203125 0.3359375 0.78466796875 0.3251953125 0.7880859375 0.3095703125 0.7880859375 0.2939453125 0.7880859375 0.2802734375 0.78466796875 0.2763671875 0.78125 0.283203125 0.78173828125 0.2939453125 0.77685546875 0.3037109375 0.7734375 0.3056640625 0.771484375 0.30078125 0.76513671875 0.302734375 0.76171875 0.296875 0.7666015625 0.2900390625 0.77685546875 0.28125 0.7763671875 0.275390625 0.76953125 0.2763671875 0.7666015625 0.2724609375 0.76171875 0.2705078125 0.75048828125 0.2724609375 0.75390625 0.2685546875 0.7568359375 0.263671875 0.7548828125 0.259765625 0.74951171875 0.259765625 0.74560546875 0.2529296875 0.74755859375 0.244140625 0.75048828125 0.232421875 0.7509765625 0.224609375 0.75341796875 0.22265625 0.75390625 0.2138671875 0.751953125 0.2109375 0.74853515625 0.2099609375 0.7470703125 0.203125 0.7509765625 0.1923828125 0.755859375 0.1806640625 0.75634765625 0.173828125 0.74951171875 0.1806640625 0.7451171875 0.1904296875 0.74267578125 0.1943359375 0.73828125 0.19140625 0.73046875 0.1875 0.7265625 0.18359375 0.7236328125 0.18359375 0.7197265625 0.1845703125 0.71630859375 0.1806640625 0.71337890625 0.1806640625 0.7197265625 0.1650390625 0.72314453125 0.1513671875 0.71630859375 0.158203125 0.7138671875 0.146484375
3 0.67822265625 0.396484375 0.6748046875 0.3974609375 0.677734375 0.4033203125 0.6767578125 0.4111328125 0.67626953125 0.4248046875 0.677734375 0.4296875 0.6806640625 0.43359375 0.68408203125 0.43359375 0.6875 0.4326171875 0.689453125 0.4287109375 0.68994140625 0.423828125 0.6923828125 0.419921875 0.69384765625 0.4140625 0.693359375 0.4091796875 0.69091796875 0.40625 0.689453125 0.3935546875 0.68603515625 0.3876953125 0.681640625 0.3876953125 0.67822265625 0.396484375
2 0.88037109375 0.619140625 0.8837890625 0.646484375 0.888671875 0.6669921875 0.88916015625 0.6875 0.89208984375 0.7109375 0.900390625 0.736328125 0.9091796875 0.74609375 0.9189453125 0.7490234375 0.92919921875 0.74609375 0.93603515625 0.7373046875 0.94091796875 0.7265625 0.9443359375 0.7119140625 0.99853515625 0.7177734375 0.99853515625 0.341796875 0.9384765625 0.35546875 0.93408203125 0.3623046875 0.92138671875 0.3916015625 0.9052734375 0.4375 0.89404296875 0.4755859375 0.88720703125 0.515625 0.88330078125 0.5625 0.87841796875 0.5947265625 0.87841796875 0.599609375 0.87939453125 0.6083984375 0.88037109375 0.619140625
7 0.724609375 0.328125 0.728515625 0.330078125 0.73193359375 0.328125 0.73388671875 0.3232421875 0.73486328125 0.3125 0.73291015625 0.3046875 0.72998046875 0.3017578125 0.7275390625 0.3017578125 0.7236328125 0.3046875 0.72119140625 0.3154296875 0.7216796875 0.322265625 0.724609375 0.328125
7 0.71240234375 0.2509765625 0.712890625 0.2861328125 0.73095703125 0.2861328125 0.73046875 0.25 0.71240234375 0.2509765625
4 0.4736328125 0.3466796875 0.4736328125 0.349609375 0.47509765625 0.3515625 0.47607421875 0.3515625 0.4765625 0.3466796875 0.47705078125 0.345703125 0.4755859375 0.3427734375 0.47509765625 0.3408203125 0.47412109375 0.341796875 0.4736328125 0.3447265625 0.4736328125 0.3466796875