9 0.525390625 0.359375 0.5302734375 0.3505859375 0.54052734375 0.1162109375 0.53369140625 0.1171875 0.5302734375 0.1181640625 0.52880859375 0.1220703125 0.52197265625 0.1201171875 0.51611328125 0.1162109375 0.509765625 0.1162109375 0.50634765625 0.1162109375 0.5068359375 0.126953125 0.50146484375 0.1279296875 0.501953125 0.1376953125 0.5009765625 0.1474609375 0.50341796875 0.15625 0.50341796875 0.1640625 0.5048828125 0.169921875 0.5048828125 0.1806640625 0.50341796875 0.1884765625 0.50341796875 0.1923828125 0.501953125 0.1826171875 0.5 0.177734375 0.49755859375 0.177734375 0.49658203125 0.171875 0.4951171875 0.1630859375 0.48876953125 0.16015625 0.4853515625 0.166015625 0.47998046875 0.1728515625 0.47802734375 0.1826171875 0.474609375 0.189453125 0.4697265625 0.193359375 0.46728515625 0.2041015625 0.466796875 0.216796875 0.47314453125 0.228515625 0.4736328125 0.23828125 0.47119140625 0.24609375 0.47119140625 0.26171875 0.4765625 0.2724609375 0.474609375 0.28125 0.474609375 0.2978515625 0.470703125 0.3076171875 0.47314453125 0.3193359375 0.47314453125 0.3291015625 0.4775390625 0.333984375 0.48046875 0.33984375 0.486328125 0.3408203125 0.48876953125 0.349609375 0.49462890625 0.3486328125 0.4990234375 0.3466796875 0.5048828125 0.3515625 0.50830078125 0.3447265625 0.5126953125 0.34765625 0.5166015625 0.359375 0.51806640625 0.3740234375 0.5185546875 0.408203125 0.52392578125 0.4091796875 0.525390625 0.359375
7 0.51806640625 0.36328125 0.5185546875 0.3623046875 0.52001953125 0.3564453125 0.51806640625 0.353515625 0.51513671875 0.3525390625 0.51416015625 0.357421875 0.51416015625 0.3623046875 0.5166015625 0.36328125 0.51806640625 0.36328125
2 0.38525390625 0.4013671875 0.38671875 0.3994140625 0.3935546875 0.3994140625 0.388671875 0.3701171875 0.384765625 0.3642578125 0.3818359375 0.3583984375 0.37646484375 0.3583984375 0.37109375 0.361328125 0.369140625 0.3798828125 0.37255859375 0.3994140625 0.38525390625 0.4013671875
2 0.4443359375 0.380859375 0.4462890625 0.3603515625 0.4482421875 0.3505859375 0.44775390625 0.3427734375 0.44384765625 0.34375 0.44287109375 0.3154296875 0.4404296875 0.30859375 0.43408203125 0.3037109375 0.42919921875 0.30078125 0.42138671875 0.298828125 0.4072265625 0.3037109375 0.4033203125 0.30859375 0.3994140625 0.3359375 0.3955078125 0.400390625 0.4453125 0.404296875 0.4443359375 0.380859375
6 0.39111328125 0.3544921875 0.40283203125 0.353515625 0.40380859375 0.341796875 0.4033203125 0.33203125 0.3994140625 0.3291015625 0.3994140625 0.322265625 0.39892578125 0.3154296875 0.39306640625 0.3154296875 0.39111328125 0.322265625 0.39208984375 0.328125 0.38525390625 0.345703125 0.3876953125 0.3505859375 0.39111328125 0.3544921875
3 0.38818359375 0.353515625 0.38818359375 0.3603515625 0.38818359375 0.3720703125 0.388671875 0.3818359375 0.38916015625 0.390625 0.390625 0.40234375 0.3984375 0.40234375 0.4013671875 0.38671875 0.40087890625 0.380859375 0.400390625 0.375 0.400390625 0.365234375 0.400390625 0.3564453125 0.39892578125 0.3505859375 0.40185546875 0.345703125 0.4072265625 0.3447265625 0.40771484375 0.3408203125 0.40234375 0.33984375 0.400390625 0.34375 0.39208984375 0.34375 0.38671875 0.333984375 0.38427734375 0.333984375 0.3837890625 0.341796875 0.38525390625 0.3505859375 0.38720703125 0.3515625 0.38818359375 0.353515625
2 0.349609375 0.396484375 0.36669921875 0.3984375 0.37060546875 0.4013671875 0.376953125 0.4013671875 0.37841796875 0.3779296875 0.38232421875 0.369140625 0.38037109375 0.3642578125 0.3779296875 0.3642578125 0.3759765625 0.3603515625 0.37158203125 0.3525390625 0.35693359375 0.3505859375 0.349609375 0.3515625 0.3447265625 0.3603515625 0.34228515625 0.3603515625 0.3388671875 0.365234375 0.341796875 0.37109375 0.33935546875 0.3759765625 0.33935546875 0.400390625 0.3427734375 0.400390625 0.3466796875 0.400390625 0.349609375 0.396484375
7 0.6455078125 0.216796875 0.63134765625 0.2158203125 0.62939453125 0.228515625 0.64501953125 0.228515625 0.6455078125 0.216796875
7 0.6083984375 0.248046875 0.60595703125 0.2490234375 0.60595703125 0.267578125 0.60986328125 0.267578125 0.61083984375 0.2763671875 0.6142578125 0.2841796875 0.62060546875 0.283203125 0.62158203125 0.2314453125 0.61474609375 0.23046875 0.60986328125 0.23046875 0.607421875 0.2392578125 0.6083984375 0.248046875
7 0.611328125 0.2509765625 0.615234375 0.2509765625 0.61669921875 0.2490234375 0.619140625 0.24609375 0.619140625 0.240234375 0.6181640625 0.2333984375 0.61572265625 0.2314453125 0.61181640625 0.2314453125 0.60693359375 0.236328125 0.607421875 0.2451171875 0.60888671875 0.2490234375 0.611328125 0.2509765625
7 0.72607421875 0.146484375 0.72900390625 0.14453125 0.72900390625 0.1416015625 0.73193359375 0.1396484375 0.73291015625 0.119140625 0.72216796875 0.1240234375 0.72216796875 0.1435546875 0.72314453125 0.1455078125 0.72607421875 0.146484375
7 0.75 0.169921875 0.72265625 0.166015625 0.7216796875 0.1845703125 0.74951171875 0.1865234375 0.75 0.169921875
7 0.7158203125 0.234375 0.72705078125 0.2138671875 0.72900390625 0.208984375 0.7265625 0.203125 0.71484375 0.1826171875 0.712890625 0.18359375 0.7021484375 0.2080078125 0.7041015625 0.2158203125 0.71337890625 0.23046875 0.7158203125 0.234375
7 0.71533203125 0.2724609375 0.71826171875 0.2744140625 0.72314453125 0.2734375 0.72314453125 0.234375 0.71630859375 0.234375 0.71630859375 0.2490234375 0.7158203125 0.2568359375 0.7158203125 0.2626953125 0.71533203125 0.2724609375
7 0.68359375 0.1640625 0.689453125 0.171875 0.70068359375 0.169921875 0.70556640625 0.16015625 0.70849609375 0.1455078125 0.70556640625 0.1259765625 0.7001953125 0.115234375 0.6953125 0.11328125 0.6884765625 0.115234375 0.681640625 0.1240234375 0.68017578125 0.1318359375 0.67919921875 0.142578125 0.68017578125 0.1513671875 0.68359375 0.1640625
7 0.25244140625 0.2099609375 0.22802734375 0.2060546875 0.22802734375 0.2216796875 0.25244140625 0.224609375 0.25244140625 0.2099609375
2 0 0.6357421875 0.01611328125 0.626953125 0.0166015625 0.6357421875 0.017578125 0.6435546875 0.0185546875 0.650390625 0.02197265625 0.65625 0.02490234375 0.66015625 0.029296875 0.6630859375 0.03662109375 0.6630859375 0.04150390625 0.6591796875 0.04638671875 0.6533203125 0.048828125 0.6435546875 0.0498046875 0.630859375 0.0517578125 0.615234375 0.05224609375 0.599609375 0.05126953125 0.58203125 0.056640625 0.5595703125 0.056640625 0.5400390625 0.052734375 0.5283203125 0.05322265625 0.4833984375 0.052734375 0.451171875 0.0478515625 0.435546875 0.0400390625 0.3935546875 0.0361328125 0.3671875 0.02880859375 0.35546875 0.0146484375 0.3427734375 0 0.333984375 0 0.4755859375 0 0.6357421875