9 0.05078125 0.083984375 0.0498046875 0.06640625 0.04638671875 0.068359375 0.03955078125 0.0791015625 0.03759765625 0.087890625 0.05029296875 0.091796875 0.05078125 0.083984375
4 0.15478515625 0.51171875 0.15966796875 0.5126953125 0.1611328125 0.5087890625 0.16357421875 0.498046875 0.1650390625 0.484375 0.1640625 0.4658203125 0.1630859375 0.453125 0.16015625 0.4453125 0.1572265625 0.4404296875 0.15380859375 0.4443359375 0.15185546875 0.4619140625 0.15283203125 0.484375 0.15478515625 0.51171875
4 0.173828125 0.515625 0.18212890625 0.5166015625 0.18212890625 0.5 0.18310546875 0.4853515625 0.18505859375 0.4638671875 0.18310546875 0.455078125 0.1806640625 0.4501953125 0.17724609375 0.443359375 0.17626953125 0.44140625 0.1728515625 0.4453125 0.1728515625 0.453125 0.1708984375 0.4638671875 0.1708984375 0.4755859375 0.1708984375 0.4892578125 0.173828125 0.515625
7 0.208984375 0.2685546875 0.2109375 0.2587890625 0.21044921875 0.2470703125 0.20703125 0.240234375 0.203125 0.2353515625 0.19921875 0.2353515625 0.19482421875 0.236328125 0.19091796875 0.240234375 0.18896484375 0.2529296875 0.18896484375 0.2646484375 0.1943359375 0.275390625 0.2001953125 0.2783203125 0.205078125 0.2763671875 0.208984375 0.2685546875
7 0.19189453125 0.3173828125 0.197265625 0.322265625 0.20458984375 0.3203125 0.208984375 0.310546875 0.2099609375 0.3017578125 0.208984375 0.2890625 0.2041015625 0.28125 0.19921875 0.279296875 0.19287109375 0.2822265625 0.189453125 0.291015625 0.1884765625 0.302734375 0.189453125 0.30859375 0.19189453125 0.3173828125
7 0.1904296875 0.3232421875 0.1904296875 0.3642578125 0.20654296875 0.3642578125 0.20703125 0.3212890625 0.1904296875 0.3232421875
7 0.19482421875 0.3720703125 0.19287109375 0.3857421875 0.2021484375 0.390625 0.2041015625 0.3779296875 0.19482421875 0.3720703125
8 0 0.3935546875 0.1298828125 0.5400390625 0.146484375 0.5400390625 0.14453125 0.525390625 0.14404296875 0.5234375 0.14453125 0.49609375 0.14892578125 0.4921875 0.1494140625 0.478515625 0.1533203125 0.4609375 0.16015625 0.126953125 0 0.0615234375 0 0.3935546875
2 0 0.689453125 0.033203125 0.6796875 0.041015625 0.7177734375 0.04931640625 0.736328125 0.06494140625 0.7431640625 0.07861328125 0.73828125 0.0888671875 0.72265625 0.0947265625 0.6962890625 0.099609375 0.6533203125 0.11572265625 0.64453125 0.13134765625 0.6318359375 0.1328125 0.59765625 0.1298828125 0.5830078125 0.1298828125 0.517578125 0.126953125 0.423828125 0.11474609375 0.3173828125 0.10546875 0.2763671875 0 0.2451171875 0 0.689453125
4 0.32373046875 0.541015625 0.32373046875 0.546875 0.33349609375 0.54296875 0.333984375 0.5087890625 0.33642578125 0.494140625 0.33642578125 0.4853515625 0.33251953125 0.4755859375 0.33349609375 0.46875 0.3291015625 0.46484375 0.32666015625 0.4658203125 0.32666015625 0.4765625 0.322265625 0.482421875 0.3212890625 0.4951171875 0.3251953125 0.51171875 0.32568359375 0.529296875 0.32373046875 0.541015625
2 0.5 0.556640625 0.5107421875 0.564453125 0.5107421875 0.5693359375 0.5126953125 0.5751953125 0.515625 0.5791015625 0.5224609375 0.5791015625 0.52734375 0.5771484375 0.53125 0.5703125 0.54833984375 0.572265625 0.5517578125 0.583984375 0.5576171875 0.5869140625 0.5634765625 0.5869140625 0.5673828125 0.5830078125 0.57080078125 0.5751953125 0.5908203125 0.5771484375 0.595703125 0.5859375 0.6015625 0.587890625 0.60791015625 0.5849609375 0.60986328125 0.5791015625 0.62890625 0.580078125 0.6318359375 0.5888671875 0.63623046875 0.59375 0.64306640625 0.59375 0.64794921875 0.5888671875 0.650390625 0.5810546875 0.66015625 0.578125 0.662109375 0.576171875 0.6630859375 0.56640625 0.6650390625 0.5517578125 0.66357421875 0.53515625 0.66162109375 0.51953125 0.65185546875 0.513671875 0.6416015625 0.501953125 0.630859375 0.4892578125 0.61376953125 0.4794921875 0.59326171875 0.4765625 0.56591796875 0.4794921875 0.5517578125 0.4873046875 0.5380859375 0.5048828125 0.51953125 0.5107421875 0.50634765625 0.517578125 0.5029296875 0.52734375 0.49951171875 0.5458984375 0.5 0.556640625
7 0.89697265625 0.26953125 0.89697265625 0.2548828125 0.884765625 0.2421875 0.8779296875 0.2392578125 0.8779296875 0.263671875 0.88525390625 0.2646484375 0.89697265625 0.26953125
7 0.95751953125 0.1689453125 0.9248046875 0.17578125 0.92529296875 0.248046875 0.95849609375 0.2412109375 0.95751953125 0.1689453125
4 0.26708984375 0.5302734375 0.26806640625 0.5263671875 0.26953125 0.515625 0.2685546875 0.50390625 0.27001953125 0.4990234375 0.27099609375 0.486328125 0.26806640625 0.4462890625 0.2666015625 0.44140625 0.26513671875 0.435546875 0.263671875 0.4326171875 0.26220703125 0.4326171875 0.2607421875 0.4375 0.2587890625 0.4462890625 0.25537109375 0.4482421875 0.25341796875 0.4560546875 0.25341796875 0.466796875 0.25146484375 0.4814453125 0.25146484375 0.48828125 0.2529296875 0.4892578125 0.25439453125 0.4892578125 0.25537109375 0.486328125 0.2568359375 0.486328125 0.2568359375 0.48828125 0.25732421875 0.498046875 0.25732421875 0.5107421875 0.2587890625 0.5185546875 0.2578125 0.5263671875 0.2578125 0.5322265625 0.2587890625 0.5361328125 0.26220703125 0.533203125 0.26220703125 0.5263671875 0.26220703125 0.517578125 0.26318359375 0.50634765625 0.26318359375 0.51953125 0.26416015625 0.533203125 0.2646484375 0.537109375 0.26708984375 0.5380859375 0.26708984375 0.5302734375
4 0.28369140625 0.4951171875 0.28369140625 0.486328125 0.28369140625 0.4794921875 0.2841796875 0.470703125 0.2841796875 0.4619140625 0.2841796875 0.4560546875 0.28173828125 0.4482421875 0.27978515625 0.443359375 0.27978515625 0.4365234375 0.27880859375 0.4296875 0.27587890625 0.427734375 0.27392578125 0.4287109375 0.2724609375 0.4326171875 0.27197265625 0.4365234375 0.27001953125 0.439453125 0.26904296875 0.443359375 0.267578125 0.4443359375 0.2666015625 0.4443359375 0.26611328125 0.4501953125 0.26611328125 0.4599609375 0.26611328125 0.4619140625 0.263671875 0.470703125 0.26513671875 0.4775390625 0.26416015625 0.484375 0.2646484375 0.48828125 0.265625 0.4892578125 0.26806640625 0.490234375 0.26904296875 0.486328125 0.26806640625 0.4814453125 0.267578125 0.4755859375 0.2685546875 0.470703125 0.26904296875 0.46875 0.26953125 0.4814453125 0.26904296875 0.4892578125 0.26806640625 0.4990234375 0.267578125 0.50390625 0.26708984375 0.5107421875 0.26708984375 0.5185546875 0.265625 0.5283203125 0.2666015625 0.5361328125 0.265625 0.5380859375 0.2705078125 0.5380859375 0.275390625 0.5390625 0.27685546875 0.5361328125 0.27783203125 0.5390625 0.28125 0.5400390625 0.287109375 0.5400390625 0.28515625 0.5341796875 0.2822265625 0.53125 0.2822265625 0.5224609375 0.2822265625 0.5107421875 0.28369140625 0.501953125 0.28369140625 0.4990234375 0.28369140625 0.4951171875
4 0.36328125 0.529296875 0.36376953125 0.5380859375 0.3642578125 0.544921875 0.36767578125 0.548828125 0.37109375 0.5478515625 0.37255859375 0.5478515625 0.3720703125 0.544921875 0.37158203125 0.5419921875 0.37109375 0.537109375 0.3701171875 0.53125 0.3701171875 0.5244140625 0.37109375 0.5224609375 0.373046875 0.517578125 0.3759765625 0.517578125 0.3779296875 0.513671875 0.3779296875 0.505859375 0.3779296875 0.49609375 0.3779296875 0.4912109375 0.38134765625 0.484375 0.37646484375 0.4775390625 0.37548828125 0.4697265625 0.3740234375 0.455078125 0.37353515625 0.44921875 0.37060546875 0.439453125 0.3701171875 0.43359375 0.3701171875 0.4296875 0.37060546875 0.4248046875 0.36962890625 0.4208984375 0.3662109375 0.4169921875 0.3642578125 0.4169921875 0.3623046875 0.4228515625 0.3623046875 0.427734375 0.3623046875 0.4296875 0.36083984375 0.435546875 0.3642578125 0.513671875 0.36328125 0.5205078125 0.36328125 0.529296875
4 0.3505859375 0.4736328125 0.3525390625 0.4814453125 0.3515625 0.4921875 0.353515625 0.5087890625 0.35205078125 0.521484375 0.35205078125 0.53125 0.3544921875 0.5419921875 0.35400390625 0.546875 0.35546875 0.5498046875 0.3603515625 0.5517578125 0.3642578125 0.5498046875 0.36572265625 0.548828125 0.36474609375 0.544921875 0.36376953125 0.5400390625 0.36279296875 0.5341796875 0.36279296875 0.5234375 0.3642578125 0.513671875 0.36669921875 0.51171875 0.36669921875 0.5048828125 0.36669921875 0.4951171875 0.369140625 0.4931640625 0.37109375 0.48828125 0.37060546875 0.4833984375 0.37255859375 0.4814453125 0.37646484375 0.4765625 0.373046875 0.474609375 0.3681640625 0.470703125 0.36474609375 0.4609375 0.36279296875 0.45703125 0.36279296875 0.451171875 0.36279296875 0.4443359375 0.3623046875 0.4384765625 0.36083984375 0.431640625 0.35888671875 0.4296875 0.35498046875 0.4296875 0.35302734375 0.4326171875 0.3525390625 0.44140625 0.35107421875 0.4482421875 0.35205078125 0.455078125 0.35205078125 0.462890625 0.3505859375 0.4736328125