9 0.998046875 0.1396484375 0.98046875 0.15234375 0.96826171875 0.140625 0.9501953125 0.1455078125 0.93359375 0.1435546875 0.91796875 0.140625 0.9091796875 0.1474609375 0.90234375 0.166015625 0.92724609375 0.34375 0.9970703125 0.34375 0.998046875 0.1396484375
9 0.4775390625 0.0400390625 0.45068359375 0.0283203125 0.39404296875 0.013671875 0.38037109375 0.013671875 0.38037109375 0.0029296875 0.32373046875 0 0.32421875 0.017578125 0.30078125 0.001953125 0.2607421875 0.001953125 0.27197265625 0.4345703125 0.31591796875 0.4541015625 0.39404296875 0.435546875 0.435546875 0.4130859375 0.4462890625 0.2353515625 0.53857421875 0.220703125 0.5556640625 0.2958984375 0.58642578125 0.29296875 0.60205078125 0.2763671875 0.5966796875 0.1044921875 0.580078125 0.0927734375 0.56640625 0.0556640625 0.5458984375 0.048828125 0.52294921875 0.0673828125 0.50927734375 0.0419921875 0.4775390625 0.0400390625
2 0.8408203125 0.3837890625 0.85986328125 0.380859375 0.86474609375 0.3740234375 0.8642578125 0.3349609375 0.853515625 0.333984375 0.83349609375 0.3388671875 0.82568359375 0.3681640625 0.8271484375 0.3779296875 0.8408203125 0.3837890625
2 0.76708984375 0.3662109375 0.779296875 0.373046875 0.79052734375 0.375 0.7958984375 0.369140625 0.79443359375 0.3447265625 0.791015625 0.33203125 0.78369140625 0.33203125 0.77197265625 0.3310546875 0.7607421875 0.3330078125 0.76123046875 0.34765625 0.76708984375 0.3662109375
2 0.7958984375 0.3740234375 0.79443359375 0.35546875 0.7890625 0.349609375 0.77734375 0.349609375 0.771484375 0.359375 0.77685546875 0.380859375 0.78759765625 0.380859375 0.7958984375 0.3740234375
2 0.7568359375 0.3759765625 0.7802734375 0.373046875 0.7783203125 0.357421875 0.765625 0.3388671875 0.755859375 0.33984375 0.740234375 0.341796875 0.73583984375 0.3505859375 0.7333984375 0.376953125 0.7568359375 0.3759765625
2 0.83251953125 0.390625 0.83056640625 0.380859375 0.8212890625 0.3701171875 0.8017578125 0.37109375 0.7939453125 0.3740234375 0.79052734375 0.3935546875 0.7919921875 0.4072265625 0.7939453125 0.4072265625 0.79638671875 0.4013671875 0.8046875 0.4013671875 0.80859375 0.4072265625 0.81298828125 0.4072265625 0.82958984375 0.4033203125 0.83251953125 0.390625
7 0.80126953125 0.380859375 0.79443359375 0.3857421875 0.7939453125 0.4091796875 0.7919921875 0.41796875 0.79150390625 0.423828125 0.79736328125 0.4248046875 0.8046875 0.41796875 0.8056640625 0.4052734375 0.8056640625 0.3857421875 0.8046875 0.3779296875 0.80126953125 0.380859375
2 0.67578125 0.3935546875 0.693359375 0.390625 0.70361328125 0.3896484375 0.70849609375 0.380859375 0.7080078125 0.3515625 0.70458984375 0.34375 0.6962890625 0.3427734375 0.6923828125 0.3427734375 0.67236328125 0.3447265625 0.6650390625 0.3564453125 0.6650390625 0.3916015625 0.67578125 0.3935546875
7 0.69384765625 0.3623046875 0.693359375 0.3994140625 0.70068359375 0.3984375 0.69970703125 0.3623046875 0.69384765625 0.3623046875
7 0.68115234375 0.400390625 0.681640625 0.384765625 0.681640625 0.3564453125 0.67333984375 0.361328125 0.6748046875 0.400390625 0.68115234375 0.400390625
2 0.73388671875 0.3818359375 0.72705078125 0.4013671875 0.7265625 0.4326171875 0.7314453125 0.4326171875 0.73193359375 0.4267578125 0.74853515625 0.427734375 0.7490234375 0.435546875 0.75341796875 0.435546875 0.75927734375 0.4296875 0.76220703125 0.4296875 0.763671875 0.42578125 0.76513671875 0.404296875 0.7548828125 0.3818359375 0.74609375 0.380859375 0.73388671875 0.3818359375
8 0.61328125 0.3154296875 0.60986328125 0.326171875 0.59619140625 0.33203125 0.58935546875 0.3447265625 0.59326171875 0.3837890625 0.60205078125 0.396484375 0.63134765625 0.40234375 0.650390625 0.4013671875 0.6669921875 0.3974609375 0.673828125 0.3857421875 0.67333984375 0.3359375 0.6689453125 0.3203125 0.66650390625 0.310546875 0.62744140625 0.3115234375 0.61328125 0.3154296875
4 0.6591796875 0.39453125 0.65283203125 0.4072265625 0.6552734375 0.4453125 0.65771484375 0.453125 0.666015625 0.4521484375 0.66748046875 0.4287109375 0.66845703125 0.41015625 0.6669921875 0.3984375 0.66357421875 0.390625 0.6591796875 0.39453125
2 0.54052734375 0.3818359375 0.5615234375 0.3876953125 0.58837890625 0.3935546875 0.6083984375 0.390625 0.60888671875 0.37890625 0.59326171875 0.359375 0.5849609375 0.349609375 0.572265625 0.341796875 0.5322265625 0.349609375 0.52490234375 0.357421875 0.54052734375 0.3818359375
2 0.52880859375 0.384765625 0.54736328125 0.369140625 0.5341796875 0.3466796875 0.52392578125 0.3486328125 0.49365234375 0.3564453125 0.4970703125 0.3974609375 0.5107421875 0.3994140625 0.52880859375 0.384765625
2 0.525390625 0.4091796875 0.537109375 0.4140625 0.548828125 0.404296875 0.56689453125 0.388671875 0.56494140625 0.373046875 0.55810546875 0.3642578125 0.5234375 0.3662109375 0.515625 0.37109375 0.51220703125 0.3994140625 0.525390625 0.4091796875
2 0.5283203125 0.435546875 0.53564453125 0.4296875 0.53515625 0.408203125 0.52783203125 0.3857421875 0.52001953125 0.3837890625 0.49609375 0.384765625 0.498046875 0.4375 0.515625 0.4375 0.5283203125 0.435546875
2 0.45556640625 0.4091796875 0.4677734375 0.4404296875 0.4775390625 0.4482421875 0.48876953125 0.4501953125 0.4990234375 0.4443359375 0.50390625 0.4423828125 0.50341796875 0.3740234375 0.49853515625 0.3623046875 0.49072265625 0.3564453125 0.462890625 0.3642578125 0.45703125 0.3701171875 0.45068359375 0.390625 0.45556640625 0.4091796875
2 0.45654296875 0.4599609375 0.46826171875 0.453125 0.47265625 0.447265625 0.47265625 0.4248046875 0.466796875 0.3984375 0.46044921875 0.390625 0.44482421875 0.3876953125 0.44921875 0.4296875 0.44970703125 0.4541015625 0.45654296875 0.4599609375
7 0.50537109375 0.4287109375 0.5029296875 0.4404296875 0.501953125 0.44921875 0.51318359375 0.447265625 0.5146484375 0.447265625 0.5126953125 0.4248046875 0.51220703125 0.4033203125 0.50830078125 0.4013671875 0.50244140625 0.4033203125 0.50537109375 0.4287109375
7 0.49658203125 0.453125 0.49462890625 0.4013671875 0.48486328125 0.40234375 0.48486328125 0.45703125 0.49658203125 0.453125
7 0.4658203125 0.404296875 0.4677734375 0.4501953125 0.47802734375 0.4375 0.4765625 0.4091796875 0.47509765625 0.3955078125 0.47021484375 0.396484375 0.4658203125 0.404296875
2 0.365234375 0.4228515625 0.3916015625 0.423828125 0.39306640625 0.3984375 0.39306640625 0.3701171875 0.384765625 0.369140625 0.34912109375 0.3720703125 0.3466796875 0.404296875 0.34814453125 0.4287109375 0.365234375 0.4228515625
2 0.384765625 0.4150390625 0.400390625 0.45703125 0.40966796875 0.466796875 0.4296875 0.4658203125 0.44482421875 0.4609375 0.4560546875 0.4609375 0.45556640625 0.4189453125 0.45458984375 0.3759765625 0.44873046875 0.3466796875 0.41162109375 0.34375 0.39111328125 0.3486328125 0.38720703125 0.388671875 0.384765625 0.4150390625
7 0.44580078125 0.41796875 0.44580078125 0.4580078125 0.44482421875 0.4736328125 0.45703125 0.4716796875 0.4609375 0.46875 0.45751953125 0.4375 0.45703125 0.4033203125 0.447265625 0.4013671875 0.44580078125 0.41796875
7 0.42822265625 0.478515625 0.4287109375 0.4521484375 0.427734375 0.4248046875 0.42626953125 0.4052734375 0.421875 0.3955078125 0.4169921875 0.4033203125 0.41796875 0.4580078125 0.41357421875 0.4775390625 0.42822265625 0.478515625
2 0.39501953125 0.400390625 0.3818359375 0.3994140625 0.35791015625 0.3974609375 0.3388671875 0.4365234375 0.33935546875 0.4580078125 0.3408203125 0.482421875 0.35009765625 0.4814453125 0.35107421875 0.4736328125 0.3740234375 0.4736328125 0.38134765625 0.48046875 0.38818359375 0.4775390625 0.39013671875 0.474609375 0.390625 0.46875 0.39892578125 0.46875 0.3994140625 0.47265625 0.4013671875 0.4736328125 0.404296875 0.4736328125 0.40625 0.4716796875 0.4072265625 0.4658203125 0.408203125 0.4619140625 0.40625 0.423828125 0.39501953125 0.400390625
2 0.29541015625 0.3916015625 0.29248046875 0.39453125 0.2880859375 0.3974609375 0.279296875 0.3974609375 0.28759765625 0.4873046875 0.29296875 0.5029296875 0.310546875 0.494140625 0.33251953125 0.4794921875 0.3330078125 0.484375 0.33447265625 0.4873046875 0.337890625 0.4873046875 0.34033203125 0.486328125 0.3427734375 0.484375 0.34375 0.4794921875 0.3447265625 0.4736328125 0.3447265625 0.4677734375 0.34619140625 0.458984375 0.34521484375 0.435546875 0.3359375 0.4140625 0.32861328125 0.3955078125 0.3212890625 0.392578125 0.31640625 0.4013671875 0.3095703125 0.4013671875 0.30615234375 0.3916015625 0.29541015625 0.3916015625
2 0.19580078125 0.501953125 0.23291015625 0.5009765625 0.23388671875 0.5068359375 0.23486328125 0.509765625 0.23779296875 0.5126953125 0.24169921875 0.5126953125 0.24365234375 0.51171875 0.2451171875 0.5107421875 0.24609375 0.5087890625 0.24658203125 0.4970703125 0.29345703125 0.4892578125 0.29345703125 0.4345703125 0.28369140625 0.3828125 0.279296875 0.373046875 0.26318359375 0.373046875 0.2119140625 0.3798828125 0.20166015625 0.4052734375 0.1904296875 0.4375 0.19580078125 0.501953125
7 0.08544921875 0.3896484375 0.08154296875 0.3994140625 0.08203125 0.416015625 0.083984375 0.4658203125 0.10205078125 0.4443359375 0.09814453125 0.4140625 0.09814453125 0.3984375 0.09326171875 0.3896484375 0.08544921875 0.3896484375
2 0.08544921875 0.4423828125 0.078125 0.453125 0.06396484375 0.4697265625 0.06103515625 0.486328125 0.0634765625 0.51953125 0.06640625 0.53125 0.0703125 0.5439453125 0.072265625 0.546875 0.0751953125 0.5478515625 0.078125 0.548828125 0.08154296875 0.546875 0.08349609375 0.544921875 0.08544921875 0.54296875 0.0869140625 0.5361328125 0.087890625 0.52734375 0.1259765625 0.529296875 0.130859375 0.5361328125 0.13525390625 0.5439453125 0.14208984375 0.5458984375 0.150390625 0.54296875 0.1552734375 0.537109375 0.15673828125 0.5205078125 0.18603515625 0.515625 0.18798828125 0.525390625 0.19140625 0.52734375 0.1953125 0.5283203125 0.19873046875 0.5244140625 0.20166015625 0.5185546875 0.2021484375 0.5126953125 0.20263671875 0.5048828125 0.2060546875 0.4951171875 0.20263671875 0.4619140625 0.19775390625 0.4375 0.18505859375 0.4013671875 0.17138671875 0.4013671875 0.13232421875 0.4013671875 0.109375 0.408203125 0.09814453125 0.419921875 0.08544921875 0.4423828125
7 0.36865234375 0.4716796875 0.38134765625 0.474609375 0.3818359375 0.4580078125 0.38037109375 0.4189453125 0.37353515625 0.4091796875 0.36474609375 0.4130859375 0.36865234375 0.4716796875
7 0.30078125 0.416015625 0.29833984375 0.4306640625 0.30029296875 0.4931640625 0.2939453125 0.498046875 0.29443359375 0.5087890625 0.3212890625 0.5107421875 0.32373046875 0.50390625 0.31982421875 0.4931640625 0.31591796875 0.46875 0.31640625 0.416015625 0.3125 0.41015625 0.3037109375 0.4091796875 0.30078125 0.416015625
7 0.20703125 0.3974609375 0.20849609375 0.416015625 0.2080078125 0.431640625 0.2080078125 0.51171875 0.19970703125 0.51953125 0.19677734375 0.5400390625 0.2216796875 0.5400390625 0.234375 0.53125 0.22509765625 0.51171875 0.22509765625 0.4931640625 0.22314453125 0.4208984375 0.22265625 0.39453125 0.2119140625 0.3876953125 0.20703125 0.3974609375
7 0.13525390625 0.404296875 0.13525390625 0.43359375 0.13525390625 0.5283203125 0.123046875 0.541015625 0.1240234375 0.55859375 0.15771484375 0.5537109375 0.169921875 0.541015625 0.15478515625 0.5283203125 0.15576171875 0.5126953125 0.154296875 0.421875 0.154296875 0.3974609375 0.14111328125 0.3876953125 0.13525390625 0.404296875
2 0 0.53125 0.0537109375 0.5185546875 0.05859375 0.5126953125 0.0615234375 0.4765625 0.060546875 0.4365234375 0.05712890625 0.4208984375 0.064453125 0.4130859375 0.060546875 0.3876953125 0.04833984375 0.37890625 0.04345703125 0.33984375 0.03173828125 0.3330078125 0 0.3310546875 0 0.53125
2 0 0.5625 0.01171875 0.5615234375 0.01904296875 0.5751953125 0.03955078125 0.5615234375 0.0439453125 0.5361328125 0.0458984375 0.5078125 0.037109375 0.45703125 0.017578125 0.4072265625 0 0.392578125 0 0.5625
7 0 0.59765625 0.02392578125 0.5986328125 0.0537109375 0.5849609375 0.04736328125 0.5654296875 0.03369140625 0.5537109375 0.0322265625 0.4248046875 0.02197265625 0.4169921875 0.0146484375 0.412109375 0.00634765625 0.4228515625 0.00341796875 0.4384765625 0.00634765625 0.5576171875 0 0.5615234375 0 0.59765625
7 0.525390625 0.4189453125 0.52490234375 0.4462890625 0.52978515625 0.4501953125 0.53564453125 0.447265625 0.53955078125 0.4248046875 0.53955078125 0.396484375 0.5283203125 0.39453125 0.525390625 0.4189453125
7 0.5087890625 0.517578125 0.521484375 0.5185546875 0.52490234375 0.482421875 0.52392578125 0.4267578125 0.51513671875 0.4228515625 0.50927734375 0.43359375 0.5087890625 0.517578125
7 0.47119140625 0.5439453125 0.482421875 0.54296875 0.4912109375 0.5224609375 0.48681640625 0.4326171875 0.4765625 0.4287109375 0.46240234375 0.431640625 0.47119140625 0.5439453125
7 0.42529296875 0.400390625 0.42724609375 0.4345703125 0.42138671875 0.447265625 0.4189453125 0.5693359375 0.41455078125 0.5986328125 0.44140625 0.5771484375 0.44384765625 0.5546875 0.4443359375 0.5341796875 0.44580078125 0.44140625 0.443359375 0.4150390625 0.4384765625 0.400390625 0.42529296875 0.400390625
7 0.35986328125 0.451171875 0.35107421875 0.47265625 0.36279296875 0.6357421875 0.388671875 0.6181640625 0.39013671875 0.5888671875 0.39111328125 0.5791015625 0.38330078125 0.4658203125 0.3720703125 0.4501953125 0.3642578125 0.4443359375 0.35986328125 0.451171875
7 0.26904296875 0.390625 0.25830078125 0.4033203125 0.26025390625 0.4306640625 0.26806640625 0.4462890625 0.2587890625 0.453125 0.25537109375 0.47265625 0.26416015625 0.6806640625 0.25244140625 0.6923828125 0.24609375 0.70703125 0.244140625 0.7314453125 0.25439453125 0.724609375 0.31591796875 0.6728515625 0.31298828125 0.6650390625 0.30078125 0.66015625 0.30029296875 0.6142578125 0.29443359375 0.458984375 0.29296875 0.40625 0.27734375 0.3935546875 0.26904296875 0.390625
7 0.75048828125 0.4404296875 0.75244140625 0.4453125 0.759765625 0.44140625 0.7607421875 0.4345703125 0.75927734375 0.3994140625 0.75390625 0.3984375 0.75244140625 0.431640625 0.75048828125 0.4404296875
7 0.7333984375 0.41015625 0.7333984375 0.443359375 0.72802734375 0.4462890625 0.72705078125 0.4560546875 0.73974609375 0.4560546875 0.74658203125 0.451171875 0.74560546875 0.4453125 0.7431640625 0.4384765625 0.74365234375 0.4130859375 0.7431640625 0.4013671875 0.7373046875 0.3974609375 0.7333984375 0.41015625
7 0.68994140625 0.427734375 0.6884765625 0.4423828125 0.6953125 0.4423828125 0.697265625 0.4228515625 0.69677734375 0.3984375 0.6943359375 0.38671875 0.6884765625 0.3876953125 0.68994140625 0.427734375
7 0.70166015625 0.27734375 0.693359375 0.29296875 0.69482421875 0.3193359375 0.70068359375 0.3291015625 0.69384765625 0.3310546875 0.6962890625 0.3740234375 0.7236328125 0.3720703125 0.72265625 0.3271484375 0.7158203125 0.3271484375 0.720703125 0.3154296875 0.72412109375 0.302734375 0.72265625 0.2900390625 0.716796875 0.2783203125 0.7080078125 0.2744140625 0.70166015625 0.27734375
7 0.67724609375 0.41015625 0.67333984375 0.416015625 0.67333984375 0.4833984375 0.6669921875 0.4892578125 0.6669921875 0.5 0.671875 0.5068359375 0.68408203125 0.5078125 0.6904296875 0.505859375 0.6904296875 0.4892578125 0.6884765625 0.482421875 0.68798828125 0.3994140625 0.6826171875 0.3896484375 0.6767578125 0.3935546875 0.67724609375 0.41015625
7 0.7265625 0.388671875 0.720703125 0.3798828125 0.712890625 0.3779296875 0.70703125 0.38671875 0.7021484375 0.400390625 0.697265625 0.4033203125 0.69091796875 0.4130859375 0.6904296875 0.513671875 0.68505859375 0.521484375 0.68505859375 0.5361328125 0.69970703125 0.5380859375 0.69970703125 0.5498046875 0.6943359375 0.5546875 0.69287109375 0.572265625 0.705078125 0.5751953125 0.72998046875 0.5771484375 0.728515625 0.5595703125 0.72705078125 0.5517578125 0.7236328125 0.5439453125 0.72509765625 0.4814453125 0.7265625 0.4189453125 0.724609375 0.4130859375 0.7265625 0.388671875
7 0.9384765625 0.306640625 0.9404296875 0.3193359375 0.94921875 0.314453125 0.95166015625 0.2880859375 0.953125 0.275390625 0.94482421875 0.2607421875 0.939453125 0.2607421875 0.93798828125 0.2802734375 0.9384765625 0.306640625
4 0.81640625 0.4580078125 0.81591796875 0.4853515625 0.82373046875 0.4951171875 0.8291015625 0.484375 0.8310546875 0.427734375 0.830078125 0.4130859375 0.8291015625 0.3994140625 0.82275390625 0.390625 0.81689453125 0.40625 0.81640625 0.4580078125
7 0.8359375 0.396484375 0.83154296875 0.4111328125 0.82080078125 0.41796875 0.8203125 0.666015625 0.8095703125 0.671875 0.802734375 0.67578125 0.79443359375 0.701171875 0.81884765625 0.7158203125 0.83544921875 0.724609375 0.89013671875 0.7265625 0.8896484375 0.7099609375 0.876953125 0.6787109375 0.86376953125 0.669921875 0.86279296875 0.4228515625 0.85205078125 0.4111328125 0.8466796875 0.3984375 0.8359375 0.396484375
2 0.66748046875 0.490234375 0.6591796875 0.45703125 0.65234375 0.4306640625 0.638671875 0.3857421875 0.60302734375 0.3759765625 0.5625 0.37890625 0.54443359375 0.3828125 0.53076171875 0.4072265625 0.52490234375 0.4296875 0.5166015625 0.4345703125 0.51416015625 0.455078125 0.52099609375 0.4599609375 0.51806640625 0.4912109375 0.51708984375 0.60546875 0.51953125 0.6142578125 0.52294921875 0.62109375 0.52783203125 0.6240234375 0.533203125 0.6220703125 0.53662109375 0.619140625 0.53955078125 0.6142578125 0.54150390625 0.6044921875 0.54345703125 0.5869140625 0.6435546875 0.583984375 0.64404296875 0.59765625 0.64501953125 0.609375 0.64697265625 0.6142578125 0.64892578125 0.615234375 0.65283203125 0.6171875 0.6572265625 0.6171875 0.66162109375 0.6171875 0.6650390625 0.6123046875 0.666015625 0.60546875 0.66650390625 0.5927734375 0.6669921875 0.5771484375 0.66748046875 0.490234375