7 0.38232421875 0.3212890625 0.39404296875 0.3525390625 0.40087890625 0.318359375 0.38232421875 0.3212890625
2 0.4013671875 0.4833984375 0.4013671875 0.4716796875 0.40283203125 0.4833984375 0.40478515625 0.4833984375 0.4072265625 0.4814453125 0.40869140625 0.4775390625 0.4091796875 0.46484375 0.40869140625 0.4375 0.40478515625 0.427734375 0.4091796875 0.4208984375 0.4091796875 0.4140625 0.404296875 0.4140625 0.40234375 0.416015625 0.3984375 0.400390625 0.39306640625 0.390625 0.3564453125 0.390625 0.353515625 0.396484375 0.34765625 0.4248046875 0.3466796875 0.44921875 0.34912109375 0.4873046875 0.3505859375 0.4912109375 0.35302734375 0.4921875 0.3564453125 0.4912109375 0.357421875 0.486328125 0.35791015625 0.4794921875 0.35888671875 0.4794921875 0.36083984375 0.4873046875 0.36181640625 0.4892578125 0.36376953125 0.490234375 0.36572265625 0.4892578125 0.36767578125 0.486328125 0.3681640625 0.4775390625 0.3916015625 0.4765625 0.3916015625 0.4814453125 0.39208984375 0.486328125 0.39453125 0.4873046875 0.39794921875 0.4873046875 0.400390625 0.486328125 0.4013671875 0.4833984375
4 0.13427734375 0.4833984375 0.13427734375 0.4931640625 0.1416015625 0.5 0.1474609375 0.5009765625 0.1494140625 0.4853515625 0.1484375 0.4716796875 0.14990234375 0.4453125 0.14990234375 0.4365234375 0.146484375 0.4248046875 0.1416015625 0.41796875 0.13720703125 0.4306640625 0.130859375 0.447265625 0.1328125 0.462890625 0.13427734375 0.4833984375
4 0.14697265625 0.30859375 0.142578125 0.314453125 0.142578125 0.3271484375 0.146484375 0.345703125 0.15185546875 0.3525390625 0.16162109375 0.34765625 0.1611328125 0.3330078125 0.15869140625 0.3203125 0.15283203125 0.3125 0.14697265625 0.30859375
9 0.12158203125 0 0.12255859375 0.0244140625 0.10791015625 0.0234375 0.10498046875 0 0 0.0009765625 0 0.5185546875 0.02197265625 0.517578125 0.0576171875 0.51171875 0.07568359375 0.4609375 0.11865234375 0.423828125 0.134765625 0.41796875 0.14990234375 0.400390625 0.15087890625 0.3759765625 0.158203125 0.3642578125 0.17333984375 0.3544921875 0.18310546875 0.330078125 0.201171875 0.3291015625 0.21142578125 0.3544921875 0.21826171875 0.373046875 0.224609375 0.404296875 0.2314453125 0.4267578125 0.236328125 0.4453125 0.2431640625 0.4462890625 0.26220703125 0.4462890625 0.27734375 0.4560546875 0.2880859375 0.4423828125 0.29345703125 0.427734375 0.29736328125 0.3916015625 0.3076171875 0.365234375 0.3095703125 0.3330078125 0.2998046875 0.287109375 0.33349609375 0.2822265625 0.35107421875 0.2587890625 0.35498046875 0.2373046875 0.36767578125 0.2265625 0.36767578125 0.19140625 0.359375 0.15625 0.37255859375 0.14453125 0.38916015625 0.125 0.3984375 0.087890625 0.40380859375 0.0439453125 0.4072265625 0 0.12158203125 0
8 0.1572265625 0.3798828125 0.1572265625 0.4013671875 0.1630859375 0.396484375 0.1669921875 0.3955078125 0.16845703125 0.4013671875 0.16064453125 0.4072265625 0.1611328125 0.421875 0.15625 0.4365234375 0.15673828125 0.4833984375 0.16259765625 0.494140625 0.17041015625 0.501953125 0.1884765625 0.4931640625 0.205078125 0.4912109375 0.2119140625 0.49609375 0.22265625 0.4951171875 0.2275390625 0.4912109375 0.2275390625 0.4814453125 0.22265625 0.462890625 0.2236328125 0.3994140625 0.21923828125 0.3798828125 0.21337890625 0.3740234375 0.2060546875 0.365234375 0.2021484375 0.3544921875 0.1669921875 0.322265625 0.16064453125 0.3291015625 0.162109375 0.3701171875 0.1572265625 0.3798828125
2 0.095703125 0.384765625 0.08740234375 0.388671875 0.0830078125 0.3974609375 0.06201171875 0.3955078125 0.05712890625 0.4169921875 0.048828125 0.408203125 0.03125 0.4072265625 0.0361328125 0.5185546875 0.05615234375 0.513671875 0.07373046875 0.5048828125 0.09765625 0.50390625 0.11572265625 0.5029296875 0.12060546875 0.5009765625 0.13232421875 0.5 0.1357421875 0.49609375 0.1318359375 0.4091796875 0.12890625 0.3974609375 0.12451171875 0.390625 0.123046875 0.3935546875 0.1083984375 0.39453125 0.10302734375 0.3818359375 0.095703125 0.384765625
2 0.240234375 0.4267578125 0.236328125 0.44140625 0.23095703125 0.4521484375 0.22998046875 0.45703125 0.228515625 0.4697265625 0.2294921875 0.4912109375 0.23046875 0.49609375 0.23193359375 0.4970703125 0.234375 0.4970703125 0.23681640625 0.4951171875 0.23779296875 0.4892578125 0.24462890625 0.4892578125 0.24560546875 0.4921875 0.24658203125 0.4951171875 0.2490234375 0.4951171875 0.2509765625 0.4921875 0.25244140625 0.48828125 0.2626953125 0.4853515625 0.263671875 0.4892578125 0.265625 0.4912109375 0.26806640625 0.4912109375 0.2705078125 0.4892578125 0.27294921875 0.4833984375 0.27587890625 0.4833984375 0.27783203125 0.4873046875 0.2802734375 0.4873046875 0.283203125 0.4853515625 0.283203125 0.4775390625 0.2822265625 0.453125 0.2744140625 0.427734375 0.26708984375 0.423828125 0.240234375 0.4267578125
9 0.99853515625 0.0009765625 0.62939453125 0 0.62939453125 0.4921875 0.81591796875 0.787109375 0.90966796875 0.998046875 0.9970703125 0.998046875 0.99853515625 0.0009765625
8 0.48388671875 0.607421875 0.48486328125 0.59375 0.58349609375 0.5947265625 0.5869140625 0.6123046875 0.5908203125 0.6201171875 0.599609375 0.626953125 0.6142578125 0.6259765625 0.62255859375 0.6181640625 0.62548828125 0.6064453125 0.62744140625 0.5771484375 0.65185546875 0.5712890625 0.654296875 0.0009765625 0.4052734375 0.005859375 0.4111328125 0.4873046875 0.4287109375 0.4873046875 0.4296875 0.5244140625 0.427734375 0.544921875 0.4267578125 0.578125 0.4365234375 0.5771484375 0.4384765625 0.58984375 0.44189453125 0.6123046875 0.44775390625 0.619140625 0.4599609375 0.62109375 0.47021484375 0.6201171875 0.4775390625 0.6162109375 0.48388671875 0.607421875
2 0.28759765625 0.4560546875 0.28564453125 0.4482421875 0.283203125 0.4453125 0.2783203125 0.4375 0.2822265625 0.451171875 0.2822265625 0.462890625 0.283203125 0.478515625 0.284423828125 0.478515625 0.28662109375 0.4755859375 0.287109375 0.46484375 0.28759765625 0.4560546875