9 0 0.6083984375 0.7578125 0.5419921875 0.92724609375 0.4384765625 0.96044921875 0.0009765625 0 0.0009765625 0 0.6083984375
2 0.509765625 0.41796875 0.51416015625 0.4345703125 0.5166015625 0.4326171875 0.51708984375 0.4326171875 0.521484375 0.4326171875 0.52197265625 0.435546875 0.5234375 0.435546875 0.52392578125 0.4326171875 0.5263671875 0.431640625 0.52734375 0.4345703125 0.52880859375 0.435546875 0.529296875 0.4306640625 0.52978515625 0.4189453125 0.52734375 0.4140625 0.52490234375 0.4111328125 0.51806640625 0.41015625 0.513671875 0.4111328125 0.5107421875 0.4169921875 0.509765625 0.41796875
7 0.62451171875 0.3330078125 0.6162109375 0.3330078125 0.6162109375 0.3359375 0.6162109375 0.33984375 0.63134765625 0.33984375 0.63134765625 0.3330078125 0.62451171875 0.3330078125
7 0.6357421875 0.3427734375 0.62744140625 0.3427734375 0.626953125 0.3564453125 0.63525390625 0.3564453125 0.6357421875 0.3427734375
7 0.62939453125 0.3857421875 0.6318359375 0.3857421875 0.6337890625 0.3837890625 0.6357421875 0.3798828125 0.63720703125 0.3740234375 0.63720703125 0.3681640625 0.63623046875 0.3623046875 0.63427734375 0.357421875 0.63232421875 0.3564453125 0.62939453125 0.3564453125 0.62744140625 0.3583984375 0.625 0.36328125 0.6240234375 0.3681640625 0.6240234375 0.3740234375 0.62451171875 0.3779296875 0.6259765625 0.3818359375 0.626953125 0.3837890625 0.62939453125 0.3857421875
2 0.421875 0.4580078125 0.42333984375 0.4638671875 0.43359375 0.4638671875 0.43994140625 0.4443359375 0.4462890625 0.3994140625 0.4453125 0.3935546875 0.42333984375 0.3935546875 0.41943359375 0.4033203125 0.421875 0.4580078125
2 0.43359375 0.4248046875 0.43310546875 0.4384765625 0.43359375 0.4560546875 0.43408203125 0.4619140625 0.4365234375 0.4677734375 0.4482421875 0.47265625 0.45654296875 0.4423828125 0.45263671875 0.3984375 0.44287109375 0.3984375 0.43896484375 0.40234375 0.435546875 0.4140625 0.43359375 0.4248046875
2 0.4541015625 0.3935546875 0.451171875 0.39453125 0.4482421875 0.40234375 0.44775390625 0.4140625 0.44775390625 0.4228515625 0.4482421875 0.431640625 0.4482421875 0.439453125 0.4482421875 0.4521484375 0.4482421875 0.4609375 0.44580078125 0.4697265625 0.4521484375 0.4736328125 0.47412109375 0.4814453125 0.48095703125 0.4716796875 0.48193359375 0.466796875 0.48486328125 0.4677734375 0.4873046875 0.46484375 0.48876953125 0.46484375 0.4892578125 0.4697265625 0.48974609375 0.474609375 0.49072265625 0.4755859375 0.494140625 0.4765625 0.49560546875 0.4755859375 0.49658203125 0.470703125 0.49658203125 0.466796875 0.501953125 0.46875 0.501953125 0.474609375 0.50390625 0.48046875 0.5048828125 0.482421875 0.5087890625 0.482421875 0.51220703125 0.48046875 0.5146484375 0.4697265625 0.51513671875 0.453125 0.51416015625 0.439453125 0.513671875 0.419921875 0.51171875 0.41796875 0.509765625 0.4140625 0.5078125 0.4111328125 0.5068359375 0.40625 0.50732421875 0.404296875 0.5068359375 0.3974609375 0.505859375 0.396484375 0.50244140625 0.3759765625 0.49951171875 0.3720703125 0.4873046875 0.3681640625 0.47412109375 0.3662109375 0.4638671875 0.3671875 0.45947265625 0.3681640625 0.45166015625 0.3701171875 0.45166015625 0.3857421875 0.45263671875 0.3896484375 0.4541015625 0.3935546875
7 0.8134765625 0.263671875 0.81689453125 0.265625 0.8203125 0.263671875 0.82373046875 0.2607421875 0.82666015625 0.2548828125 0.82861328125 0.2470703125 0.828125 0.236328125 0.82568359375 0.2275390625 0.822265625 0.2236328125 0.81787109375 0.2216796875 0.8134765625 0.22265625 0.81005859375 0.2265625 0.80712890625 0.2333984375 0.80615234375 0.2421875 0.806640625 0.251953125 0.80810546875 0.255859375 0.8095703125 0.259765625 0.8134765625 0.263671875
7 0.80615234375 0.263671875 0.8056640625 0.3076171875 0.82763671875 0.306640625 0.828125 0.263671875 0.80615234375 0.263671875
7 0.82666015625 0.3369140625 0.8271484375 0.306640625 0.80517578125 0.3056640625 0.80517578125 0.3369140625 0.82666015625 0.3369140625
2 0.73974609375 0.6328125 0.74169921875 0.6435546875 0.75 0.6494140625 0.75634765625 0.6494140625 0.75927734375 0.6474609375 0.76123046875 0.64453125 0.76318359375 0.6337890625 0.76416015625 0.6220703125 0.7646484375 0.6201171875 0.77001953125 0.62109375 0.7724609375 0.623046875 0.79541015625 0.6416015625 0.794921875 0.65625 0.7958984375 0.681640625 0.79931640625 0.701171875 0.80419921875 0.708984375 0.81982421875 0.71484375 0.82421875 0.71484375 0.830078125 0.7080078125 0.833984375 0.6982421875 0.83837890625 0.6796875 0.83984375 0.66015625 0.87353515625 0.669921875 0.87548828125 0.6728515625 0.8798828125 0.677734375 0.88525390625 0.677734375 0.8896484375 0.6728515625 0.9228515625 0.6826171875 0.96044921875 0.693359375 0.962890625 0.72265625 0.966796875 0.73828125 0.97705078125 0.7470703125 0.98828125 0.7490234375 0.9951171875 0.744140625 0.99951171875 0.736328125 0.99951171875 0.5078125 0.99658203125 0.498046875 0.98583984375 0.4541015625 0.98291015625 0.43359375 0.98095703125 0.4267578125 0.97607421875 0.421875 0.9619140625 0.412109375 0.9365234375 0.400390625 0.9150390625 0.392578125 0.896484375 0.3876953125 0.8681640625 0.3837890625 0.8408203125 0.3818359375 0.82080078125 0.384765625 0.80859375 0.3916015625 0.79345703125 0.408203125 0.7802734375 0.431640625 0.76904296875 0.4580078125 0.767578125 0.4541015625 0.76318359375 0.4521484375 0.75732421875 0.453125 0.75341796875 0.4560546875 0.75146484375 0.4609375 0.7509765625 0.4697265625 0.75341796875 0.4736328125 0.759765625 0.4775390625 0.75048828125 0.5009765625 0.7451171875 0.5185546875 0.74169921875 0.5380859375 0.740234375 0.564453125 0.74072265625 0.5791015625 0.740234375 0.5869140625 0.73974609375 0.60546875 0.73974609375 0.6328125