21 0 0.9990234375 0.99951171875 0.9990234375 0.99951171875 0.794921875 0.9921875 0.783203125 0.79736328125 0.5517578125 0.78173828125 0.5322265625 0.76513671875 0.53125 0.703125 0.5380859375 0.62939453125 0.5517578125 0.53076171875 0.5888671875 0.49560546875 0.59375 0.44580078125 0.6015625 0.33203125 0.5947265625 0.0205078125 0.5810546875 0 0.5830078125 0 0.5986328125 0 0.9990234375
23 0.75634765625 0 0.763671875 0.0498046875 0.76513671875 0.0498046875 0.77783203125 0.052734375 0.7958984375 0.0390625 0.81201171875 0 0.75634765625 0
2 0.59716796875 0 0.59765625 0.5244140625 0.5986328125 0.5693359375 0.68701171875 0.5546875 0.6962890625 0.5546875 0.77734375 0.546875 0.77880859375 0.529296875 0.77783203125 0.0361328125 0.77392578125 0.0341796875 0.77392578125 0.0322265625 0.77392578125 0.0126953125 0.77294921875 0.015625 0.77392578125 0.0068359375 0.77587890625 0.00390625 0.7744140625 0.001953125 0.77392578125 0 0.59716796875 0
22 0 0.6025390625 0.0048828125 0.6025390625 0.10400390625 0.6064453125 0.28173828125 0.6142578125 0.36669921875 0.6123046875 0.423828125 0.6123046875 0.4970703125 0.607421875 0.52783203125 0.6044921875 0.55224609375 0.6015625 0.5517578125 0.5966796875 0.54736328125 0.59375 0.43017578125 0.5888671875 0.40576171875 0.5908203125 0.23828125 0.578125 0.17431640625 0.576171875 0.08154296875 0.57421875 0.009765625 0.5693359375 0.00048828125 0.5673828125 0 0.5869140625 0 0.6025390625
22 0.87109375 0.580078125 0.82177734375 0.5771484375 0.7744140625 0.57421875 0.7734375 0.57421875 0.76513671875 0.5732421875 0.76123046875 0.57421875 0.75634765625 0.580078125 0.75634765625 0.583984375 0.7587890625 0.5927734375 0.7626953125 0.6015625 0.767578125 0.6123046875 0.7744140625 0.615234375 0.77783203125 0.619140625 0.78515625 0.6298828125 0.7998046875 0.6513671875 0.8212890625 0.689453125 0.86083984375 0.7490234375 0.9169921875 0.8330078125 0.9970703125 0.95703125 0.99951171875 0.966796875 0.99951171875 0.615234375 0.87109375 0.580078125
2 0.78759765625 0 0.7880859375 0.0009765625 0.78955078125 0.0048828125 0.78857421875 0.005859375 0.78076171875 0.0107421875 0.77880859375 0.0107421875 0.775390625 0.0341796875 0.77001953125 0.0791015625 0.771484375 0.10546875 0.77001953125 0.2333984375 0.7734375 0.4619140625 0.775390625 0.56640625 0.77294921875 0.5859375 0.775390625 0.5908203125 0.7783203125 0.591796875 0.78173828125 0.5947265625 0.7841796875 0.5986328125 0.78662109375 0.6005859375 0.78955078125 0.6015625 0.79248046875 0.60546875 0.8076171875 0.60546875 0.8369140625 0.6083984375 0.84619140625 0.6083984375 0.86083984375 0.611328125 0.892578125 0.611328125 0.95703125 0.6220703125 0.958984375 0.6259765625 0.99462890625 0.6552734375 0.99951171875 0.6591796875 0.99951171875 0 0.78759765625 0
6 0.8251953125 0.5693359375 0.8251953125 0.564453125 0.8251953125 0.5595703125 0.8251953125 0.5556640625 0.82666015625 0.55078125 0.82763671875 0.548828125 0.82763671875 0.544921875 0.82763671875 0.5419921875 0.82275390625 0.5400390625 0.81982421875 0.5400390625 0.81103515625 0.537109375 0.80712890625 0.5380859375 0.80419921875 0.541015625 0.80322265625 0.544921875 0.8017578125 0.548828125 0.80419921875 0.5546875 0.80517578125 0.6044921875 0.81396484375 0.60546875 0.818359375 0.6044921875 0.8232421875 0.6064453125 0.82421875 0.6015625 0.82421875 0.5869140625 0.82470703125 0.58203125 0.8251953125 0.5751953125 0.8251953125 0.5693359375
24 0.841796875 0.3857421875 0.84423828125 0.3916015625 0.84619140625 0.3955078125 0.8505859375 0.3974609375 0.85498046875 0.392578125 0.857421875 0.384765625 0.8583984375 0.3759765625 0.8564453125 0.3623046875 0.85400390625 0.359375 0.85302734375 0.3583984375 0.8505859375 0.3564453125 0.84814453125 0.35546875 0.84619140625 0.357421875 0.84375 0.361328125 0.84228515625 0.369140625 0.841796875 0.3798828125 0.841796875 0.3857421875
27 0.97802734375 0.2451171875 0.9736328125 0.2578125 0.97265625 0.2744140625 0.974609375 0.291015625 0.98046875 0.3046875 0.98681640625 0.314453125 0.99169921875 0.3173828125 0.99951171875 0.3173828125 0.99951171875 0.2275390625 0.9970703125 0.2275390625 0.990234375 0.2294921875 0.98388671875 0.236328125 0.97802734375 0.2451171875
15 0.849609375 0.3515625 0.8486328125 0.3544921875 0.849609375 0.6103515625 0.85302734375 0.61328125 0.85107421875 0.3505859375 0.849609375 0.3515625
2 0 0 0 0.5703125 0.0068359375 0.57421875 0.185546875 0.578125 0.37744140625 0.5908203125 0.42236328125 0.5908203125 0.50048828125 0.5947265625 0.529296875 0.5947265625 0.5400390625 0.59375 0.54931640625 0.5947265625 0.5595703125 0.6015625 0.57568359375 0.6025390625 0.607421875 0.5703125 0.6123046875 0.5244140625 0.60791015625 0.001953125 0.60986328125 0 0 0
4 0.6796875 0.572265625 0.68017578125 0.576171875 0.68115234375 0.576171875 0.68212890625 0.576171875 0.68359375 0.576171875 0.68408203125 0.5712890625 0.68408203125 0.5673828125 0.68408203125 0.5625 0.68408203125 0.5595703125 0.68408203125 0.5537109375 0.68408203125 0.546875 0.68505859375 0.544921875 0.68408203125 0.541015625 0.68212890625 0.5390625 0.68115234375 0.537109375 0.68017578125 0.529296875 0.6787109375 0.5263671875 0.67529296875 0.5263671875 0.6708984375 0.5263671875 0.66455078125 0.5263671875 0.65673828125 0.5263671875 0.66015625 0.53125 0.66015625 0.5400390625 0.6640625 0.5498046875 0.6650390625 0.5556640625 0.666015625 0.5625 0.66650390625 0.568359375 0.66748046875 0.5771484375 0.6689453125 0.57421875 0.6748046875 0.57421875 0.67626953125 0.5791015625 0.67822265625 0.5791015625 0.6796875 0.576171875 0.6796875 0.572265625
4 0.669921875 0.5419921875 0.6689453125 0.5419921875 0.66796875 0.5419921875 0.66650390625 0.541015625 0.66552734375 0.5380859375 0.66357421875 0.533203125 0.66259765625 0.53125 0.66162109375 0.5283203125 0.66015625 0.5263671875 0.658203125 0.5263671875 0.65576171875 0.525390625 0.65283203125 0.525390625 0.650390625 0.525390625 0.64794921875 0.525390625 0.6455078125 0.525390625 0.64208984375 0.5244140625 0.64013671875 0.525390625 0.6474609375 0.5498046875 0.65283203125 0.5654296875 0.654296875 0.5732421875 0.65673828125 0.580078125 0.658203125 0.5859375 0.6591796875 0.5869140625 0.66064453125 0.58984375 0.6611328125 0.5927734375 0.6640625 0.5927734375 0.6650390625 0.59375 0.66650390625 0.5927734375 0.66748046875 0.58984375 0.66845703125 0.58984375 0.669921875 0.5869140625 0.669921875 0.58203125 0.66943359375 0.5791015625 0.66943359375 0.576171875 0.669921875 0.5732421875 0.669921875 0.5693359375 0.669921875 0.56640625 0.669921875 0.5634765625 0.669921875 0.5595703125 0.669921875 0.5576171875 0.669921875 0.5537109375 0.66845703125 0.548828125 0.67041015625 0.5478515625 0.67138671875 0.5458984375 0.6708984375 0.5439453125 0.669921875 0.5419921875
4 0.65673828125 0.5361328125 0.65478515625 0.53125 0.65380859375 0.529296875 0.65234375 0.5283203125 0.64892578125 0.52734375 0.64453125 0.52734375 0.640625 0.52734375 0.63818359375 0.52734375 0.6337890625 0.5283203125 0.6337890625 0.53515625 0.63671875 0.55078125 0.6396484375 0.56640625 0.64501953125 0.578125 0.6455078125 0.58203125 0.6455078125 0.5888671875 0.64697265625 0.5927734375 0.64794921875 0.5947265625 0.6484375 0.5947265625 0.65283203125 0.5947265625 0.65380859375 0.5947265625 0.65380859375 0.595703125 0.654296875 0.5986328125 0.65478515625 0.6025390625 0.65576171875 0.603515625 0.6572265625 0.6044921875 0.6591796875 0.6025390625 0.66015625 0.5986328125 0.6611328125 0.59765625 0.6611328125 0.59375 0.6611328125 0.5908203125 0.66162109375 0.5869140625 0.6611328125 0.58203125 0.6611328125 0.5751953125 0.6611328125 0.5732421875 0.6611328125 0.5712890625 0.66064453125 0.56640625 0.66064453125 0.564453125 0.66064453125 0.5615234375 0.66015625 0.556640625 0.6611328125 0.556640625 0.662109375 0.556640625 0.66259765625 0.5546875 0.66259765625 0.5517578125 0.662109375 0.55078125 0.6591796875 0.548828125 0.658203125 0.5458984375 0.65771484375 0.5419921875 0.65673828125 0.5390625 0.65673828125 0.5361328125
4 0.646484375 0.5546875 0.646484375 0.55078125 0.6455078125 0.546875 0.6435546875 0.54296875 0.64111328125 0.537109375 0.6396484375 0.5322265625 0.63818359375 0.5302734375 0.6337890625 0.5283203125 0.63134765625 0.5263671875 0.609375 0.5244140625 0.6044921875 0.5244140625 0.60107421875 0.525390625 0.59912109375 0.52734375 0.595703125 0.53125 0.59423828125 0.5341796875 0.59228515625 0.5400390625 0.58984375 0.5478515625 0.58935546875 0.548828125 0.587890625 0.548828125 0.587890625 0.546875 0.58642578125 0.546875 0.58447265625 0.55078125 0.58447265625 0.552734375 0.58544921875 0.5576171875 0.58447265625 0.5595703125 0.58251953125 0.5634765625 0.58056640625 0.56640625 0.578125 0.5732421875 0.578125 0.58203125 0.578125 0.583984375 0.578125 0.5927734375 0.578125 0.5966796875 0.57861328125 0.6015625 0.58251953125 0.6044921875 0.62548828125 0.607421875 0.6328125 0.607421875 0.6376953125 0.6083984375 0.64013671875 0.6103515625 0.6455078125 0.6083984375 0.64697265625 0.607421875 0.6484375 0.6083984375 0.6494140625 0.6083984375 0.65087890625 0.6083984375 0.65185546875 0.6005859375 0.6513671875 0.595703125 0.65087890625 0.5908203125 0.6513671875 0.5869140625 0.6513671875 0.58203125 0.6513671875 0.580078125 0.650390625 0.572265625 0.650390625 0.5673828125 0.6494140625 0.564453125 0.6484375 0.5615234375 0.64697265625 0.5576171875 0.646484375 0.5546875
4 0.7451171875 0.58203125 0.7451171875 0.5810546875 0.7451171875 0.5751953125 0.744140625 0.568359375 0.744140625 0.56640625 0.744140625 0.5615234375 0.7451171875 0.5615234375 0.74658203125 0.5615234375 0.74853515625 0.5615234375 0.74951171875 0.5595703125 0.7490234375 0.556640625 0.748046875 0.5556640625 0.74755859375 0.5556640625 0.74560546875 0.5556640625 0.74365234375 0.5556640625 0.7431640625 0.552734375 0.7421875 0.5498046875 0.7412109375 0.5439453125 0.740234375 0.5400390625 0.73974609375 0.5361328125 0.73486328125 0.5322265625 0.72216796875 0.5302734375 0.716796875 0.53125 0.71533203125 0.53125 0.71337890625 0.533203125 0.71044921875 0.53515625 0.70947265625 0.5380859375 0.7080078125 0.5419921875 0.70751953125 0.546875 0.7060546875 0.55078125 0.705078125 0.55078125 0.70458984375 0.55078125 0.703125 0.55078125 0.7021484375 0.55078125 0.701171875 0.552734375 0.7021484375 0.556640625 0.703125 0.5576171875 0.70458984375 0.5576171875 0.70458984375 0.5595703125 0.703125 0.5712890625 0.703125 0.5771484375 0.703125 0.5810546875 0.703125 0.5869140625 0.703125 0.591796875 0.703125 0.6025390625 0.70751953125 0.60546875 0.70947265625 0.6025390625 0.7099609375 0.595703125 0.71337890625 0.5966796875 0.72216796875 0.59765625 0.7275390625 0.5986328125 0.73095703125 0.599609375 0.734375 0.599609375 0.73681640625 0.599609375 0.73876953125 0.599609375 0.73876953125 0.603515625 0.73876953125 0.6064453125 0.73974609375 0.6083984375 0.74169921875 0.6083984375 0.744140625 0.6083984375 0.74462890625 0.6044921875 0.7451171875 0.5966796875 0.7451171875 0.5927734375 0.7451171875 0.583984375 0.7451171875 0.58203125
24 0.796875 0.3837890625 0.79638671875 0.3818359375 0.79541015625 0.3818359375 0.794921875 0.35546875 0.794921875 0.3515625 0.79541015625 0.34765625 0.7978515625 0.3486328125 0.7978515625 0.3466796875 0.79443359375 0.3447265625 0.79443359375 0.3359375 0.76806640625 0.33984375 0.76708984375 0.341796875 0.767578125 0.3916015625 0.79443359375 0.3935546875 0.79541015625 0.3837890625 0.796875 0.3837890625
24 0.53955078125 0.3310546875 0.54345703125 0.3310546875 0.54833984375 0.3310546875 0.55615234375 0.33203125 0.5595703125 0.3291015625 0.56494140625 0.322265625 0.56689453125 0.3193359375 0.5693359375 0.314453125 0.56982421875 0.30859375 0.56884765625 0.3037109375 0.5673828125 0.30078125 0.5634765625 0.294921875 0.56005859375 0.291015625 0.55517578125 0.2890625 0.5537109375 0.2880859375 0.5537109375 0.287109375 0.55224609375 0.28515625 0.55029296875 0.2822265625 0.54833984375 0.2822265625 0.5458984375 0.2822265625 0.544921875 0.2861328125 0.5439453125 0.287109375 0.54248046875 0.2880859375 0.541015625 0.2890625 0.5380859375 0.2919921875 0.53759765625 0.2919921875 0.5361328125 0.2939453125 0.53369140625 0.294921875 0.533203125 0.2958984375 0.53125 0.296875 0.53125 0.2978515625 0.53076171875 0.2978515625 0.52685546875 0.30078125 0.52587890625 0.3017578125 0.52490234375 0.302734375 0.52392578125 0.302734375 0.52392578125 0.31640625 0.52490234375 0.3212890625 0.52880859375 0.322265625 0.53271484375 0.326171875 0.53515625 0.328125 0.53955078125 0.3310546875
15 0.39990234375 0.318359375 0.39892578125 0.3310546875 0.3896484375 0.5908203125 0.39453125 0.59375 0.4033203125 0.3193359375 0.39990234375 0.318359375
27 0.4189453125 0.298828125 0.41943359375 0.29296875 0.41796875 0.2783203125 0.41748046875 0.2724609375 0.41552734375 0.2666015625 0.4130859375 0.26171875 0.40478515625 0.2529296875 0.400390625 0.25390625 0.392578125 0.2587890625 0.38916015625 0.263671875 0.38671875 0.2734375 0.38525390625 0.2802734375 0.38427734375 0.2919921875 0.3857421875 0.3056640625 0.388671875 0.3173828125 0.3955078125 0.326171875 0.3994140625 0.3291015625 0.40380859375 0.328125 0.40673828125 0.3271484375 0.412109375 0.322265625 0.4150390625 0.31640625 0.41796875 0.3056640625 0.4189453125 0.298828125
15 0.83984375 0.537109375 0.837890625 0.5380859375 0.82763671875 0.6083984375 0.8310546875 0.6083984375 0.83935546875 0.5458984375 0.83984375 0.537109375
24 0.52294921875 0.451171875 0.5361328125 0.451171875 0.53662109375 0.404296875 0.5244140625 0.4033203125 0.52294921875 0.451171875
15 0.5283203125 0.4013671875 0.52734375 0.5966796875 0.52978515625 0.5966796875 0.5302734375 0.4013671875 0.5283203125 0.4013671875
24 0.634765625 0.4892578125 0.634765625 0.4990234375 0.6416015625 0.4990234375 0.6416015625 0.4892578125 0.638671875 0.4892578125 0.64111328125 0.486328125 0.6416015625 0.4775390625 0.64013671875 0.474609375 0.63671875 0.474609375 0.63525390625 0.4775390625 0.63525390625 0.4853515625 0.63720703125 0.4892578125 0.634765625 0.4892578125
15 0.63818359375 0.525390625 0.63818359375 0.4736328125 0.6376953125 0.4736328125 0.6376953125 0.5263671875 0.63818359375 0.525390625
24 0.0908203125 0.466796875 0.08935546875 0.4716796875 0.08837890625 0.55078125 0.099609375 0.5546875 0.10888671875 0.552734375 0.111328125 0.54296875 0.11181640625 0.474609375 0.10595703125 0.455078125 0.09912109375 0.4560546875 0.0908203125 0.466796875
7 0.8076171875 0.9541015625 0.671875 0.9345703125 0.56689453125 0.9228515625 0.58349609375 0.9091796875 0.59033203125 0.8759765625 0.587890625 0.8466796875 0.57373046875 0.82421875 0.55517578125 0.82421875 0.541015625 0.8408203125 0.53515625 0.875 0.54296875 0.91015625 0.5576171875 0.9248046875 0.5283203125 0.927734375 0.40087890625 0.943359375 0.26806640625 0.9697265625 0.18896484375 0.9853515625 0.13232421875 0.9990234375 0.990234375 0.9990234375 0.91943359375 0.978515625 0.8076171875 0.9541015625
12 0 0 0 0.9990234375 0.99951171875 0.9990234375 0.99951171875 0 0 0