21 0 0.9990234375 0.99951171875 0.9990234375 0.99951171875 0.833984375 0.90283203125 0.7587890625 0.88623046875 0.7373046875 0.60107421875 0.5625 0.6376953125 0.548828125 0.6376953125 0.51953125 0.62158203125 0.51953125 0.60791015625 0.5224609375 0.58935546875 0.5234375 0.5673828125 0.5234375 0.44091796875 0.5205078125 0.3779296875 0.5126953125 0.3818359375 0.4912109375 0.39990234375 0.4619140625 0.4111328125 0.4638671875 0.37744140625 0.45703125 0.21728515625 0.4697265625 0.18017578125 0.4794921875 0.0595703125 0.5087890625 0.05859375 0.548828125 0.0634765625 0.556640625 0.08056640625 0.560546875 0.17431640625 0.5908203125 0.115234375 0.638671875 0 0.7578125 0 0.9990234375
22 0.21044921875 0.478515625 0.21923828125 0.474609375 0.22119140625 0.474609375 0.224609375 0.47265625 0.224609375 0.4658203125 0.220703125 0.462890625 0.208984375 0.4638671875 0.16015625 0.4736328125 0.14599609375 0.478515625 0.13671875 0.4814453125 0.13232421875 0.482421875 0.1328125 0.4873046875 0.1357421875 0.4970703125 0.14013671875 0.49609375 0.150390625 0.4921875 0.1728515625 0.48828125 0.1875 0.484375 0.21044921875 0.478515625
22 0.48876953125 0.5283203125 0.58740234375 0.5302734375 0.63720703125 0.5302734375 0.6318359375 0.505859375 0.62841796875 0.4990234375 0.4296875 0.4951171875 0.40869140625 0.484375 0.40771484375 0.48046875 0.40673828125 0.4794921875 0.40283203125 0.4765625 0.3955078125 0.4736328125 0.3837890625 0.4794921875 0.380859375 0.4794921875 0.37548828125 0.484375 0.369140625 0.482421875 0.35107421875 0.4765625 0.3359375 0.4765625 0.3232421875 0.484375 0.31201171875 0.5029296875 0.310546875 0.509765625 0.32080078125 0.5146484375 0.3408203125 0.51953125 0.39013671875 0.52734375 0.48876953125 0.5283203125
2 0.0791015625 0 0.0576171875 0.083984375 0.0498046875 0.4287109375 0.05712890625 0.51953125 0.07568359375 0.5146484375 0.1357421875 0.4873046875 0.1416015625 0.484375 0.14306640625 0.482421875 0.1787109375 0.474609375 0.20556640625 0.46875 0.21044921875 0.4658203125 0.2216796875 0.4638671875 0.306640625 0.4619140625 0.373046875 0.4560546875 0.376953125 0.4560546875 0.4140625 0.4423828125 0.41650390625 0 0.1328125 0 0.0791015625 0
24 0.30126953125 0.3486328125 0.30078125 0.34765625 0.29443359375 0.34765625 0.2939453125 0.349609375 0.2939453125 0.3662109375 0.30078125 0.3662109375 0.30126953125 0.3662109375 0.30126953125 0.3486328125
22 0 0.8271484375 0.001953125 0.8271484375 0.03662109375 0.7900390625 0.08056640625 0.7451171875 0.15673828125 0.666015625 0.197265625 0.623046875 0.22265625 0.5888671875 0.22705078125 0.58203125 0.22900390625 0.576171875 0.228515625 0.5654296875 0.22509765625 0.560546875 0.216796875 0.5546875 0.1923828125 0.5458984375 0.14111328125 0.53125 0.06591796875 0.51953125 0.06298828125 0.51953125 0 0.5693359375 0 0.8271484375
6 0.07080078125 0.5146484375 0.07421875 0.5146484375 0.076171875 0.513671875 0.0791015625 0.515625 0.07666015625 0.3515625 0.07421875 0.353515625 0.0732421875 0.353515625 0.06689453125 0.3564453125 0.06298828125 0.357421875 0.0634765625 0.515625 0.07080078125 0.5146484375
24 0.1650390625 0.2177734375 0.16455078125 0.203125 0.162109375 0.193359375 0.1591796875 0.1845703125 0.15625 0.1796875 0.15283203125 0.17578125 0.150390625 0.1748046875 0.1474609375 0.1728515625 0.14501953125 0.1728515625 0.13916015625 0.1748046875 0.13623046875 0.1767578125 0.134765625 0.1787109375 0.13623046875 0.25 0.13720703125 0.251953125 0.140625 0.25390625 0.1455078125 0.255859375 0.1494140625 0.25390625 0.150390625 0.25390625 0.15478515625 0.2509765625 0.16015625 0.2412109375 0.1630859375 0.2333984375 0.1650390625 0.2177734375
2 0 0 0 0.095703125 0 0.640625 0.0146484375 0.6396484375 0.02880859375 0.62890625 0.0283203125 0.6162109375 0.03076171875 0.6142578125 0.0517578125 0.611328125 0.0654296875 0.6025390625 0.064453125 0.6005859375 0.06298828125 0.21484375 0.07421875 0.208984375 0.07666015625 0.56640625 0.080078125 0.56640625 0.11376953125 0.572265625 0.12353515625 0.5654296875 0.12255859375 0.556640625 0.134765625 0.5576171875 0.13916015625 0.556640625 0.1396484375 0.55078125 0.13671875 0.2373046875 0.13671875 0.0078125 0.13671875 0 0 0
15 0.14208984375 0.16796875 0.1416015625 0.16796875 0.14111328125 0.16796875 0.140625 0.169921875 0.140625 0.1728515625 0.140625 0.1748046875 0.14111328125 0.1787109375 0.1533203125 0.5458984375 0.15380859375 0.5537109375 0.15478515625 0.552734375 0.15625 0.552734375 0.15771484375 0.552734375 0.158203125 0.548828125 0.15771484375 0.541015625 0.1474609375 0.2353515625 0.14404296875 0.1728515625 0.14404296875 0.1708984375 0.14404296875 0.1689453125 0.14208984375 0.16796875
22 0.38427734375 0.4638671875 0.384765625 0.462890625 0.384765625 0.4609375 0.384765625 0.4580078125 0.38427734375 0.455078125 0.3837890625 0.4521484375 0.38232421875 0.4521484375 0.37939453125 0.4521484375 0.376953125 0.451171875 0.37451171875 0.451171875 0.373046875 0.453125 0.37158203125 0.4541015625 0.37060546875 0.455078125 0.3701171875 0.4599609375 0.37060546875 0.4619140625 0.373046875 0.46484375 0.37451171875 0.46484375 0.37744140625 0.4658203125 0.38037109375 0.4658203125 0.38134765625 0.4658203125 0.3818359375 0.4658203125 0.38427734375 0.4638671875
14 0.3779296875 0.4111328125 0.37744140625 0.4130859375 0.37744140625 0.4140625 0.37744140625 0.4150390625 0.37744140625 0.4169921875 0.376953125 0.419921875 0.3759765625 0.4248046875 0.3759765625 0.427734375 0.37646484375 0.4287109375 0.37744140625 0.4296875 0.376953125 0.43359375 0.37646484375 0.4345703125 0.37548828125 0.4365234375 0.37548828125 0.4375 0.37646484375 0.439453125 0.37744140625 0.4404296875 0.3779296875 0.4423828125 0.3779296875 0.4443359375 0.37841796875 0.4453125 0.3779296875 0.4482421875 0.37890625 0.4541015625 0.37939453125 0.45703125 0.38037109375 0.45703125 0.38037109375 0.4521484375 0.38037109375 0.4462890625 0.37939453125 0.4462890625 0.3798828125 0.443359375 0.380859375 0.4423828125 0.38330078125 0.44140625 0.38330078125 0.4365234375 0.38330078125 0.423828125 0.38330078125 0.4150390625 0.38330078125 0.4111328125 0.38232421875 0.404296875 0.38232421875 0.4033203125 0.38037109375 0.4052734375 0.37890625 0.40625 0.37841796875 0.408203125 0.37841796875 0.41015625 0.3779296875 0.4111328125
6 0.3759765625 0.44921875 0.37548828125 0.4541015625 0.3759765625 0.4609375 0.37939453125 0.4609375 0.3798828125 0.451171875 0.38232421875 0.451171875 0.3818359375 0.42578125 0.37646484375 0.42578125 0.37744140625 0.43359375 0.37890625 0.4453125 0.3759765625 0.44921875
2 0.33935546875 0 0.33837890625 0.00390625 0.3388671875 0.0322265625 0.34033203125 0.216796875 0.3388671875 0.23828125 0.34228515625 0.4208984375 0.3486328125 0.4814453125 0.3740234375 0.4912109375 0.3720703125 0.2802734375 0.3720703125 0.2724609375 0.37451171875 0.2724609375 0.37744140625 0.2734375 0.38037109375 0.27734375 0.3818359375 0.4794921875 0.39892578125 0.4833984375 0.40380859375 0.4814453125 0.40607966875 0.47962845156249995 0.40625 0.4814453125 0.40576171875 0.4921875 0.4052734375 0.49609375 0.40576171875 0.498046875 0.40673828125 0.505859375 0.40625 0.509765625 0.40673828125 0.51171875 0.42626953125 0.513671875 0.435546875 0.5146484375 0.455078125 0.515625 0.462890625 0.5146484375 0.51123046875 0.5146484375 0.5791015625 0.5146484375 0.58349609375 0.51171875 0.5888671875 0.5107421875 0.59765625 0.509765625 0.60546875 0.5087890625 0.61328125 0.5078125 0.61669921875 0.5068359375 0.6220703125 0.5068359375 0.62646484375 0.5068359375 0.630859375 0.505859375 0.6396484375 0.5029296875 0.65087890625 0 0.33935546875 0
15 0.34423828125 0.28515625 0.34326171875 0.28515625 0.341796875 0.2841796875 0.34033203125 0.4072265625 0.33984375 0.419921875 0.341796875 0.419921875 0.34423828125 0.28515625
27 0.3447265625 0.298828125 0.37109375 0.3017578125 0.37109375 0.2890625 0.3701171875 0.2890625 0.34521484375 0.287109375 0.34375 0.287109375 0.34375 0.298828125 0.3447265625 0.298828125
27 0.345703125 0.298828125 0.33984375 0.2978515625 0.33740234375 0.2978515625 0.33740234375 0.3251953125 0.34521484375 0.326171875 0.345703125 0.3232421875 0.345703125 0.298828125
27 0.33935546875 0.357421875 0.34228515625 0.357421875 0.34423828125 0.3544921875 0.34716796875 0.349609375 0.34765625 0.345703125 0.34765625 0.3388671875 0.3466796875 0.3349609375 0.34619140625 0.3330078125 0.34521484375 0.3291015625 0.34423828125 0.328125 0.34326171875 0.326171875 0.341796875 0.326171875 0.34033203125 0.326171875 0.33740234375 0.3291015625 0.33544921875 0.3359375 0.33544921875 0.345703125 0.33642578125 0.353515625 0.33935546875 0.357421875
4 0.349609375 0.5 0.35009765625 0.4951171875 0.3505859375 0.4912109375 0.35107421875 0.4873046875 0.3515625 0.4833984375 0.3515625 0.4794921875 0.3515625 0.4736328125 0.3515625 0.4521484375 0.3505859375 0.44921875 0.34814453125 0.4404296875 0.34716796875 0.435546875 0.34521484375 0.427734375 0.34326171875 0.419921875 0.34130859375 0.4150390625 0.33837890625 0.40625 0.3359375 0.4033203125 0.31787109375 0.3984375 0.3134765625 0.3994140625 0.31201171875 0.3974609375 0.31591796875 0.3740234375 0.31640625 0.3720703125 0.3173828125 0.3681640625 0.3173828125 0.3642578125 0.31591796875 0.369140625 0.31201171875 0.390625 0.31103515625 0.39453125 0.3056640625 0.39453125 0.29931640625 0.39453125 0.29248046875 0.3935546875 0.28076171875 0.392578125 0.26611328125 0.3955078125 0.2529296875 0.4072265625 0.2451171875 0.419921875 0.24169921875 0.42578125 0.2392578125 0.42578125 0.23779296875 0.4267578125 0.236328125 0.4267578125 0.2353515625 0.427734375 0.23388671875 0.4296875 0.2333984375 0.4296875 0.23193359375 0.4326171875 0.232421875 0.435546875 0.23388671875 0.4375 0.2353515625 0.439453125 0.236328125 0.439453125 0.2294921875 0.4423828125 0.224609375 0.4501953125 0.22119140625 0.4560546875 0.21923828125 0.462890625 0.2177734375 0.4697265625 0.2177734375 0.478515625 0.21875 0.48046875 0.21728515625 0.48828125 0.2177734375 0.5048828125 0.2197265625 0.5126953125 0.22216796875 0.5185546875 0.2255859375 0.521484375 0.2294921875 0.5224609375 0.2333984375 0.521484375 0.23876953125 0.509765625 0.24365234375 0.509765625 0.25048828125 0.5107421875 0.25634765625 0.5107421875 0.25927734375 0.5107421875 0.26318359375 0.5107421875 0.26611328125 0.5107421875 0.2666015625 0.515625 0.26806640625 0.521484375 0.27001953125 0.5234375 0.2734375 0.525390625 0.27685546875 0.52734375 0.28076171875 0.52734375 0.28369140625 0.5283203125 0.287109375 0.52734375 0.29248046875 0.525390625 0.29541015625 0.51953125 0.2978515625 0.5166015625 0.30224609375 0.51171875 0.322265625 0.51171875 0.32666015625 0.51171875 0.32958984375 0.515625 0.330078125 0.5185546875 0.33154296875 0.5224609375 0.3330078125 0.525390625 0.3349609375 0.52734375 0.33642578125 0.5283203125 0.33935546875 0.52734375 0.34228515625 0.5263671875 0.345703125 0.525390625 0.34716796875 0.5205078125 0.34765625 0.5166015625 0.3486328125 0.513671875 0.3486328125 0.509765625 0.34912109375 0.505859375 0.349609375 0.5
15 0.40625 0.261474609375 0.40625 0.5107421875 0.41015625 0.509765625 0.40869140625 0.2587890625 0.408203125 0.2578125 0.40771484375 0.2578125 0.40625 0.261474609375
6 0.61376953125 0.478515625 0.6142578125 0.484375 0.62060546875 0.484375 0.6376953125 0.4814453125 0.634765625 0.3828125 0.63330078125 0.3828125 0.6318359375 0.384765625 0.61474609375 0.38671875 0.61376953125 0.3876953125 0.61328125 0.3935546875 0.61376953125 0.478515625
22 0.70849609375 0.6845703125 0.9892578125 0.919921875 0.99951171875 0.9287109375 0.99951171875 0.7607421875 0.6396484375 0.5439453125 0.6171875 0.5390625 0.57373046875 0.5439453125 0.56884765625 0.544921875 0.5673828125 0.546875 0.56494140625 0.5498046875 0.56396484375 0.5537109375 0.5654296875 0.5615234375 0.56689453125 0.5625 0.70849609375 0.6845703125
2 0.63134765625 0 0.630859375 0.0048828125 0.63037109375 0.1640625 0.63232421875 0.388671875 0.63037109375 0.3974609375 0.63037109375 0.544921875 0.720703125 0.599609375 0.79052734375 0.6376953125 0.908203125 0.7060546875 0.99951171875 0.765625 0.99951171875 0 0.63134765625 0
27 0.39990234375 0.3388671875 0.40380859375 0.33984375 0.41748046875 0.3427734375 0.4189453125 0.341796875 0.419921875 0.3388671875 0.42041015625 0.333984375 0.419921875 0.2666015625 0.419921875 0.2646484375 0.41943359375 0.2646484375 0.40380859375 0.2607421875 0.4013671875 0.2607421875 0.3994140625 0.26171875 0.39892578125 0.263671875 0.39892578125 0.265625 0.39892578125 0.2685546875 0.39794921875 0.3017578125 0.3984375 0.333984375 0.3984375 0.337890625 0.39990234375 0.3388671875
24 0.62841796875 0.2646484375 0.63134765625 0.2607421875 0.63525390625 0.255859375 0.63818359375 0.251953125 0.63916015625 0.248046875 0.63916015625 0.2421875 0.638671875 0.2373046875 0.61083984375 0.2373046875 0.60791015625 0.2412109375 0.60693359375 0.25 0.60888671875 0.2568359375 0.6142578125 0.26171875 0.6220703125 0.265625 0.62841796875 0.2646484375
15 0.62890625 0.5458984375 0.62548828125 0.2431640625 0.62353515625 0.2431640625 0.62255859375 0.2421875 0.62158203125 0.24609375 0.623046875 0.4619140625 0.623046875 0.5458984375 0.62841796875 0.5478515625 0.62890625 0.5458984375
27 0.59423828125 0.2421875 0.5947265625 0.2451171875 0.595703125 0.2470703125 0.599609375 0.248046875 0.63330078125 0.24609375 0.64013671875 0.2451171875 0.64453125 0.244140625 0.6474609375 0.244140625 0.6494140625 0.240234375 0.64990234375 0.236328125 0.6494140625 0.23046875 0.6328125 0.17578125 0.62646484375 0.154296875 0.625 0.1474609375 0.6240234375 0.1435546875 0.6220703125 0.142578125 0.62060546875 0.1435546875 0.6201171875 0.146484375 0.59814453125 0.2255859375 0.595703125 0.2333984375 0.59423828125 0.23828125 0.59423828125 0.2421875
0 0.61376953125 0.552734375 0.615234375 0.55859375 0.6171875 0.560546875 0.62109375 0.560546875 0.625 0.5546875 0.62646484375 0.5458984375 0.62841796875 0.537109375 0.62890625 0.5302734375 0.6298828125 0.5244140625 0.63037109375 0.5166015625 0.63134765625 0.509765625 0.63134765625 0.50390625 0.6318359375 0.4990234375 0.63037109375 0.4892578125 0.63037109375 0.486328125 0.63134765625 0.48046875 0.6318359375 0.474609375 0.6328125 0.4638671875 0.63232421875 0.4580078125 0.63037109375 0.4541015625 0.62890625 0.4521484375 0.6298828125 0.451171875 0.63134765625 0.4501953125 0.6318359375 0.447265625 0.6318359375 0.4443359375 0.63134765625 0.44140625 0.6298828125 0.439453125 0.62744140625 0.4365234375 0.6259765625 0.435546875 0.6240234375 0.43359375 0.62353515625 0.4326171875 0.62255859375 0.427734375 0.6220703125 0.42578125 0.6240234375 0.423828125 0.63134765625 0.42578125 0.63232421875 0.42578125 0.63232421875 0.421875 0.63232421875 0.419921875 0.6259765625 0.4169921875 0.62109375 0.4150390625 0.6181640625 0.4130859375 0.6162109375 0.412109375 0.61328125 0.4072265625 0.611328125 0.40625 0.609375 0.4072265625 0.60791015625 0.4072265625 0.60693359375 0.40625 0.6064453125 0.404296875 0.60546875 0.4033203125 0.60498046875 0.40234375 0.6025390625 0.40234375 0.60205078125 0.404296875 0.59912109375 0.4033203125 0.5927734375 0.4033203125 0.5908203125 0.4033203125 0.59130859375 0.40625 0.591796875 0.408203125 0.6044921875 0.4150390625 0.6103515625 0.4169921875 0.6123046875 0.41796875 0.61328125 0.4208984375 0.611328125 0.4306640625 0.60888671875 0.4365234375 0.607421875 0.455078125 0.60693359375 0.4599609375 0.60546875 0.4609375 0.6044921875 0.4658203125 0.60205078125 0.4736328125 0.60205078125 0.4794921875 0.60107421875 0.4931640625 0.6005859375 0.5048828125 0.59912109375 0.513671875 0.59765625 0.5361328125 0.59765625 0.54296875 0.59814453125 0.548828125 0.5986328125 0.552734375 0.6005859375 0.55078125 0.599609375 0.5537109375 0.6015625 0.5498046875 0.603515625 0.544921875 0.6044921875 0.5380859375 0.60546875 0.5322265625 0.60595703125 0.5263671875 0.607421875 0.5234375 0.6083984375 0.5224609375 0.60888671875 0.5224609375 0.6103515625 0.5234375 0.61181640625 0.5244140625 0.61181640625 0.5302734375 0.6123046875 0.5390625 0.61279296875 0.5458984375 0.61376953125 0.552734375
26 0.62255859375 0.380859375 0.62255859375 0.3212890625 0.6142578125 0.3212890625 0.61328125 0.3203125 0.61376953125 0.3798828125 0.61572265625 0.3828125 0.6201171875 0.3828125 0.62255859375 0.380859375
0 0.49560546875 0.4287109375 0.49658203125 0.423828125 0.49755859375 0.421875 0.49658203125 0.419921875 0.494140625 0.419921875 0.4921875 0.421875 0.48974609375 0.421875 0.4873046875 0.421875 0.48779296875 0.4189453125 0.484375 0.4189453125 0.48388671875 0.4208984375 0.482421875 0.4248046875 0.48291015625 0.4296875 0.4892578125 0.4296875 0.49560546875 0.4287109375
27 0.64794921875 0.529296875 0.6484375 0.537109375 0.6484375 0.541015625 0.64501953125 0.541015625 0.64013671875 0.54296875 0.634765625 0.54296875 0.63330078125 0.5458984375 0.6298828125 0.548828125 0.6318359375 0.556640625 0.6337890625 0.5595703125 0.63818359375 0.5634765625 0.640625 0.5654296875 0.64599609375 0.5654296875 0.66796875 0.5634765625 0.66259765625 0.5458984375 0.65966796875 0.54296875 0.65625 0.541015625 0.65283203125 0.541015625 0.650390625 0.5390625 0.6513671875 0.5263671875 0.65478515625 0.5224609375 0.65869140625 0.521484375 0.662109375 0.521484375 0.662109375 0.380859375 0.6611328125 0.37890625 0.6591796875 0.3779296875 0.65478515625 0.376953125 0.654296875 0.3720703125 0.65380859375 0.3701171875 0.6513671875 0.3671875 0.64990234375 0.369140625 0.650390625 0.373046875 0.650390625 0.3759765625 0.64990234375 0.3779296875 0.6484375 0.3779296875 0.6474609375 0.3779296875 0.646484375 0.37890625 0.6455078125 0.3818359375 0.64501953125 0.3828125 0.64404296875 0.3818359375 0.64453125 0.5185546875 0.64501953125 0.5234375 0.64794921875 0.5244140625 0.64794921875 0.529296875
24 0.416015625 0.41015625 0.41650390625 0.4912109375 0.427734375 0.4912109375 0.427734375 0.4208984375 0.43359375 0.4169921875 0.427734375 0.41015625 0.416015625 0.41015625
24 0.291015625 0.37890625 0.29052734375 0.376953125 0.29345703125 0.3759765625 0.29296875 0.3701171875 0.29052734375 0.369140625 0.29052734375 0.3623046875 0.28759765625 0.3623046875 0.2880859375 0.3896484375 0.29052734375 0.3876953125 0.29150390625 0.384765625 0.29150390625 0.3818359375 0.291015625 0.37890625
15 0.212890625 0.46484375 0.21533203125 0.46484375 0.2158203125 0.4384765625 0.21337890625 0.4384765625 0.212890625 0.4443359375 0.212890625 0.46484375
27 0.1435546875 0.32421875 0.14111328125 0.32421875 0.13916015625 0.330078125 0.138671875 0.3359375 0.138671875 0.3447265625 0.140625 0.34765625 0.14208984375 0.3505859375 0.14453125 0.3486328125 0.14453125 0.333984375 0.1435546875 0.32421875
6 0.47021484375 0.4091796875 0.46533203125 0.408203125 0.4580078125 0.408203125 0.45166015625 0.408203125 0.4453125 0.408203125 0.44287109375 0.4091796875 0.4443359375 0.4404296875 0.4697265625 0.443359375 0.47021484375 0.4091796875
8 0.5283203125 0.4287109375 0.4443359375 0.421875 0.4443359375 0.4609375 0.52783203125 0.4658203125 0.5283203125 0.4287109375
24 0.4072265625 0.51171875 0.42431640625 0.513671875 0.4384765625 0.5126953125 0.44091796875 0.4921875 0.41015625 0.4892578125 0.4052734375 0.4951171875 0.40625 0.4970703125 0.4072265625 0.51171875
7 0.8076171875 0.9541015625 0.671875 0.9345703125 0.56689453125 0.9228515625 0.58349609375 0.9091796875 0.59033203125 0.8759765625 0.587890625 0.8466796875 0.57373046875 0.82421875 0.55517578125 0.82421875 0.541015625 0.8408203125 0.53515625 0.875 0.54296875 0.91015625 0.5576171875 0.9248046875 0.5283203125 0.927734375 0.40087890625 0.943359375 0.26806640625 0.9697265625 0.18896484375 0.9853515625 0.13232421875 0.9990234375 0.990234375 0.9990234375 0.91943359375 0.978515625 0.8076171875 0.9541015625
12 0 0 0 0.9990234375 0.99951171875 0.9990234375 0.99951171875 0 0 0