23 0.7763671875 0 0.31494140625 0.0009765625 0.42529296875 0.3525390625 0.56982421875 0.3623046875 0.7763671875 0
21 0 0.9990234375 0.99951171875 0.9990234375 0.99951171875 0.380859375 0.22216796875 0.40234375 0 0.4267578125 0 0.9990234375
2 0 0 0.00048828125 0.45703125 0.1201171875 0.4619140625 0.224609375 0.4423828125 0.513671875 0.3349609375 0.99951171875 0.4248046875 0.99951171875 0 0.70751953125 0 0.70751953125 0.0244140625 0.61572265625 0.03125 0.59423828125 0.1259765625 0.59619140625 0.1884765625 0.58935546875 0.193359375 0.56884765625 0.2705078125 0.47705078125 0.275390625 0.47705078125 0.2578125 0.46630859375 0.236328125 0.4599609375 0.228515625 0.4541015625 0.2216796875 0.43017578125 0.1630859375 0.4306640625 0.150390625 0.42529296875 0.1435546875 0.42431640625 0.1318359375 0.4189453125 0.130859375 0.41748046875 0.109375 0.41015625 0.109375 0.40087890625 0.0927734375 0.40087890625 0.0146484375 0.4033203125 0.013671875 0.39794921875 0 0 0
24 0.39208984375 0.2568359375 0.4091796875 0.24609375 0.43505859375 0.2333984375 0.4404296875 0.234375 0.44189453125 0.2314453125 0.44189453125 0.2236328125 0.4404296875 0.2216796875 0.43701171875 0.2265625 0.42919921875 0.228515625 0.40869140625 0.2392578125 0.38330078125 0.25390625 0.37548828125 0.2744140625 0.37255859375 0.146484375 0.36962890625 0.1494140625 0.37060546875 0.2939453125 0.380859375 0.2744140625 0.39208984375 0.2568359375
24 0.5771484375 0.1416015625 0.5771484375 0.150390625 0.58447265625 0.150390625 0.58447265625 0.140625 0.5771484375 0.1416015625
24 0.56787109375 0.2099609375 0.56396484375 0.2099609375 0.56201171875 0.2138671875 0.5634765625 0.2177734375 0.56787109375 0.21484375 0.56787109375 0.2099609375
15 0.39208984375 0.2568359375 0.4091796875 0.24609375 0.43505859375 0.2333984375 0.4404296875 0.234375 0.44189453125 0.2314453125 0.44189453125 0.2236328125 0.4404296875 0.2216796875 0.43701171875 0.2265625 0.42919921875 0.228515625 0.40869140625 0.2392578125 0.38330078125 0.25390625 0.37548828125 0.2744140625 0.37255859375 0.146484375 0.36962890625 0.1494140625 0.37060546875 0.2939453125 0.380859375 0.2744140625 0.39208984375 0.2568359375
24 0.462890625 0.150390625 0.45849609375 0.1474609375 0.4560546875 0.1533203125 0.45849609375 0.1572265625 0.46435546875 0.15625 0.462890625 0.150390625
24 0.4765625 0.21484375 0.4765625 0.2216796875 0.48095703125 0.2216796875 0.482421875 0.21484375 0.4765625 0.21484375
24 0.77392578125 0.1142578125 0.767578125 0.1123046875 0.76953125 0.3095703125 0.7744140625 0.3232421875 0.77392578125 0.1142578125
15 0.77392578125 0.1142578125 0.767578125 0.1123046875 0.76953125 0.3095703125 0.7744140625 0.3232421875 0.77392578125 0.1142578125
24 0.19189453125 0 0.19677734375 0.4375 0.1982421875 0.447265625 0.203125 0.4453125 0.19677734375 0 0.19189453125 0
15 0.80908203125 0.2236328125 0.80615234375 0.2421875 0.8046875 0.265625 0.8037109375 0.322265625 0.80517578125 0.3759765625 0.80908203125 0.3740234375 0.80859375 0.2685546875 0.8095703125 0.240234375 0.810546875 0.2294921875 0.849609375 0.185546875 0.84765625 0.181640625 0.81298828125 0.216796875 0.80908203125 0.2236328125
15 0.19189453125 0 0.19677734375 0.4375 0.1982421875 0.447265625 0.203125 0.4453125 0.19677734375 0 0.19189453125 0
29 0.2041015625 0.384765625 0.2021484375 0.390625 0.19873046875 0.412109375 0.19677734375 0.4267578125 0.19677734375 0.43359375 0.19873046875 0.4443359375 0.203125 0.4482421875 0.28369140625 0.451171875 0.28515625 0.4521484375 0.2890625 0.45703125 0.3583984375 0.4541015625 0.35986328125 0.4541015625 0.3623046875 0.447265625 0.580078125 0.44140625 0.5830078125 0.443359375 0.58544921875 0.4482421875 0.599609375 0.4482421875 0.62548828125 0.4443359375 0.63720703125 0.4443359375 0.6455078125 0.443359375 0.65087890625 0.439453125 0.80224609375 0.4326171875 0.99853515625 0.421875 0.9951171875 0.3837890625 0.99072265625 0.3525390625 0.9873046875 0.310546875 0.97998046875 0.2861328125 0.96630859375 0.26953125 0.939453125 0.2626953125 0.90869140625 0.263671875 0.87939453125 0.2685546875 0.79638671875 0.2626953125 0.78369140625 0.263671875 0.7724609375 0.263671875 0.76416015625 0.2626953125 0.76025390625 0.26171875 0.75390625 0.2568359375 0.74853515625 0.2568359375 0.7392578125 0.2548828125 0.73193359375 0.2587890625 0.7314453125 0.2646484375 0.72998046875 0.2666015625 0.72705078125 0.2666015625 0.71923828125 0.2666015625 0.7138671875 0.26171875 0.7021484375 0.2607421875 0.68505859375 0.2646484375 0.67822265625 0.2685546875 0.6728515625 0.26953125 0.6669921875 0.265625 0.6533203125 0.2666015625 0.61328125 0.2646484375 0.615234375 0.2607421875 0.61865234375 0.2548828125 0.62646484375 0.236328125 0.63330078125 0.2138671875 0.62646484375 0.2021484375 0.607421875 0.1767578125 0.60107421875 0.16015625 0.595703125 0.15625 0.587890625 0.15625 0.5830078125 0.1591796875 0.5771484375 0.1630859375 0.57861328125 0.1708984375 0.5830078125 0.1748046875 0.587890625 0.1787109375 0.60009765625 0.1953125 0.625 0.2158203125 0.62060546875 0.22265625 0.607421875 0.2509765625 0.595703125 0.26953125 0.548828125 0.26953125 0.546875 0.2607421875 0.54248046875 0.2607421875 0.51416015625 0.2626953125 0.5068359375 0.2705078125 0.49951171875 0.2666015625 0.49853515625 0.2626953125 0.49560546875 0.2626953125 0.47607421875 0.26171875 0.4453125 0.263671875 0.4423828125 0.2666015625 0.31689453125 0.265625 0.26318359375 0.263671875 0.232421875 0.2705078125 0.2216796875 0.2783203125 0.21435546875 0.287109375 0.2138671875 0.30859375 0.20751953125 0.361328125 0.2041015625 0.384765625
24 0.7822265625 0.2138671875 0.7783203125 0.2158203125 0.7783203125 0.263671875 0.783203125 0.263671875 0.7822265625 0.2138671875
9 0.99951171875 0.4814453125 0.99951171875 0.423828125 0.75537109375 0.4375 0.708984375 0.4423828125 0.69140625 0.447265625 0.7421875 0.4677734375 0.7744140625 0.4775390625 0.8369140625 0.4814453125 0.99951171875 0.4814453125
25 0.76513671875 0.4716796875 0.869140625 0.4658203125 0.99951171875 0.4638671875 0.99951171875 0.435546875 0.94189453125 0.435546875 0.84423828125 0.4423828125 0.7548828125 0.439453125 0.7158203125 0.443359375 0.76513671875 0.4716796875
24 0.98828125 0 0.9873046875 0.1376953125 0.986328125 0.423828125 0.99755859375 0.423828125 0.99755859375 0 0.98828125 0
15 0.90869140625 0.2431640625 0.908203125 0.30859375 0.908203125 0.4287109375 0.912109375 0.4296875 0.91064453125 0.2421875 0.90869140625 0.2431640625
26 0.90966796875 0.3046875 0.912109375 0.30078125 0.91455078125 0.2998046875 0.916015625 0.296875 0.9189453125 0.2958984375 0.9208984375 0.2958984375 0.92138671875 0.291015625 0.9189453125 0.2880859375 0.91845703125 0.287109375 0.916015625 0.28515625 0.916015625 0.2802734375 0.91748046875 0.2783203125 0.92041015625 0.28125 0.92138671875 0.275390625 0.9208984375 0.2734375 0.91845703125 0.271484375 0.916015625 0.2705078125 0.916015625 0.2666015625 0.91552734375 0.265625 0.92138671875 0.2646484375 0.92138671875 0.2607421875 0.9208984375 0.259765625 0.91748046875 0.2578125 0.9140625 0.2578125 0.9130859375 0.2529296875 0.90673828125 0.2529296875 0.90673828125 0.2978515625 0.9072265625 0.302734375 0.90966796875 0.3046875
26 0.837890625 0.22265625 0.837890625 0.216796875 0.83447265625 0.21484375 0.83447265625 0.208984375 0.83837890625 0.2109375 0.83837890625 0.2060546875 0.833984375 0.2041015625 0.8349609375 0.19921875 0.83837890625 0.2001953125 0.83837890625 0.1923828125 0.83544921875 0.1904296875 0.833984375 0.1904296875 0.83203125 0.1884765625 0.828125 0.1904296875 0.82861328125 0.2255859375 0.83251953125 0.228515625 0.833984375 0.2236328125 0.837890625 0.22265625
26 0.85791015625 0.2041015625 0.86083984375 0.205078125 0.861328125 0.2041015625 0.86181640625 0.19921875 0.86083984375 0.197265625 0.85791015625 0.1953125 0.8583984375 0.193359375 0.86083984375 0.19140625 0.861328125 0.1884765625 0.861328125 0.1865234375 0.85791015625 0.18359375 0.857421875 0.1826171875 0.85791015625 0.1806640625 0.859375 0.1787109375 0.86083984375 0.1767578125 0.86083984375 0.173828125 0.8583984375 0.169921875 0.8564453125 0.169921875 0.85205078125 0.1689453125 0.85009765625 0.1669921875 0.849609375 0.208984375 0.85302734375 0.208984375 0.85595703125 0.2060546875 0.85791015625 0.2041015625
24 0.76513671875 0.451171875 0.77294921875 0.451171875 0.7724609375 0.3955078125 0.76318359375 0.3955078125 0.76513671875 0.451171875
15 0.7333984375 0 0.73583984375 0.4384765625 0.74560546875 0.4384765625 0.74072265625 0 0.7333984375 0
26 0.740234375 0.2822265625 0.73828125 0.28515625 0.73779296875 0.29296875 0.73974609375 0.2958984375 0.7421875 0.2978515625 0.74462890625 0.296875 0.74609375 0.2939453125 0.74658203125 0.291015625 0.74658203125 0.2861328125 0.74462890625 0.2822265625 0.7431640625 0.27734375 0.74462890625 0.27734375 0.74560546875 0.2744140625 0.74609375 0.26953125 0.74560546875 0.2646484375 0.7431640625 0.26171875 0.7392578125 0.2626953125 0.73779296875 0.2685546875 0.73828125 0.2744140625 0.7392578125 0.2763671875 0.740234375 0.2822265625
15 0.79833984375 0.2744140625 0.79638671875 0.4404296875 0.79833984375 0.44140625 0.798828125 0.2509765625 0.79833984375 0.2744140625
6 0.77978515625 0.447265625 0.7841796875 0.4521484375 0.78076171875 0.4541015625 0.77978515625 0.4619140625 0.7861328125 0.46484375 0.8095703125 0.462890625 0.8134765625 0.4599609375 0.81298828125 0.4560546875 0.8115234375 0.453125 0.8134765625 0.4501953125 0.81396484375 0.4482421875 0.810546875 0.4443359375 0.80517578125 0.4404296875 0.7958984375 0.4404296875 0.7861328125 0.4404296875 0.783203125 0.4423828125 0.77978515625 0.447265625
27 0.7939453125 0.2548828125 0.7939453125 0.2646484375 0.7958984375 0.271484375 0.798828125 0.2734375 0.80029296875 0.2685546875 0.7998046875 0.2412109375 0.798828125 0.234375 0.79638671875 0.2373046875 0.79541015625 0.2431640625 0.7939453125 0.2548828125
27 0.79931640625 0.2890625 0.794921875 0.2890625 0.794921875 0.359375 0.79931640625 0.359375 0.79931640625 0.2890625
22 0 0.4765625 0.078125 0.4794921875 0.10693359375 0.4814453125 0.17333984375 0.4658203125 0.17919921875 0.462890625 0.19873046875 0.4609375 0.22119140625 0.4609375 0.24072265625 0.4599609375 0.24658203125 0.458984375 0.24658203125 0.4501953125 0.21875 0.4501953125 0.189453125 0.4482421875 0.1494140625 0.44921875 0.11669921875 0.44921875 0.0703125 0.451171875 0.0390625 0.4521484375 0 0.453125 0 0.4560546875 0 0.4765625
9 0 0.4765625 0.015625 0.48046875 0.03076171875 0.4794921875 0.05810546875 0.48046875 0.0869140625 0.484375 0.09912109375 0.4814453125 0.11083984375 0.4794921875 0.1318359375 0.4755859375 0.1513671875 0.4716796875 0.17431640625 0.466796875 0.1904296875 0.46484375 0.22265625 0.4619140625 0.2880859375 0.45703125 0.2880859375 0.453125 0.28466796875 0.4501953125 0.20263671875 0.4501953125 0.169921875 0.4501953125 0.158203125 0.451171875 0.12451171875 0.4541015625 0.0537109375 0.4599609375 0 0.4609375 0 0.4765625
24 0.04052734375 0.4189453125 0.0390625 0.3544921875 0.0400390625 0.3544921875 0.0458984375 0.3525390625 0.0498046875 0.3466796875 0.04931640625 0.3369140625 0.046875 0.3310546875 0.044921875 0.330078125 0.04052734375 0.330078125 0.037109375 0.330078125 0.037109375 0.32421875 0.0400390625 0.314453125 0.03759765625 0.30859375 0.0361328125 0.3076171875 0.03125 0.3095703125 0.03076171875 0.310546875 0.03076171875 0.3193359375 0.03125 0.3232421875 0.03369140625 0.326171875 0.0302734375 0.330078125 0.02734375 0.3291015625 0.0224609375 0.330078125 0.021484375 0.337890625 0.02197265625 0.345703125 0.02587890625 0.3486328125 0.0283203125 0.3505859375 0.0302734375 0.353515625 0.033203125 0.357421875 0.03466796875 0.3603515625 0.03515625 0.392578125 0.03466796875 0.421875 0.03466796875 0.45703125 0.04150390625 0.458984375 0.041015625 0.44140625 0.04052734375 0.4189453125
24 0.07958984375 0.4140625 0.05712890625 0.4130859375 0.0556640625 0.404296875 0.05322265625 0.4033203125 0.05419921875 0.4599609375 0.07958984375 0.4560546875 0.07958984375 0.4140625
14 0.07470703125 0.451171875 0.07666015625 0.443359375 0.0771484375 0.447265625 0.078125 0.447265625 0.07861328125 0.4482421875 0.0791015625 0.455078125 0.0810546875 0.455078125 0.08251953125 0.44921875 0.08154296875 0.44140625 0.0810546875 0.4326171875 0.0810546875 0.427734375 0.080078125 0.421875 0.07958984375 0.412109375 0.07861328125 0.3994140625 0.0771484375 0.3974609375 0.07763671875 0.3955078125 0.078125 0.3955078125 0.07958984375 0.392578125 0.07958984375 0.384765625 0.07861328125 0.3837890625 0.0771484375 0.384765625 0.07568359375 0.390625 0.07275390625 0.396484375 0.0712890625 0.4013671875 0.07080078125 0.404296875 0.07080078125 0.4091796875 0.07080078125 0.4150390625 0.07080078125 0.419921875 0.0703125 0.4248046875 0.07080078125 0.427734375 0.072265625 0.431640625 0.07275390625 0.4375 0.07080078125 0.447265625 0.0693359375 0.4560546875 0.072265625 0.45703125 0.0732421875 0.4560546875 0.07470703125 0.451171875
15 0.0791015625 0.4560546875 0.08984375 0.458984375 0.08203125 0.0224609375 0.07470703125 0.0244140625 0.0791015625 0.4560546875
26 0.0712890625 0.3046875 0.06640625 0.3046875 0.0654296875 0.310546875 0.0673828125 0.3125 0.07177734375 0.3173828125 0.06884765625 0.31640625 0.06591796875 0.3212890625 0.06787109375 0.328125 0.0712890625 0.3310546875 0.0771484375 0.333984375 0.07666015625 0.302734375 0.07470703125 0.3017578125 0.0712890625 0.3046875
24 0.076171875 0.291015625 0.0830078125 0.3427734375 0.08837890625 0.2939453125 0.076171875 0.291015625
15 0.078125 0 0.08447265625 0.46875 0.09716796875 0.46875 0.09033203125 0.1669921875 0.095703125 0.1640625 0.095703125 0.1123046875 0.09716796875 0.0810546875 0.10205078125 0.068359375 0.1142578125 0.052734375 0.14111328125 0.0380859375 0.14794921875 0.0361328125 0.1884765625 0.0146484375 0.19091796875 0.0126953125 0.189453125 0.0048828125 0.12890625 0.03515625 0.1064453125 0.0517578125 0.09716796875 0.0673828125 0.09130859375 0.0859375 0.089919903125 0.11093391562499999 0.087890625 0 0.078125 0
27 0.10009765625 0.365234375 0.10009765625 0.34765625 0.1005859375 0.3359375 0.0947265625 0.33203125 0.0986328125 0.3251953125 0.10009765625 0.3203125 0.099609375 0.310546875 0.0966796875 0.296875 0.09521484375 0.2939453125 0.091796875 0.29296875 0.0888671875 0.2939453125 0.0869140625 0.296875 0.08544921875 0.30078125 0.08447265625 0.3115234375 0.0859375 0.3212890625 0.09033203125 0.333984375 0.08740234375 0.3359375 0.0869140625 0.365234375 0.095703125 0.365234375 0.10009765625 0.365234375
26 0.18896484375 0 0.18994140625 0.0166015625 0.19140625 0.0322265625 0.19580078125 0.041015625 0.20068359375 0.0390625 0.2060546875 0.0322265625 0.2080078125 0.0205078125 0.20849609375 0 0.18896484375 0
15 0.10986328125 0.455078125 0.11279296875 0.4541015625 0.11279296875 0.37890625 0.10986328125 0.3779296875 0.10986328125 0.455078125
27 0.11474609375 0.3486328125 0.11083984375 0.34765625 0.10986328125 0.3828125 0.11474609375 0.3828125 0.11474609375 0.3486328125
24 0.146484375 0.4609375 0.138671875 0.0400390625 0.1249708359375 0.0457084578125 0.125 0.046875 0.126953125 0.09375 0.13232421875 0.4609375 0.146484375 0.4609375
15 0.16455078125 0.3203125 0.166015625 0.453125 0.16845703125 0.4541015625 0.16845703125 0.41015625 0.16650390625 0.3193359375 0.16455078125 0.3203125
26 0.1630859375 0.349609375 0.16259765625 0.345703125 0.1640625 0.341796875 0.162109375 0.33203125 0.16162109375 0.33203125 0.16015625 0.330078125 0.158203125 0.33203125 0.15625 0.333984375 0.15576171875 0.3359375 0.15869140625 0.3427734375 0.1572265625 0.34375 0.15625 0.3486328125 0.15673828125 0.3525390625 0.15869140625 0.35546875 0.158203125 0.3564453125 0.15673828125 0.3564453125 0.15673828125 0.361328125 0.15966796875 0.3642578125 0.162109375 0.3662109375 0.1650390625 0.3603515625 0.1640625 0.3564453125 0.1630859375 0.349609375
15 0.146484375 0.4609375 0.138671875 0.0400390625 0.1249708359375 0.0457084578125 0.125 0.046875 0.126953125 0.09375 0.13232421875 0.4609375 0.146484375 0.4609375
15 0.7822265625 0.2138671875 0.7783203125 0.2158203125 0.7783203125 0.263671875 0.783203125 0.263671875 0.7822265625 0.2138671875
7 0.91845703125 0.9208984375 0.79150390625 0.900390625 0.6669921875 0.8837890625 0.59619140625 0.8759765625 0.59619140625 0.87109375 0.60498046875 0.8671875 0.615234375 0.8466796875 0.61767578125 0.818359375 0.611328125 0.7900390625 0.59716796875 0.77734375 0.58349609375 0.779296875 0.572265625 0.7919921875 0.568359375 0.8037109375 0.5654296875 0.818359375 0.564453125 0.8359375 0.56689453125 0.8525390625 0.57568359375 0.87109375 0.58740234375 0.875 0.58740234375 0.87890625 0.51904296875 0.88671875 0.4013671875 0.90234375 0.27197265625 0.9267578125 0.1884765625 0.947265625 0.01220703125 0.9912109375 0.01171875 0.9990234375 0.99951171875 0.9990234375 0.99951171875 0.935546875 0.91845703125 0.9208984375
18 0.203125 0 0.99951171875 0.02734375 0.99951171875 0 0.203125 0
18 0.99951171875 0.4970703125 0.99462890625 0.9990234375 0.99951171875 0.9990234375 0.99951171875 0.4970703125
18 0 0 0 0.462890625 0.00830078125 0 0 0
18 0 0.9990234375 0.94580078125 0.9990234375 0.5302734375 0.9599609375 0 0.9541015625 0 0.9990234375
12 0 0 0 0.9990234375 0.99951171875 0.9990234375 0.99951171875 0 0 0