21 0 0.9990234375 0.99951171875 0.9990234375 0.99951171875 0.4599609375 0.83544921875 0.486328125 0.7158203125 0.5087890625 0.52587890625 0.544921875 0.30224609375 0.58203125 0.044921875 0.6103515625 0 0.6162109375 0 0.9990234375
2 0 0 0 0.5791015625 0.0732421875 0.568359375 0.310546875 0.544921875 0.36083984375 0.544921875 0.3876953125 0.5439453125 0.8232421875 0.4775390625 0.99951171875 0.44921875 0.99951171875 0 0 0
32 0.8447265625 0 0.8427734375 0.0517578125 0.84521484375 0.10546875 0.841796875 0.154296875 0.82861328125 0.154296875 0.822265625 0.1748046875 0.82861328125 0.185546875 0.82958984375 0.1923828125 0.82763671875 0.224609375 0.82958984375 0.2412109375 0.83740234375 0.251953125 0.8447265625 0.2587890625 0.84716796875 0.28125 0.85693359375 0.28125 0.8623046875 0.2978515625 0.8671875 0.3125 0.8486328125 0.30078125 0.84912109375 0.314453125 0.8515625 0.3427734375 0.8564453125 0.3603515625 0.9111328125 0.3623046875 0.9140625 0.3623046875 0.92236328125 0.349609375 0.91796875 0.3359375 0.9296875 0.3173828125 0.93359375 0.294921875 0.93505859375 0.28125 0.93701171875 0.2802734375 0.93701171875 0.302734375 0.94677734375 0.29296875 0.95068359375 0.294921875 0.9462890625 0.302734375 0.94140625 0.318359375 0.93994140625 0.33203125 0.935546875 0.3408203125 0.9423828125 0.3466796875 0.94677734375 0.337890625 0.94873046875 0.3505859375 0.9580078125 0.3564453125 0.96923828125 0.361328125 0.97119140625 0.3701171875 0.9755859375 0.39453125 0.97998046875 0.3955078125 0.98095703125 0.3955078125 0.9931640625 0.3876953125 0.99951171875 0.3330078125 0.99951171875 0 0.8447265625 0
22 0 0.630859375 0.03955078125 0.62890625 0.06298828125 0.626953125 0.234375 0.6044921875 0.2685546875 0.5966796875 0.35302734375 0.5859375 0.44970703125 0.5693359375 0.66845703125 0.5302734375 0.99951171875 0.4775390625 0.99951171875 0.4169921875 0.8359375 0.46875 0.7568359375 0.4892578125 0.72802734375 0.49609375 0.70263671875 0.4970703125 0.34375 0.5361328125 0.13916015625 0.5595703125 0.02783203125 0.5693359375 0 0.57421875 0 0.630859375
4 0.9482421875 0.5146484375 0.9501953125 0.5078125 0.96044921875 0.5068359375 0.966796875 0.5048828125 0.96875 0.5087890625 0.9677734375 0.515625 0.96923828125 0.51953125 0.9765625 0.5185546875 0.98046875 0.5185546875 0.98486328125 0.509765625 0.98583984375 0.5048828125 0.998046875 0.50390625 0.99951171875 0.390625 0.98681640625 0.3876953125 0.97998046875 0.390625 0.9716796875 0.392578125 0.9619140625 0.3955078125 0.95263671875 0.3935546875 0.9453125 0.3935546875 0.93701171875 0.3955078125 0.9326171875 0.4013671875 0.9287109375 0.40625 0.92529296875 0.41015625 0.923828125 0.4140625 0.923828125 0.5078125 0.93701171875 0.5087890625 0.9384765625 0.513671875 0.94189453125 0.5166015625 0.9482421875 0.5146484375
9 0.490234375 0.734375 0.521484375 0.7265625 0.56787109375 0.7138671875 0.60546875 0.697265625 0.6083984375 0.6953125 0.5986328125 0.654296875 0.53369140625 0.6396484375 0.43603515625 0.6279296875 0.4072265625 0.6259765625 0.3671875 0.6357421875 0.31494140625 0.6494140625 0.2861328125 0.666015625 0.2802734375 0.697265625 0.28369140625 0.7138671875 0.3134765625 0.7255859375 0.3515625 0.73046875 0.39501953125 0.734375 0.490234375 0.734375
9 0.90087890625 0.5791015625 0.89013671875 0.556640625 0.8544921875 0.55078125 0.7890625 0.544921875 0.73974609375 0.544921875 0.7099609375 0.556640625 0.705078125 0.576171875 0.7082228859375 0.5859555734375 0.76611328125 0.5908203125 0.81884765625 0.5947265625 0.85302734375 0.599609375 0.86865234375 0.599609375 0.890625 0.591796875 0.90087890625 0.5791015625
4 0.7822265625 0.541015625 0.7841796875 0.537109375 0.78564453125 0.5302734375 0.796875 0.5302734375 0.80908203125 0.5302734375 0.82568359375 0.5302734375 0.8291015625 0.52734375 0.8310546875 0.5302734375 0.83447265625 0.53515625 0.8427734375 0.5341796875 0.84912109375 0.5400390625 0.8544921875 0.5439453125 0.86328125 0.544921875 0.86767578125 0.5361328125 0.86865234375 0.52734375 0.86962890625 0.5185546875 0.87060546875 0.5166015625 0.8818359375 0.5146484375 0.89208984375 0.51171875 0.89892578125 0.515625 0.900390625 0.51953125 0.904296875 0.5244140625 0.90576171875 0.52734375 0.90625 0.5341796875 0.9150390625 0.5341796875 0.919921875 0.5322265625 0.9228515625 0.525390625 0.92431640625 0.509765625 0.9248046875 0.5 0.9267578125 0.4970703125 0.9287109375 0.4853515625 0.92919921875 0.46875 0.92822265625 0.453125 0.927734375 0.43359375 0.92529296875 0.416015625 0.92333984375 0.4033203125 0.919921875 0.3916015625 0.9169921875 0.380859375 0.9130859375 0.37109375 0.9091796875 0.3662109375 0.908203125 0.361328125 0.90576171875 0.3564453125 0.90234375 0.3505859375 0.88818359375 0.353515625 0.87548828125 0.353515625 0.85595703125 0.3564453125 0.83837890625 0.359375 0.82275390625 0.3642578125 0.80859375 0.3681640625 0.8017578125 0.3720703125 0.7900390625 0.392578125 0.78369140625 0.40625 0.779296875 0.4169921875 0.77587890625 0.419921875 0.7744140625 0.4208984375 0.77490234375 0.42578125 0.77197265625 0.4287109375 0.76513671875 0.4384765625 0.759765625 0.44921875 0.75732421875 0.45703125 0.75537109375 0.4609375 0.755859375 0.4658203125 0.75634765625 0.466796875 0.75537109375 0.474609375 0.75439453125 0.4765625 0.75390625 0.48828125 0.755859375 0.501953125 0.7568359375 0.513671875 0.75927734375 0.5185546875 0.7626953125 0.5224609375 0.763671875 0.5341796875 0.76708984375 0.541015625 0.77392578125 0.544921875 0.779296875 0.5439453125 0.7822265625 0.541015625
24 0.8076171875 0.55078125 0.8134765625 0.5576171875 0.826171875 0.5498046875 0.82666015625 0.5048828125 0.8388671875 0.4990234375 0.84130859375 0.4931640625 0.84130859375 0.474609375 0.8408203125 0.4482421875 0.84130859375 0.4169921875 0.7998046875 0.41015625 0.7978515625 0.4970703125 0.80859375 0.5029296875 0.8076171875 0.55078125
26 0.419921875 0 0.42138671875 0.048828125 0.4345703125 0.048828125 0.44140625 0.04296875 0.4521484375 0.0390625 0.4541015625 0.0205078125 0.46240234375 0.015625 0.4677734375 0.0107421875 0.46826171875 0 0.419921875 0
24 0.43603515625 0.197265625 0.4462890625 0.193359375 0.44970703125 0.189453125 0.45068359375 0.185546875 0.4443359375 0.1669921875 0.43896484375 0.1513671875 0.4365234375 0.130859375 0.43212890625 0.103515625 0.42822265625 0.0859375 0.419921875 0.0966796875 0.4189453125 0.2041015625 0.42724609375 0.2001953125 0.43603515625 0.197265625
4 0.45703125 0.5361328125 0.4609375 0.51953125 0.49267578125 0.513671875 0.560546875 0.447265625 0.560546875 0.439453125 0.55615234375 0.3876953125 0.552734375 0.365234375 0.53466796875 0.361328125 0.5126953125 0.3583984375 0.48583984375 0.359375 0.46875 0.3603515625 0.45703125 0.3623046875 0.435546875 0.3681640625 0.4228515625 0.37109375 0.4013671875 0.3994140625 0.38525390625 0.427734375 0.36669921875 0.455078125 0.36181640625 0.478515625 0.3583984375 0.5009765625 0.3623046875 0.51953125 0.36767578125 0.5263671875 0.3701171875 0.5341796875 0.37451171875 0.548828125 0.3818359375 0.552734375 0.392578125 0.548828125 0.3974609375 0.5283203125 0.408203125 0.52734375 0.4306640625 0.5302734375 0.4345703125 0.546875 0.4482421875 0.546875 0.45703125 0.5361328125
15 0.4072265625 0.1337890625 0.4072265625 0.17578125 0.40576171875 0.177734375 0.40576171875 0.18359375 0.4072265625 0.1884765625 0.4091796875 0.6455078125 0.41796875 0.6494140625 0.42529296875 0.64453125 0.4248046875 0.466796875 0.423828125 0.2744140625 0.419921875 0 0.40673828125 0.0009765625 0.4072265625 0.123046875 0.4052734375 0.1259765625 0.4052734375 0.1337890625 0.4072265625 0.1337890625
4 0.48095703125 0.4775390625 0.478515625 0.484375 0.4775390625 0.490234375 0.4765625 0.498046875 0.4755859375 0.50390625 0.47412109375 0.5107421875 0.47265625 0.5224609375 0.4736328125 0.5341796875 0.474609375 0.5478515625 0.48046875 0.55859375 0.48681640625 0.5625 0.48876953125 0.5732421875 0.49365234375 0.58203125 0.5 0.5859375 0.505859375 0.5869140625 0.51416015625 0.5830078125 0.51953125 0.57421875 0.52197265625 0.5693359375 0.53515625 0.5693359375 0.55810546875 0.5703125 0.57470703125 0.5703125 0.580078125 0.576171875 0.59033203125 0.580078125 0.595703125 0.5869140625 0.60107421875 0.58984375 0.609375 0.583984375 0.61279296875 0.57421875 0.61865234375 0.568359375 0.62646484375 0.5615234375 0.62890625 0.5556640625 0.6435546875 0.552734375 0.65673828125 0.55078125 0.658203125 0.552734375 0.67041015625 0.5498046875 0.677734375 0.5498046875 0.6767578125 0.546875 0.68017578125 0.5458984375 0.685546875 0.5478515625 0.68701171875 0.55859375 0.69384765625 0.568359375 0.70263671875 0.568359375 0.708984375 0.5634765625 0.7138671875 0.5595703125 0.716796875 0.544921875 0.7177734375 0.53125 0.71826171875 0.5263671875 0.72216796875 0.521484375 0.724609375 0.513671875 0.7265625 0.5048828125 0.7275390625 0.501953125 0.728515625 0.4951171875 0.728515625 0.486328125 0.7265625 0.4765625 0.7265625 0.4677734375 0.72509765625 0.443359375 0.72119140625 0.43359375 0.71337890625 0.431640625 0.705078125 0.4306640625 0.6982421875 0.41796875 0.68798828125 0.40234375 0.67626953125 0.388671875 0.6640625 0.3818359375 0.65380859375 0.3798828125 0.64306640625 0.37890625 0.63134765625 0.380859375 0.62255859375 0.3798828125 0.603515625 0.3818359375 0.57470703125 0.3876953125 0.56591796875 0.3935546875 0.55859375 0.40234375 0.5498046875 0.4140625 0.54248046875 0.4248046875 0.53955078125 0.4306640625 0.5361328125 0.431640625 0.53125 0.4365234375 0.53076171875 0.443359375 0.52734375 0.44921875 0.52392578125 0.4521484375 0.505859375 0.4609375 0.49560546875 0.4658203125 0.48095703125 0.4775390625
26 0 0.259765625 0.009765625 0.2568359375 0.01318359375 0.2333984375 0 0.2314453125 0 0.259765625
26 0 0.2314453125 0.00146484375 0.21484375 0.009765625 0.2060546875 0.01025390625 0.189453125 0 0.19140625 0 0.2314453125
26 0 0.1748046875 0.0078125 0.1669921875 0.00927734375 0.1455078125 0 0.1474609375 0 0.1748046875
26 0 0.130859375 0.00732421875 0.1240234375 0.00927734375 0.1025390625 0 0.1025390625 0 0.130859375
27 0.38134765625 0.3466796875 0.3818359375 0.3623046875 0.38671875 0.37890625 0.39208984375 0.3876953125 0.400390625 0.39453125 0.41064453125 0.390625 0.42041015625 0.3779296875 0.42529296875 0.3583984375 0.4287109375 0.333984375 0.4267578125 0.302734375 0.42138671875 0.2802734375 0.4091796875 0.2666015625 0.400390625 0.2685546875 0.3955078125 0.2734375 0.39013671875 0.28125 0.384765625 0.2939453125 0.38134765625 0.3173828125 0.38134765625 0.3466796875
27 0.275390625 0.1171875 0.27978515625 0.1142578125 0.27978515625 0.0361328125 0.275390625 0.0361328125 0.25048828125 0.0478515625 0.25048828125 0.1240234375 0.25244140625 0.1259765625 0.275390625 0.1171875
2 0.96533203125 0 0.9658203125 0.0048828125 0.96875 0.0322265625 0.9677734375 0.05078125 0.96630859375 0.080078125 0.97021484375 0.0810546875 0.97021484375 0.046875 0.9736328125 0.0400390625 0.97705078125 0.0283203125 0.984375 0.0234375 0.98291015625 0.037109375 0.98876953125 0.0400390625 0.99365234375 0.0400390625 0.99853515625 0.03125 0.99951171875 0 0.96533203125 0
7 0.91845703125 0.9208984375 0.79150390625 0.900390625 0.6669921875 0.8837890625 0.59619140625 0.8759765625 0.59619140625 0.87109375 0.60498046875 0.8671875 0.615234375 0.8466796875 0.61767578125 0.818359375 0.611328125 0.7900390625 0.59716796875 0.77734375 0.58349609375 0.779296875 0.572265625 0.7919921875 0.568359375 0.8037109375 0.5654296875 0.818359375 0.564453125 0.8359375 0.56689453125 0.8525390625 0.57568359375 0.87109375 0.58740234375 0.875 0.58740234375 0.87890625 0.51904296875 0.88671875 0.4013671875 0.90234375 0.27197265625 0.9267578125 0.1884765625 0.947265625 0.01220703125 0.9912109375 0.01171875 0.9990234375 0.99951171875 0.9990234375 0.99951171875 0.935546875 0.91845703125 0.9208984375
18 0.203125 0 0.99951171875 0.02734375 0.99951171875 0 0.203125 0
18 0.99951171875 0.4970703125 0.99462890625 0.9990234375 0.99951171875 0.9990234375 0.99951171875 0.4970703125
18 0 0 0 0.462890625 0.00830078125 0 0 0
18 0 0.9990234375 0.94580078125 0.9990234375 0.5302734375 0.9599609375 0 0.9541015625 0 0.9990234375
12 0 0 0 0.9990234375 0.99951171875 0.9990234375 0.99951171875 0 0 0