23 0.43701171875 0 0.47216796875 0.201171875 0.48974609375 0.23046875 0.52783203125 0.2119140625 0.62109375 0 0.43701171875 0
2 0 0.4326171875 0.50244140625 0.4482421875 0.50830078125 0.283203125 0 0.2197265625 0 0.4326171875
2 0.58544921875 0 0.58447265625 0.0234375 0.57958984375 0.0244140625 0.57861328125 0.0390625 0.57275390625 0.0546875 0.5673828125 0.0546875 0.56591796875 0.0546875 0.56494140625 0.0615234375 0.564453125 0.0703125 0.56103515625 0.0703125 0.5556640625 0.0703125 0.55419921875 0.078125 0.5537109375 0.0849609375 0.54931640625 0.0849609375 0.5478515625 0.091796875 0.54736328125 0.111328125 0.54248046875 0.111328125 0.5380859375 0.1123046875 0.53662109375 0.1181640625 0.53662109375 0.1259765625 0.5322265625 0.1259765625 0.53173828125 0.1328125 0.5263671875 0.138671875 0.51416015625 0.150390625 0.513671875 0.1533203125 0.50537109375 0.154296875 0.5048828125 0.162109375 0.50341796875 0.1640625 0.50341796875 0.16796875 0.5009765625 0.1689453125 0.5 0.1708984375 0.5 0.1767578125 0.50048828125 0.1767578125 0.5009765625 0.1787109375 0.50048828125 0.181640625 0.4931640625 0.2021484375 0.49658203125 0.203125 0.49609375 0.208984375 0.48974609375 0.2197265625 0.48388671875 0.2197265625 0.4794921875 0.265625 0.4794921875 0.328125 0.48046875 0.3642578125 0.478515625 0.3671875 0.47998046875 0.4541015625 0.49365234375 0.4697265625 0.99951171875 0.5458984375 0.99951171875 0 0.58544921875 0
23 0 0 0 0.052734375 0.04248046875 0.0380859375 0.04052734375 0 0 0
32 0.01708984375 0 0.02587890625 0.00390625 0.029296875 0.013671875 0.0224609375 0.0185546875 0.01025390625 0.0078125 0 0.0048828125 0 0.16796875 0.197265625 0.2294921875 0.21630859375 0.291015625 0.22607421875 0.3046875 0.2265625 0.310546875 0.232421875 0.3232421875 0.2392578125 0.3212890625 0.2548828125 0.3212890625 0.25390625 0.33984375 0.25732421875 0.3505859375 0.2802734375 0.33984375 0.31884765625 0.404296875 0.46533203125 0.3583984375 0.47119140625 0.3173828125 0.48193359375 0.302734375 0.4814453125 0.29296875 0.4833984375 0.283203125 0.484375 0.2763671875 0.48828125 0.2734375 0.4921875 0.26953125 0.4931640625 0.26171875 0.48828125 0.2568359375 0.48828125 0.2509765625 0.4931640625 0.2392578125 0.494140625 0.2294921875 0.4931640625 0.22265625 0.4921875 0.21875 0.48828125 0.2158203125 0.486328125 0.212890625 0.482421875 0.2041015625 0.4833984375 0.1982421875 0.48876953125 0.201171875 0.48974609375 0.1953125 0.490234375 0.1865234375 0.49169921875 0.1875 0.4921875 0.197265625 0.494140625 0.1923828125 0.49462890625 0.181640625 0.4931640625 0.173828125 0.4921875 0.1689453125 0.4892578125 0.1650390625 0.4873046875 0.158203125 0.48681640625 0.15234375 0.486328125 0.140625 0.48779296875 0.1279296875 0.48779296875 0.12109375 0.48388671875 0.1123046875 0.4814453125 0.111328125 0.47802734375 0.111328125 0.47607421875 0.1064453125 0.4755859375 0.0986328125 0.47509765625 0.09375 0.4755859375 0.08984375 0.47509765625 0.0849609375 0.47216796875 0.0830078125 0.47119140625 0.080078125 0.47216796875 0.0751953125 0.47021484375 0.0712890625 0.47119140625 0.064453125 0.47119140625 0.0595703125 0.4697265625 0.05859375 0.46630859375 0.0615234375 0.466796875 0.052734375 0.462890625 0.0498046875 0.4609375 0.044921875 0.453125 0.04296875 0.45263671875 0.0283203125 0.4462890625 0.0224609375 0.4501953125 0.0146484375 0.455078125 0 0.01708984375 0
15 0.7080078125 0.3505859375 0.705078125 0.3310546875 0.70654296875 0.3486328125 0.70654296875 0.47265625 0.70849609375 0.47265625 0.7080078125 0.3505859375
22 0.99951171875 0.5498046875 0.99951171875 0.49609375 0.9169921875 0.4931640625 0.85693359375 0.4873046875 0.74755859375 0.4765625 0.7421875 0.4765625 0.70703125 0.46875 0.6669921875 0.4619140625 0.65478515625 0.4619140625 0.650390625 0.4697265625 0.67529296875 0.509765625 0.6884765625 0.5244140625 0.99951171875 0.5498046875
8 0.8056640625 0.427734375 0.80615234375 0.43359375 0.80810546875 0.4384765625 0.80615234375 0.4599609375 0.80615234375 0.4619140625 0.80810546875 0.4658203125 0.81396484375 0.4677734375 0.8154296875 0.4697265625 0.81494140625 0.4833984375 0.81298828125 0.4833984375 0.81201171875 0.4853515625 0.8203125 0.4853515625 0.81689453125 0.4814453125 0.8173828125 0.4697265625 0.8759765625 0.4736328125 0.87548828125 0.486328125 0.8740234375 0.490234375 0.88037109375 0.490234375 0.87841796875 0.4873046875 0.87890625 0.4736328125 0.88525390625 0.4736328125 0.88623046875 0.4677734375 0.8876953125 0.466796875 0.88671875 0.4619140625 0.8857421875 0.4541015625 0.88525390625 0.43359375 0.8876953125 0.43359375 0.8876953125 0.4306640625 0.88525390625 0.4306640625 0.884765625 0.4248046875 0.87939453125 0.4208984375 0.86279296875 0.419921875 0.814453125 0.4189453125 0.81005859375 0.419921875 0.80908203125 0.42578125 0.80712890625 0.42578125 0.8056640625 0.427734375
15 0.85009765625 0 0.849609375 0.052734375 0.84765625 0.224609375 0.845703125 0.4931640625 0.8486328125 0.4951171875 0.8515625 0.4951171875 0.85546875 0.4951171875 0.85791015625 0.4931640625 0.85791015625 0.3544921875 0.8564453125 0.103515625 0.85595703125 0 0.85009765625 0
24 0.84912109375 0.2216796875 0.841796875 0.2265625 0.8427734375 0.2431640625 0.849609375 0.2392578125 0.84912109375 0.2216796875
15 0.95849609375 0.5263671875 0.95947265625 0.5283203125 0.9609375 0.5283203125 0.96337890625 0.5283203125 0.96435546875 0.181640625 0.95947265625 0.173828125 0.958984375 0.181640625 0.9580078125 0.373046875 0.95849609375 0.5263671875
27 0.947265625 0.1875 0.98046875 0.1884765625 0.98291015625 0.1884765625 0.9833984375 0.166015625 0.98291015625 0.1640625 0.9482421875 0.1630859375 0.947265625 0.1669921875 0.947265625 0.181640625 0.947265625 0.1875
27 0.95068359375 0.2431640625 0.95166015625 0.25 0.9541015625 0.251953125 0.95703125 0.2470703125 0.95849609375 0.23046875 0.95849609375 0.2119140625 0.95654296875 0.1943359375 0.953125 0.1904296875 0.95068359375 0.2041015625 0.9501953125 0.216796875 0.9501953125 0.23046875 0.95068359375 0.2431640625
26 0.94189453125 0.3203125 0.94482421875 0.322265625 0.94677734375 0.322265625 0.94873046875 0.3203125 0.95068359375 0.3203125 0.95166015625 0.322265625 0.9560546875 0.3212890625 0.95654296875 0.2998046875 0.95654296875 0.29296875 0.951171875 0.2890625 0.95068359375 0.287109375 0.95751953125 0.287109375 0.95849609375 0.2900390625 0.95947265625 0.2900390625 0.95947265625 0.2783203125 0.9580078125 0.2802734375 0.9580078125 0.283203125 0.947265625 0.2861328125 0.94580078125 0.291015625 0.94287109375 0.29296875 0.9423828125 0.298828125 0.94189453125 0.3203125
26 0.96630859375 0.2890625 0.96435546875 0.2900390625 0.96337890625 0.2958984375 0.96484375 0.2958984375 0.96826171875 0.2939453125 0.97216796875 0.2890625 0.97607421875 0.2861328125 0.97802734375 0.2802734375 0.98095703125 0.2802734375 0.98291015625 0.27734375 0.98681640625 0.2734375 0.98779296875 0.2626953125 0.97607421875 0.2626953125 0.97607421875 0.2529296875 0.978515625 0.2509765625 0.9833984375 0.2490234375 0.98681640625 0.2431640625 0.98828125 0.2353515625 0.9755859375 0.2353515625 0.97607421875 0.2275390625 0.9775390625 0.22265625 0.984375 0.21875 0.98681640625 0.212890625 0.98779296875 0.205078125 0.97607421875 0.205078125 0.97607421875 0.2021484375 0.9716796875 0.2001953125 0.970703125 0.2001953125 0.966796875 0.19921875 0.9638671875 0.1943359375 0.96337890625 0.201171875 0.96630859375 0.203125 0.96630859375 0.2890625
24 0.96435546875 0.3359375 0.96630859375 0.3359375 0.96630859375 0.357421875 0.96826171875 0.3583984375 0.9697265625 0.341796875 0.9716796875 0.322265625 0.9716796875 0.3173828125 0.96875 0.3173828125 0.966796875 0.3193359375 0.9677734375 0.330078125 0.9638671875 0.33203125 0.96435546875 0.3359375
27 0.701171875 0.28125 0.70166015625 0.306640625 0.71533203125 0.306640625 0.71484375 0.2802734375 0.701171875 0.28125
8 0.14697265625 0.349609375 0.13623046875 0.3330078125 0.05859375 0.35546875 0.06005859375 0.4765625 0.14501953125 0.4736328125 0.14697265625 0.349609375
27 0.70654296875 0.34375 0.7119140625 0.3427734375 0.71484375 0.337890625 0.71630859375 0.3310546875 0.71630859375 0.322265625 0.71484375 0.3134765625 0.7119140625 0.310546875 0.70849609375 0.30859375 0.70458984375 0.3095703125 0.7021484375 0.310546875 0.7001953125 0.31640625 0.69873046875 0.32421875 0.69970703125 0.333984375 0.70263671875 0.341796875 0.70654296875 0.34375
8 0.31787109375 0.3642578125 0.2451171875 0.3544921875 0.24462890625 0.45703125 0.314453125 0.462890625 0.31787109375 0.3642578125
8 0.23486328125 0.361328125 0.15087890625 0.3623046875 0.1533203125 0.4677734375 0.23779296875 0.4697265625 0.23486328125 0.361328125
8 0.37841796875 0.3720703125 0.37353515625 0.359375 0.32275390625 0.3564453125 0.3232421875 0.4716796875 0.37646484375 0.46484375 0.37841796875 0.3720703125
33 0 0.5068359375 0.326171875 0.4833984375 0.3271484375 0.4697265625 0.32666015625 0.361328125 0.3076171875 0.3564453125 0.3076171875 0.453125 0.24951171875 0.453125 0.24951171875 0.349609375 0.24951171875 0.3447265625 0.24609375 0.33984375 0.2392578125 0.33984375 0.2333984375 0.33984375 0.2314453125 0.34375 0.2314453125 0.45703125 0.158203125 0.4619140625 0.1572265625 0.34375 0.14208984375 0.341796875 0.142578125 0.466796875 0.06884765625 0.46875 0.06640625 0.3544921875 0.04638671875 0.35546875 0.04833984375 0.46875 0.04736328125 0.46875 0 0.47265625 0 0.5068359375
8 0 0.47265625 0.048828125 0.4716796875 0.04736328125 0.365234375 0 0.3671875 0 0.47265625
32 0 0.333984375 0.00439453125 0.33203125 0.01123046875 0.330078125 0.0166015625 0.328125 0.021484375 0.3291015625 0.02294921875 0.3408203125 0.0224609375 0.3466796875 0.01708984375 0.3525390625 0.01513671875 0.3564453125 0.0166015625 0.3623046875 0.0224609375 0.3642578125 0.0302734375 0.3603515625 0.03759765625 0.3662109375 0.04345703125 0.3603515625 0.04345703125 0.3466796875 0.04833984375 0.3408203125 0.0537109375 0.3447265625 0.0693359375 0.357421875 0.09912109375 0.3759765625 0.1064453125 0.4052734375 0.1064453125 0.4326171875 0.10693359375 0.4873046875 0.10498046875 0.49609375 0.11083984375 0.5 0.115234375 0.4931640625 0.11279296875 0.4208984375 0.11328125 0.392578125 0.11376953125 0.3818359375 0.12060546875 0.3828125 0.12548828125 0.384765625 0.13037109375 0.380859375 0.1318359375 0.3720703125 0.1298828125 0.353515625 0.13232421875 0.361328125 0.13330078125 0.373046875 0.1357421875 0.380859375 0.13818359375 0.3720703125 0.14208984375 0.3701171875 0.14697265625 0.3671875 0.150390625 0.3759765625 0.15478515625 0.3798828125 0.15673828125 0.3701171875 0.16015625 0.3662109375 0.16455078125 0.359375 0.1689453125 0.357421875 0.17138671875 0.365234375 0.173828125 0.3759765625 0.18212890625 0.3857421875 0.18994140625 0.3818359375 0.19873046875 0.3740234375 0.2041015625 0.3759765625 0.2099609375 0.37109375 0.2109375 0.3603515625 0.21826171875 0.3623046875 0.212890625 0.3564453125 0.20654296875 0.3544921875 0.20068359375 0.345703125 0.201171875 0.333984375 0.20458984375 0.3330078125 0.2119140625 0.3359375 0.21337890625 0.33203125 0.208984375 0.3232421875 0.20361328125 0.318359375 0.2001953125 0.3095703125 0.2060546875 0.306640625 0.20849609375 0.298828125 0.2060546875 0.294921875 0.2197265625 0.291015625 0.22265625 0.27734375 0.23046875 0.2548828125 0.21875 0.21484375 0.20458984375 0.1826171875 0.1845703125 0.181640625 0.1650390625 0.158203125 0.17822265625 0.12109375 0.16748046875 0.0908203125 0.138671875 0.0703125 0.10595703125 0.080078125 0.0498046875 0.0693359375 0.01318359375 0.09375 0.01318359375 0.1240234375 0 0.1650390625 0 0.275390625 0 0.333984375
4 0.46923828125 0.4423828125 0.47216796875 0.4443359375 0.47607421875 0.443359375 0.47802734375 0.408203125 0.474609375 0.40625 0.47119140625 0.404296875 0.4658203125 0.404296875 0.4677734375 0.44140625 0.4677734375 0.4423828125 0.46923828125 0.4423828125
33 0.46826171875 0.3447265625 0.45947265625 0.34375 0.4541015625 0.341796875 0.44482421875 0.3427734375 0.44482421875 0.435546875 0.44287109375 0.4384765625 0.43408203125 0.4375 0.43310546875 0.33984375 0.42919921875 0.337890625 0.421875 0.3369140625 0.41796875 0.3369140625 0.41650390625 0.341796875 0.41650390625 0.3935546875 0.388671875 0.3671875 0.388671875 0.337890625 0.38330078125 0.3369140625 0.37841796875 0.3359375 0.37060546875 0.337890625 0.37060546875 0.4677734375 0.466796875 0.462890625 0.46875 0.4521484375 0.46826171875 0.3447265625
22 0 0.53125 0.45166015625 0.5244140625 0.505859375 0.513671875 0.52880859375 0.4853515625 0.4951171875 0.4501953125 0.47021484375 0.439453125 0.466796875 0.439453125 0.466796875 0.4541015625 0.4580078125 0.4541015625 0.4306640625 0.4599609375 0.38818359375 0.4599609375 0.373046875 0.46484375 0.25146484375 0.4794921875 0.138671875 0.4892578125 0 0.4931640625 0 0.53125
8 0.42431640625 0.3720703125 0.42236328125 0.357421875 0.38818359375 0.353515625 0.38818359375 0.3837890625 0.40673828125 0.40234375 0.42431640625 0.3720703125
8 0.451171875 0.43359375 0.451171875 0.359375 0.43310546875 0.357421875 0.43359375 0.4384765625 0.45068359375 0.4384765625 0.451171875 0.43359375
24 0.38623046875 0.373046875 0.38623046875 0.4521484375 0.384765625 0.4560546875 0.38525390625 0.462890625 0.39453125 0.462890625 0.43212890625 0.4609375 0.43212890625 0.453125 0.42724609375 0.451171875 0.4267578125 0.3740234375 0.4287109375 0.3740234375 0.4287109375 0.369140625 0.4033203125 0.365234375 0.38525390625 0.3681640625 0.38525390625 0.37109375 0.38623046875 0.3720703125 0.38623046875 0.373046875
4 0.4697265625 0.4375 0.47021484375 0.443359375 0.47021484375 0.4443359375 0.474609375 0.44921875 0.47705078125 0.4501953125 0.4794921875 0.4501953125 0.48046875 0.447265625 0.48583984375 0.443359375 0.4814453125 0.41015625 0.47802734375 0.408203125 0.4755859375 0.4091796875 0.4716796875 0.4189453125 0.47021484375 0.427734375 0.4697265625 0.4375
15 0.4677734375 0.3564453125 0.46630859375 0.451171875 0.4677734375 0.451171875 0.46875 0.3623046875 0.4677734375 0.3564453125
27 0.4638671875 0.337890625 0.46337890625 0.3671875 0.47216796875 0.3671875 0.47216796875 0.337890625 0.4638671875 0.337890625
4 0.48193359375 0.455078125 0.48486328125 0.4560546875 0.490234375 0.455078125 0.49365234375 0.45703125 0.494140625 0.4638671875 0.50048828125 0.46875 0.50537109375 0.4677734375 0.56103515625 0.421875 0.55029296875 0.3662109375 0.5478515625 0.3544921875 0.529296875 0.35546875 0.50927734375 0.361328125 0.50244140625 0.3642578125 0.4990234375 0.3671875 0.49755859375 0.3701171875 0.49658203125 0.3740234375 0.49609375 0.3955078125 0.49658203125 0.40234375 0.49169921875 0.3896484375 0.48876953125 0.3828125 0.48388671875 0.380859375 0.478515625 0.3798828125 0.47802734375 0.3955078125 0.48046875 0.4306640625 0.48095703125 0.4443359375 0.48193359375 0.455078125
15 0.494140625 0.3056640625 0.49365234375 0.4765625 0.4951171875 0.4765625 0.49560546875 0.306640625 0.494140625 0.3056640625
15 0.470703125 0.2890625 0.47119140625 0.48828125 0.474609375 0.48828125 0.47412109375 0.2900390625 0.470703125 0.2890625
27 0.50439453125 0.298828125 0.48779296875 0.2978515625 0.48779296875 0.3125 0.50439453125 0.3134765625 0.50439453125 0.298828125
27 0.50341796875 0.359375 0.50439453125 0.3583984375 0.5048828125 0.3232421875 0.50390625 0.3212890625 0.48681640625 0.3203125 0.4873046875 0.357421875 0.48828125 0.3603515625 0.50341796875 0.359375
27 0.48779296875 0.32421875 0.490234375 0.322265625 0.49072265625 0.302734375 0.490234375 0.2978515625 0.4873046875 0.296875 0.44189453125 0.30078125 0.435546875 0.314453125 0.43798828125 0.3193359375 0.44189453125 0.328125 0.48779296875 0.32421875
32 0.35498046875 0.4765625 0.35205078125 0.3876953125 0.357421875 0.3876953125 0.35546875 0.376953125 0.36083984375 0.37890625 0.36669921875 0.384765625 0.37255859375 0.390625 0.37109375 0.3779296875 0.365234375 0.3642578125 0.3671875 0.357421875 0.37353515625 0.3662109375 0.37939453125 0.3671875 0.38525390625 0.3623046875 0.380859375 0.35546875 0.37548828125 0.3525390625 0.373046875 0.3447265625 0.37451171875 0.3359375 0.37939453125 0.3349609375 0.3828125 0.3408203125 0.390625 0.3310546875 0.39794921875 0.3203125 0.39404296875 0.2822265625 0.41015625 0.26171875 0.40869140625 0.236328125 0.4140625 0.18359375 0.3955078125 0.150390625 0.36669921875 0.1328125 0.359375 0.09765625 0.32958984375 0.0693359375 0.32080078125 0.064453125 0.28564453125 0.0869140625 0.2392578125 0.1142578125 0.22412109375 0.1552734375 0.224609375 0.177734375 0.208984375 0.21484375 0.2138671875 0.240234375 0.208984375 0.24609375 0.20849609375 0.2578125 0.216796875 0.2724609375 0.2158203125 0.2841796875 0.22021484375 0.294921875 0.23486328125 0.3095703125 0.259765625 0.3203125 0.2861328125 0.3564453125 0.3046875 0.380859375 0.310546875 0.3759765625 0.31494140625 0.3642578125 0.31884765625 0.3740234375 0.32275390625 0.37890625 0.32470703125 0.37890625 0.32958984375 0.373046875 0.3359375 0.3701171875 0.3427734375 0.3603515625 0.34375 0.4765625 0.34423828125 0.4873046875 0.34716796875 0.4873046875 0.3515625 0.4873046875 0.35302734375 0.4853515625 0.35498046875 0.4765625
15 0.26708984375 0.2724609375 0.2666015625 0.3017578125 0.2666015625 0.4912109375 0.271484375 0.4921875 0.271484375 0.46875 0.26953125 0.2734375 0.27294921875 0.2705078125 0.27490234375 0.2626953125 0.27587890625 0.25390625 0.2734375 0.251953125 0.2685546875 0.2509765625 0.26171875 0.2529296875 0.2607421875 0.259765625 0.26318359375 0.2685546875 0.26708984375 0.2724609375
24 0.39794921875 0.4814453125 0.396484375 0.4853515625 0.3974609375 0.4892578125 0.41162109375 0.4892578125 0.41259765625 0.4873046875 0.41162109375 0.4833984375 0.4111328125 0.447265625 0.41259765625 0.443359375 0.4091796875 0.4404296875 0.3984375 0.4404296875 0.3955078125 0.443359375 0.39697265625 0.4482421875 0.3974609375 0.4501953125 0.39794921875 0.4814453125
21 0 0.9990234375 0.99951171875 0.9990234375 0.99951171875 0.5458984375 0.970703125 0.5458984375 0.7783203125 0.53125 0.705078125 0.5244140625 0.7001953125 0.515625 0.69775390625 0.5078125 0.7001953125 0.498046875 0.7041015625 0.4833984375 0.70166015625 0.48046875 0.6865234375 0.4765625 0.6630859375 0.47265625 0.56494140625 0.45703125 0.50634765625 0.4921875 0.49609375 0.5048828125 0.22021484375 0.5185546875 0.03955078125 0.5224609375 0.0390625 0.5322265625 0.03564453125 0.54296875 0 0.541015625 0 0.9990234375
22 0 0.9990234375 0.18994140625 0.7744140625 0 0.7646484375 0 0.9990234375
9 0 0.5390625 0.03759765625 0.54296875 0.0390625 0.5234375 0.01904296875 0.521484375 0 0.5166015625 0 0.5390625
9 0 0.7939453125 0.1630859375 0.7880859375 0.1787109375 0.787109375 0.2236328125 0.73828125 0.22265625 0.6953125 0.216796875 0.6875 0.20068359375 0.6806640625 0.185546875 0.67578125 0.13671875 0.669921875 0.10498046875 0.669921875 0.05810546875 0.677734375 0.013671875 0.6904296875 0 0.6982421875 0 0.7939453125
24 0.0595703125 0.404296875 0.06640625 0.4150390625 0.08203125 0.42578125 0.09326171875 0.421875 0.103515625 0.412109375 0.10986328125 0.40234375 0.115234375 0.3818359375 0.1181640625 0.3642578125 0.11767578125 0.3447265625 0.11474609375 0.328125 0.109375 0.310546875 0.1015625 0.298828125 0.0908203125 0.2890625 0.08251953125 0.2880859375 0.06884765625 0.294921875 0.0634765625 0.2998046875 0.05908203125 0.30859375 0.0546875 0.3212890625 0.05029296875 0.3486328125 0.0498046875 0.3701171875 0.05322265625 0.3876953125 0.0595703125 0.404296875
15 0.06591796875 0 0.0703125 0.69140625 0.07666015625 0.6953125 0.08349609375 0.693359375 0.087890625 0.689453125 0.08251953125 0 0.06591796875 0
26 0.0361328125 0 0.037109375 0.0234375 0.0478515625 0.0283203125 0.05419921875 0.0283203125 0.0576171875 0.037109375 0.06640625 0.0400390625 0.06787109375 0.0400390625 0.06787109375 0.056640625 0.0751953125 0.056640625 0.0751953125 0.0322265625 0.07958984375 0.025390625 0.0810546875 0.0166015625 0.08154296875 0 0.0361328125 0
27 0.060546875 0.205078125 0.09326171875 0.205078125 0.10009765625 0.19921875 0.10107421875 0.1884765625 0.07373046875 0.0927734375 0.06787109375 0.083984375 0.06298828125 0.0849609375 0.05712890625 0.1005859375 0.03173828125 0.1923828125 0.0341796875 0.201171875 0.060546875 0.205078125
22 0.88720703125 0.5693359375 0.875 0.57421875 0.86962890625 0.58984375 0.8701171875 0.5966796875 0.99951171875 0.6748046875 0.99951171875 0.568359375 0.9150390625 0.5703125 0.88720703125 0.5693359375
4 0.50244140625 0.48828125 0.50439453125 0.498046875 0.50537109375 0.5107421875 0.50830078125 0.5107421875 0.51025390625 0.5166015625 0.51123046875 0.525390625 0.51416015625 0.5263671875 0.51953125 0.5263671875 0.52001953125 0.521484375 0.52197265625 0.51171875 0.56494140625 0.5107421875 0.56494140625 0.5205078125 0.5693359375 0.5224609375 0.5703125 0.53125 0.57470703125 0.5361328125 0.58154296875 0.5361328125 0.5849609375 0.5322265625 0.58837890625 0.5234375 0.58837890625 0.5078125 0.61328125 0.5068359375 0.61669921875 0.5068359375 0.62548828125 0.5048828125 0.626953125 0.5166015625 0.62939453125 0.52734375 0.6328125 0.53125 0.63818359375 0.533203125 0.6435546875 0.52734375 0.6455078125 0.5185546875 0.64697265625 0.5078125 0.64697265625 0.5009765625 0.65380859375 0.5 0.66064453125 0.4970703125 0.6630859375 0.4892578125 0.66455078125 0.4697265625 0.6630859375 0.4619140625 0.6611328125 0.4541015625 0.66015625 0.416015625 0.65673828125 0.388671875 0.65283203125 0.3642578125 0.6484375 0.3583984375 0.63916015625 0.3525390625 0.61572265625 0.35546875 0.5869140625 0.3583984375 0.56884765625 0.3623046875 0.55517578125 0.3671875 0.53955078125 0.3818359375 0.533203125 0.400390625 0.5234375 0.427734375 0.52294921875 0.4248046875 0.5205078125 0.4248046875 0.5185546875 0.42578125 0.5166015625 0.4267578125 0.515625 0.4306640625 0.515625 0.435546875 0.51513671875 0.4384765625 0.5107421875 0.4423828125 0.50830078125 0.4453125 0.505859375 0.451171875 0.50390625 0.45703125 0.50390625 0.4736328125 0.50390625 0.4833984375 0.50244140625 0.48828125
7 0.91845703125 0.9208984375 0.79150390625 0.900390625 0.6669921875 0.8837890625 0.59619140625 0.8759765625 0.59619140625 0.87109375 0.60498046875 0.8671875 0.615234375 0.8466796875 0.61767578125 0.818359375 0.611328125 0.7900390625 0.59716796875 0.77734375 0.58349609375 0.779296875 0.572265625 0.7919921875 0.568359375 0.8037109375 0.5654296875 0.818359375 0.564453125 0.8359375 0.56689453125 0.8525390625 0.57568359375 0.87109375 0.58740234375 0.875 0.58740234375 0.87890625 0.51904296875 0.88671875 0.4013671875 0.90234375 0.27197265625 0.9267578125 0.1884765625 0.947265625 0.01220703125 0.9912109375 0.01171875 0.9990234375 0.99951171875 0.9990234375 0.99951171875 0.935546875 0.91845703125 0.9208984375
18 0.203125 0 0.99951171875 0.02734375 0.99951171875 0 0.203125 0
18 0.99951171875 0.4970703125 0.99462890625 0.9990234375 0.99951171875 0.9990234375 0.99951171875 0.4970703125
18 0 0 0 0.462890625 0.00830078125 0 0 0
18 0 0.9990234375 0.94580078125 0.9990234375 0.5302734375 0.9599609375 0 0.9541015625 0 0.9990234375
12 0 0 0 0.9990234375 0.99951171875 0.9990234375 0.99951171875 0 0 0