2 0 0 0 0.0068359375 0 0.9990234375 0.99951171875 0.9990234375 0.99951171875 0 0 0
24 0.2548828125 0.3310546875 0.25439453125 0.3408203125 0.2568359375 0.34765625 0.2607421875 0.3544921875 0.26416015625 0.35546875 0.26953125 0.3544921875 0.27294921875 0.3486328125 0.2744140625 0.341796875 0.27490234375 0.3310546875 0.2734375 0.32421875 0.2705078125 0.3203125 0.2666015625 0.31640625 0.26220703125 0.31640625 0.25830078125 0.3193359375 0.25634765625 0.3232421875 0.2548828125 0.3310546875
24 0.2734375 0.3564453125 0.25732421875 0.3564453125 0.25732421875 0.3681640625 0.2734375 0.3671875 0.2734375 0.3564453125
27 0.2568359375 0.3701171875 0.25732421875 0.3779296875 0.27294921875 0.37890625 0.27294921875 0.369140625 0.2568359375 0.3701171875
21 0 0.9990234375 0.99951171875 0.9990234375 0.99951171875 0.884765625 0.97998046875 0.833984375 0.814453125 0.7177734375 0.48388671875 0.533203125 0.4580078125 0.5166015625 0.44580078125 0.5166015625 0.439453125 0.5185546875 0.4345703125 0.5224609375 0.404296875 0.5224609375 0.39794921875 0.5244140625 0.3154296875 0.5283203125 0.31005859375 0.5224609375 0 0.6923828125 0 0.9990234375
27 0.27392578125 0.39453125 0.27392578125 0.3828125 0.25732421875 0.3818359375 0.25341796875 0.388671875 0.2578125 0.3955078125 0.27392578125 0.39453125
22 0.45703125 0.525390625 0.5556640625 0.6220703125 0.73828125 0.826171875 0.763671875 0.8583984375 0.8916015625 0.9990234375 0.99951171875 0.9990234375 0.99951171875 0.671875 0.5458984375 0.48046875 0.50732421875 0.4912109375 0.5 0.5087890625 0.49609375 0.509765625 0.47607421875 0.5107421875 0.46044921875 0.51171875 0.45751953125 0.513671875 0.45703125 0.525390625
22 0 0.7587890625 0.2421875 0.583984375 0.31591796875 0.5341796875 0.314453125 0.5224609375 0.302734375 0.5205078125 0.26953125 0.521484375 0.25830078125 0.5029296875 0.220703125 0.5146484375 0 0.5908203125 0 0.7587890625
8 0 0.6240234375 0.2705078125 0.5224609375 0.26953125 0.4853515625 0.26904296875 0.4560546875 0.26611328125 0.4521484375 0.17919921875 0.451171875 0 0.44140625 0 0.6240234375
15 0.26318359375 0.32421875 0.26416015625 0.44921875 0.2666015625 0.44921875 0.265625 0.3232421875 0.26318359375 0.32421875
32 0 0.4443359375 0.005859375 0.4453125 0.00927734375 0.4482421875 0.00927734375 0.4560546875 0.015625 0.4609375 0.01611328125 0.47265625 0.0185546875 0.4775390625 0.01904296875 0.4716796875 0.0185546875 0.4599609375 0.0205078125 0.4609375 0.02392578125 0.4638671875 0.02490234375 0.4697265625 0.029296875 0.4716796875 0.02978515625 0.4765625 0.03369140625 0.4755859375 0.03466796875 0.48046875 0.037109375 0.4814453125 0.04296875 0.4853515625 0.04345703125 0.4833984375 0.04150390625 0.4755859375 0.0419921875 0.4677734375 0.04833984375 0.466796875 0.0498046875 0.4638671875 0.0478515625 0.4619140625 0.04296875 0.458984375 0.0419921875 0.455078125 0.04150390625 0.4501953125 0.04052734375 0.443359375 0.0791015625 0.4453125 0.080078125 0.4521484375 0.0810546875 0.462890625 0.07958984375 0.4716796875 0.0771484375 0.4814453125 0.0771484375 0.48828125 0.08203125 0.4921875 0.09130859375 0.5029296875 0.091796875 0.50390625 0.09912109375 0.501953125 0.09765625 0.4912109375 0.1005859375 0.4853515625 0.10498046875 0.478515625 0.10595703125 0.466796875 0.10498046875 0.4541015625 0.1025390625 0.447265625 0.1181640625 0.447265625 0.11474609375 0.4521484375 0.11865234375 0.4736328125 0.11865234375 0.4931640625 0.119140625 0.501953125 0.12060546875 0.4921875 0.1240234375 0.484375 0.130859375 0.4765625 0.13671875 0.466796875 0.14111328125 0.4541015625 0.14111328125 0.4482421875 0.1416015625 0.447265625 0.15625 0.4482421875 0.158203125 0.44921875 0.158203125 0.4501953125 0.158203125 0.4560546875 0.15869140625 0.4599609375 0.16064453125 0.4736328125 0.1611328125 0.4833984375 0.16455078125 0.48828125 0.169921875 0.4892578125 0.17138671875 0.4794921875 0.1748046875 0.4697265625 0.177734375 0.4619140625 0.1767578125 0.4541015625 0.1767578125 0.451171875 0.18505859375 0.451171875 0.18701171875 0.4541015625 0.185546875 0.4638671875 0.18603515625 0.4677734375 0.18603515625 0.4765625 0.185546875 0.4892578125 0.18701171875 0.4931640625 0.1923828125 0.490234375 0.1943359375 0.4853515625 0.19580078125 0.4755859375 0.19482421875 0.46875 0.19384765625 0.462890625 0.19482421875 0.455078125 0.19482421875 0.4521484375 0.20703125 0.453125 0.20751953125 0.455078125 0.2060546875 0.462890625 0.2109375 0.46484375 0.2099609375 0.4775390625 0.2138671875 0.4833984375 0.21630859375 0.4794921875 0.2197265625 0.4697265625 0.2216796875 0.4619140625 0.22119140625 0.455078125 0.23388671875 0.4541015625 0.234375 0.4560546875 0.2333984375 0.4599609375 0.2294921875 0.458984375 0.2294921875 0.4677734375 0.23046875 0.4736328125 0.23291015625 0.4755859375 0.236328125 0.474609375 0.23828125 0.4697265625 0.2392578125 0.4599609375 0.24365234375 0.45703125 0.24609375 0.4619140625 0.248046875 0.4716796875 0.2509765625 0.4658203125 0.2568359375 0.4677734375 0.25830078125 0.4736328125 0.26123046875 0.4716796875 0.26513671875 0.46484375 0.267578125 0.46875 0.26904296875 0.4794921875 0.2734375 0.4814453125 0.27783203125 0.4765625 0.27783203125 0.4619140625 0.27587890625 0.451171875 0.2705078125 0.443359375 0.26416015625 0.44140625 0.25927734375 0.4375 0.259765625 0.4306640625 0.25732421875 0.4208984375 0.25390625 0.421875 0.24853515625 0.416015625 0.2421875 0.41796875 0.23388671875 0.4189453125 0.22998046875 0.42578125 0.228515625 0.4296875 0.22216796875 0.4248046875 0.21484375 0.4130859375 0.20166015625 0.412109375 0.19677734375 0.4169921875 0.19384765625 0.4140625 0.1884765625 0.4033203125 0.1845703125 0.4033203125 0.1787109375 0.412109375 0.17626953125 0.4013671875 0.171875 0.3994140625 0.1689453125 0.412109375 0.1611328125 0.3955078125 0.1552734375 0.3857421875 0.14501953125 0.3798828125 0.13720703125 0.3740234375 0.1240234375 0.37109375 0.10888671875 0.369140625 0.10595703125 0.3740234375 0.09423828125 0.390625 0.083984375 0.39453125 0.07958984375 0.408203125 0.07568359375 0.4140625 0.0693359375 0.416015625 0.06884765625 0.4091796875 0.06298828125 0.4130859375 0.05712890625 0.421875 0.046875 0.421875 0.037109375 0.419921875 0.03564453125 0.4072265625 0.03076171875 0.4130859375 0.02880859375 0.40625 0.0322265625 0.400390625 0.0302734375 0.392578125 0.0302734375 0.373046875 0.02880859375 0.3623046875 0.02197265625 0.3671875 0.0166015625 0.3740234375 0.0126953125 0.3701171875 0.01171875 0.3603515625 0.0078125 0.357421875 0 0.33984375 0 0.4443359375
15 0.77001953125 0.2578125 0.76806640625 0.2548828125 0.763671875 0.2568359375 0.76513671875 0.3623046875 0.767578125 0.3701171875 0.771484375 0.365234375 0.77001953125 0.2578125
15 0.849609375 0.33984375 0.85009765625 0.3232421875 0.849609375 0.3134765625 0.84912109375 0.3056640625 0.8466796875 0.32421875 0.8466796875 0.345703125 0.84912109375 0.3466796875 0.849609375 0.33984375
15 0.9111328125 0.2490234375 0.91064453125 0.1630859375 0.9052734375 0.16015625 0.9033203125 0.162109375 0.90380859375 0.2529296875 0.90478515625 0.33984375 0.9140625 0.3408203125 0.9111328125 0.2490234375
15 0.4697265625 0.1123046875 0.47021484375 0.1240234375 0.47412109375 0.134765625 0.478515625 0.1396484375 0.48486328125 0.1376953125 0.48779296875 0.1298828125 0.4873046875 0.12109375 0.484375 0.1171875 0.4814453125 0.1181640625 0.48095703125 0.1240234375 0.482421875 0.1259765625 0.482421875 0.12109375 0.4833984375 0.1201171875 0.48583984375 0.1220703125 0.48681640625 0.1279296875 0.48583984375 0.1328125 0.4814453125 0.1357421875 0.47607421875 0.1337890625 0.4736328125 0.1298828125 0.47119140625 0.12109375 0.47119140625 0.1083984375 0.47412109375 0.099609375 0.47705078125 0.09375 0.48193359375 0.08984375 0.48681640625 0.087890625 0.49169921875 0.0908203125 0.49560546875 0.09375 0.49951171875 0.09765625 0.50390625 0.1064453125 0.50537109375 0.115234375 0.5068359375 0.1240234375 0.5078125 0.146484375 0.50927734375 0.345703125 0.50927734375 0.376953125 0.50927734375 0.396484375 0.50927734375 0.4326171875 0.51220703125 0.4482421875 0.51318359375 0.4423828125 0.51171875 0.3466796875 0.51123046875 0.314453125 0.509765625 0.1865234375 0.50927734375 0.1357421875 0.50830078125 0.1259765625 0.5068359375 0.1123046875 0.50390625 0.1005859375 0.49951171875 0.0927734375 0.49365234375 0.0869140625 0.48828125 0.0849609375 0.48388671875 0.0849609375 0.478515625 0.0869140625 0.4755859375 0.0908203125 0.47216796875 0.095703125 0.47021484375 0.1025390625 0.4697265625 0.1123046875
27 0.37646484375 0.4052734375 0.37646484375 0.4150390625 0.39208984375 0.4150390625 0.3916015625 0.404296875 0.37646484375 0.4052734375
15 0.5546875 0.40625 0.5556640625 0.3974609375 0.5556640625 0.3876953125 0.55419921875 0.248046875 0.55419921875 0.2451171875 0.5546875 0.234375 0.55224609375 0.2353515625 0.552734375 0.2978515625 0.5537109375 0.396484375 0.55322265625 0.40625 0.5546875 0.40625
14 0.447265625 0.48828125 0.44677734375 0.4921875 0.44580078125 0.4970703125 0.4443359375 0.5068359375 0.44287109375 0.5166015625 0.44580078125 0.513671875 0.44873046875 0.5048828125 0.4501953125 0.501953125 0.451171875 0.4970703125 0.4521484375 0.5 0.453125 0.509765625 0.453125 0.5146484375 0.4541015625 0.51953125 0.455078125 0.5205078125 0.45703125 0.51953125 0.45849609375 0.501953125 0.45654296875 0.4794921875 0.4541015625 0.4755859375 0.453125 0.4658203125 0.453125 0.462890625 0.4541015625 0.4599609375 0.4541015625 0.455078125 0.45263671875 0.451171875 0.451171875 0.4501953125 0.44873046875 0.451171875 0.4482421875 0.4541015625 0.44873046875 0.462890625 0.44677734375 0.466796875 0.44580078125 0.4755859375 0.44677734375 0.4833984375 0.447265625 0.48828125
8 0.68359375 0.5810546875 0.70849609375 0.5908203125 0.73876953125 0.603515625 0.78173828125 0.6240234375 0.83544921875 0.6494140625 0.99951171875 0.72265625 0.99951171875 0.384765625 0.99951171875 0.380859375 0.9560546875 0.3505859375 0.7802734375 0.388671875 0.66650390625 0.3994140625 0.60009765625 0.4150390625 0.5556640625 0.42578125 0.50244140625 0.4482421875 0.498046875 0.462890625 0.498046875 0.5107421875 0.57861328125 0.5380859375 0.65966796875 0.5693359375 0.68359375 0.5810546875
14 0.43701171875 0.47265625 0.43505859375 0.4736328125 0.43408203125 0.478515625 0.4345703125 0.4873046875 0.4365234375 0.48828125 0.4384765625 0.4892578125 0.439453125 0.4931640625 0.43994140625 0.4990234375 0.43896484375 0.509765625 0.43896484375 0.5185546875 0.4384765625 0.521484375 0.43994140625 0.5234375 0.4453125 0.5234375 0.44580078125 0.521484375 0.44482421875 0.5185546875 0.4443359375 0.513671875 0.4462890625 0.50390625 0.44677734375 0.498046875 0.4462890625 0.4931640625 0.4453125 0.4873046875 0.44580078125 0.4853515625 0.447265625 0.484375 0.44775390625 0.478515625 0.44677734375 0.4755859375 0.44677734375 0.4697265625 0.44580078125 0.46484375 0.44482421875 0.4609375 0.4453125 0.458984375 0.44482421875 0.453125 0.4443359375 0.451171875 0.44287109375 0.4501953125 0.4404296875 0.4521484375 0.43994140625 0.4599609375 0.4384765625 0.46484375 0.43701171875 0.4716796875 0.43701171875 0.47265625
14 0.4521484375 0.4853515625 0.45263671875 0.4892578125 0.4541015625 0.4912109375 0.455078125 0.4921875 0.4560546875 0.5009765625 0.45654296875 0.509765625 0.45703125 0.5166015625 0.45751953125 0.51953125 0.45947265625 0.5126953125 0.45947265625 0.5068359375 0.46044921875 0.50390625 0.46240234375 0.501953125 0.4619140625 0.48828125 0.46337890625 0.4853515625 0.46240234375 0.4833984375 0.4619140625 0.4765625 0.4619140625 0.4638671875 0.4609375 0.4599609375 0.4619140625 0.455078125 0.4619140625 0.4521484375 0.4609375 0.44921875 0.45849609375 0.44921875 0.4580078125 0.451171875 0.4580078125 0.4541015625 0.4580078125 0.4560546875 0.45703125 0.458984375 0.455078125 0.4619140625 0.4541015625 0.474609375 0.45361328125 0.4794921875 0.453125 0.4814453125 0.4521484375 0.4853515625
27 0.49951171875 0.3505859375 0.5 0.3828125 0.5126953125 0.3828125 0.51220703125 0.349609375 0.49951171875 0.3505859375
24 0.4755859375 0.1640625 0.478515625 0.1865234375 0.4833984375 0.1865234375 0.486328125 0.1630859375 0.486328125 0.162109375 0.48486328125 0.16015625 0.48388671875 0.1533203125 0.4814453125 0.1494140625 0.48193359375 0.1357421875 0.48046875 0.140625 0.47998046875 0.1494140625 0.47705078125 0.154296875 0.4765625 0.162109375 0.4755859375 0.1640625
32 0.49560546875 0.4560546875 0.49609375 0.4619140625 0.49755859375 0.47265625 0.4990234375 0.4697265625 0.50390625 0.4736328125 0.505859375 0.47265625 0.505859375 0.46484375 0.50830078125 0.455078125 0.51220703125 0.455078125 0.51513671875 0.4560546875 0.51513671875 0.4619140625 0.515625 0.47265625 0.517578125 0.484375 0.5205078125 0.484375 0.52197265625 0.4765625 0.5234375 0.466796875 0.52490234375 0.46484375 0.52783203125 0.466796875 0.5302734375 0.466796875 0.5283203125 0.458984375 0.5244140625 0.455078125 0.52392578125 0.4501953125 0.52978515625 0.4501953125 0.53173828125 0.455078125 0.53466796875 0.458984375 0.537109375 0.462890625 0.5419921875 0.466796875 0.54541015625 0.46484375 0.544921875 0.455078125 0.54541015625 0.4482421875 0.55029296875 0.447265625 0.5517578125 0.4482421875 0.55224609375 0.4560546875 0.55419921875 0.46484375 0.56005859375 0.4541015625 0.56103515625 0.4453125 0.56396484375 0.4453125 0.564453125 0.453125 0.56787109375 0.46484375 0.57080078125 0.45703125 0.57373046875 0.4443359375 0.57666015625 0.4482421875 0.57763671875 0.4599609375 0.583984375 0.4716796875 0.5869140625 0.46875 0.5849609375 0.45703125 0.58447265625 0.4423828125 0.58740234375 0.4365234375 0.5947265625 0.4365234375 0.59423828125 0.44140625 0.5947265625 0.4453125 0.5986328125 0.4560546875 0.599609375 0.46875 0.6044921875 0.47265625 0.60595703125 0.466796875 0.60791015625 0.451171875 0.61181640625 0.4443359375 0.61669921875 0.4423828125 0.6201171875 0.4375 0.6201171875 0.44921875 0.62255859375 0.4560546875 0.62548828125 0.466796875 0.62890625 0.4638671875 0.63525390625 0.4248046875 0.68359375 0.412109375 0.74755859375 0.4130859375 0.794921875 0.4052734375 0.796875 0.40625 0.80322265625 0.4287109375 0.81201171875 0.443359375 0.8251953125 0.4501953125 0.84033203125 0.4404296875 0.8525390625 0.4248046875 0.85302734375 0.4443359375 0.8564453125 0.4609375 0.85791015625 0.474609375 0.86083984375 0.4951171875 0.87548828125 0.5078125 0.8828125 0.50390625 0.8935546875 0.484375 0.90576171875 0.4619140625 0.90576171875 0.435546875 0.91015625 0.396484375 0.92041015625 0.3896484375 0.99951171875 0.3828125 0.99951171875 0.2978515625 0.9951171875 0.2998046875 0.98876953125 0.2978515625 0.98388671875 0.2744140625 0.97509765625 0.2724609375 0.9580078125 0.28515625 0.953125 0.2890625 0.94775390625 0.28125 0.935546875 0.26953125 0.93017578125 0.2734375 0.92138671875 0.26171875 0.90869140625 0.236328125 0.90478515625 0.265625 0.8955078125 0.2763671875 0.8935546875 0.3095703125 0.892578125 0.328125 0.88916015625 0.3427734375 0.87890625 0.3359375 0.87060546875 0.3330078125 0.85498046875 0.333984375 0.84423828125 0.333984375 0.8349609375 0.3291015625 0.830078125 0.3349609375 0.822265625 0.3369140625 0.81640625 0.345703125 0.80859375 0.345703125 0.8056640625 0.341796875 0.80322265625 0.337890625 0.794921875 0.3466796875 0.78515625 0.3603515625 0.7802734375 0.3505859375 0.77001953125 0.33984375 0.76220703125 0.3291015625 0.7548828125 0.3212890625 0.75 0.3408203125 0.736328125 0.3505859375 0.70751953125 0.3505859375 0.69580078125 0.35546875 0.69140625 0.3623046875 0.68359375 0.3896484375 0.6591796875 0.4033203125 0.630859375 0.408203125 0.62841796875 0.404296875 0.6259765625 0.3955078125 0.61328125 0.3896484375 0.60302734375 0.3994140625 0.59619140625 0.3857421875 0.58837890625 0.390625 0.5791015625 0.37890625 0.57958984375 0.388671875 0.576171875 0.4033203125 0.56787109375 0.396484375 0.564453125 0.396484375 0.5595703125 0.3994140625 0.55322265625 0.3994140625 0.54736328125 0.4033203125 0.54150390625 0.40625 0.53759765625 0.416015625 0.5302734375 0.40625 0.52783203125 0.416015625 0.5244140625 0.42578125 0.521484375 0.431640625 0.5205078125 0.4287109375 0.51611328125 0.421875 0.509765625 0.4306640625 0.50244140625 0.4365234375 0.49560546875 0.4453125 0.494140625 0.4501953125 0.49462890625 0.453125 0.49560546875 0.4560546875
14 0.64306640625 0.3408203125 0.640625 0.349609375 0.63818359375 0.3525390625 0.63720703125 0.3603515625 0.63720703125 0.3671875 0.6376953125 0.400390625 0.6357421875 0.423828125 0.6318359375 0.4326171875 0.62841796875 0.4501953125 0.62841796875 0.4599609375 0.634765625 0.462890625 0.63525390625 0.4775390625 0.6357421875 0.4951171875 0.63623046875 0.5029296875 0.6376953125 0.513671875 0.64453125 0.5478515625 0.64697265625 0.5576171875 0.6474609375 0.5625 0.64697265625 0.5712890625 0.64501953125 0.576171875 0.64404296875 0.5810546875 0.64208984375 0.5859375 0.64208984375 0.591796875 0.642578125 0.5927734375 0.64501953125 0.5927734375 0.6484375 0.5927734375 0.6494140625 0.59375 0.654296875 0.591796875 0.66015625 0.5849609375 0.67236328125 0.4833984375 0.66845703125 0.333984375 0.65576171875 0.3056640625 0.65380859375 0.3046875 0.65087890625 0.302734375 0.64697265625 0.306640625 0.64306640625 0.31640625 0.64208984375 0.32421875 0.6416015625 0.33203125 0.64306640625 0.3408203125
14 0.65673828125 0.2900390625 0.65576171875 0.2998046875 0.65576171875 0.3056640625 0.65625 0.3115234375 0.65673828125 0.318359375 0.65625 0.322265625 0.654296875 0.328125 0.65087890625 0.330078125 0.64794921875 0.33203125 0.64501953125 0.3349609375 0.6416015625 0.3427734375 0.64013671875 0.3525390625 0.6376953125 0.361328125 0.63623046875 0.369140625 0.63525390625 0.3759765625 0.63427734375 0.3818359375 0.6357421875 0.384765625 0.63525390625 0.3916015625 0.63427734375 0.400390625 0.63330078125 0.4140625 0.63330078125 0.4287109375 0.63525390625 0.4384765625 0.63525390625 0.4453125 0.6357421875 0.45703125 0.63525390625 0.4638671875 0.63818359375 0.4677734375 0.642578125 0.4677734375 0.64453125 0.4609375 0.64501953125 0.451171875 0.64404296875 0.4443359375 0.64306640625 0.4443359375 0.6416015625 0.4423828125 0.64013671875 0.443359375 0.64013671875 0.4326171875 0.6416015625 0.4189453125 0.64306640625 0.4091796875 0.64453125 0.400390625 0.646484375 0.3916015625 0.64697265625 0.400390625 0.64794921875 0.4091796875 0.64794921875 0.4189453125 0.64794921875 0.4296875 0.6474609375 0.4365234375 0.64794921875 0.4501953125 0.6474609375 0.455078125 0.64697265625 0.4677734375 0.64697265625 0.48046875 0.646484375 0.4921875 0.64697265625 0.5087890625 0.6484375 0.5146484375 0.64990234375 0.5205078125 0.650390625 0.5302734375 0.65087890625 0.5380859375 0.65234375 0.546875 0.65380859375 0.548828125 0.65478515625 0.572265625 0.65283203125 0.578125 0.6513671875 0.583984375 0.64990234375 0.5908203125 0.64990234375 0.595703125 0.65087890625 0.59765625 0.65283203125 0.59765625 0.6552734375 0.5947265625 0.662109375 0.6025390625 0.66748046875 0.6162109375 0.67041015625 0.6162109375 0.67236328125 0.6142578125 0.67724609375 0.599609375 0.67919921875 0.5576171875 0.68115234375 0.5068359375 0.6826171875 0.4970703125 0.68359375 0.49609375 0.6845703125 0.4912109375 0.68505859375 0.4853515625 0.68701171875 0.4814453125 0.68994140625 0.478515625 0.69482421875 0.4697265625 0.6953125 0.4482421875 0.69580078125 0.4306640625 0.697265625 0.400390625 0.69580078125 0.3857421875 0.6953125 0.3759765625 0.6923828125 0.359375 0.69091796875 0.3486328125 0.689453125 0.341796875 0.68603515625 0.3359375 0.68115234375 0.3310546875 0.6767578125 0.328125 0.673828125 0.32421875 0.67333984375 0.3203125 0.67431640625 0.314453125 0.67529296875 0.3095703125 0.67529296875 0.30078125 0.67431640625 0.29296875 0.67236328125 0.2841796875 0.66796875 0.2822265625 0.662109375 0.2822265625 0.65966796875 0.2841796875 0.6572265625 0.2861328125 0.65673828125 0.2900390625
14 0.69384765625 0.3974609375 0.69140625 0.4140625 0.6904296875 0.421875 0.689453125 0.431640625 0.6884765625 0.435546875 0.68701171875 0.4423828125 0.68701171875 0.455078125 0.68798828125 0.4609375 0.6865234375 0.4814453125 0.69482421875 0.46875 0.6962890625 0.4609375 0.69482421875 0.4521484375 0.6923828125 0.44921875 0.69189453125 0.4404296875 0.69580078125 0.4296875 0.697265625 0.42578125 0.69970703125 0.423828125 0.70263671875 0.4169921875 0.705078125 0.4140625 0.70703125 0.41796875 0.70458984375 0.4326171875 0.7021484375 0.462890625 0.70361328125 0.5068359375 0.7041015625 0.5234375 0.70361328125 0.5498046875 0.7041015625 0.5673828125 0.70654296875 0.5869140625 0.70849609375 0.603515625 0.708984375 0.6123046875 0.70751953125 0.6201171875 0.7060546875 0.62890625 0.70751953125 0.6318359375 0.71044921875 0.6318359375 0.712890625 0.6318359375 0.7158203125 0.6318359375 0.716796875 0.6279296875 0.7177734375 0.607421875 0.7138671875 0.5947265625 0.7138671875 0.58203125 0.712890625 0.5712890625 0.7138671875 0.5615234375 0.71533203125 0.5517578125 0.7138671875 0.541015625 0.71435546875 0.51953125 0.71533203125 0.509765625 0.7158203125 0.5 0.71630859375 0.486328125 0.7177734375 0.47265625 0.71923828125 0.4677734375 0.720703125 0.4716796875 0.7216796875 0.48046875 0.72265625 0.4990234375 0.72509765625 0.5205078125 0.72705078125 0.53125 0.72802734375 0.5361328125 0.7294921875 0.5498046875 0.73095703125 0.5732421875 0.732421875 0.5859375 0.7333984375 0.5947265625 0.73291015625 0.6044921875 0.7314453125 0.6181640625 0.72998046875 0.6357421875 0.7314453125 0.6416015625 0.73388671875 0.642578125 0.73779296875 0.6416015625 0.73974609375 0.6376953125 0.74072265625 0.6328125 0.740234375 0.6181640625 0.740234375 0.6025390625 0.74072265625 0.5810546875 0.74169921875 0.5625 0.7421875 0.5478515625 0.74169921875 0.537109375 0.73974609375 0.5283203125 0.73828125 0.5224609375 0.73876953125 0.501953125 0.7392578125 0.48828125 0.740234375 0.48828125 0.74267578125 0.4853515625 0.7451171875 0.48046875 0.74658203125 0.46875 0.74609375 0.4599609375 0.74658203125 0.443359375 0.748046875 0.4326171875 0.74853515625 0.4169921875 0.74853515625 0.404296875 0.748046875 0.3916015625 0.748046875 0.3779296875 0.74853515625 0.3583984375 0.74658203125 0.3525390625 0.74560546875 0.3447265625 0.74462890625 0.33984375 0.7431640625 0.3349609375 0.74169921875 0.3193359375 0.73974609375 0.2978515625 0.73876953125 0.2880859375 0.736328125 0.27734375 0.73388671875 0.2744140625 0.728515625 0.2724609375 0.72412109375 0.2724609375 0.720703125 0.2763671875 0.7177734375 0.2841796875 0.71630859375 0.2900390625 0.71533203125 0.302734375 0.71435546875 0.3173828125 0.71435546875 0.32421875 0.7138671875 0.330078125 0.7099609375 0.3310546875 0.70703125 0.33203125 0.70361328125 0.3349609375 0.701171875 0.35546875 0.69873046875 0.3701171875 0.6962890625 0.3876953125 0.69384765625 0.3974609375
14 0.65576171875 0.4208984375 0.65673828125 0.431640625 0.6572265625 0.435546875 0.65966796875 0.44140625 0.66064453125 0.4453125 0.6591796875 0.44921875 0.6552734375 0.453125 0.65087890625 0.4638671875 0.64892578125 0.4716796875 0.64501953125 0.4892578125 0.6435546875 0.4951171875 0.6435546875 0.5 0.6474609375 0.5107421875 0.64892578125 0.5166015625 0.6513671875 0.5166015625 0.65380859375 0.5185546875 0.65478515625 0.521484375 0.654296875 0.5283203125 0.65380859375 0.54296875 0.654296875 0.5576171875 0.6552734375 0.5751953125 0.6552734375 0.5859375 0.65625 0.6025390625 0.65673828125 0.6279296875 0.6552734375 0.6318359375 0.6552734375 0.638671875 0.6572265625 0.640625 0.6650390625 0.640625 0.6650390625 0.638671875 0.666015625 0.6328125 0.66748046875 0.6240234375 0.66748046875 0.6064453125 0.6669921875 0.587890625 0.66748046875 0.580078125 0.66748046875 0.5712890625 0.66796875 0.5615234375 0.669921875 0.5751953125 0.6708984375 0.5869140625 0.67138671875 0.599609375 0.67236328125 0.6142578125 0.67236328125 0.619140625 0.6728515625 0.6240234375 0.673828125 0.62890625 0.673828125 0.6357421875 0.67431640625 0.640625 0.6748046875 0.6455078125 0.67626953125 0.6474609375 0.6806640625 0.6474609375 0.68408203125 0.646484375 0.68408203125 0.642578125 0.6826171875 0.6337890625 0.68310546875 0.6171875 0.68359375 0.609375 0.68310546875 0.6005859375 0.6826171875 0.5791015625 0.68212890625 0.5576171875 0.68310546875 0.546875 0.6826171875 0.5302734375 0.6845703125 0.5263671875 0.68310546875 0.5185546875 0.68212890625 0.5087890625 0.68212890625 0.490234375 0.6826171875 0.4736328125 0.68408203125 0.4716796875 0.68701171875 0.4716796875 0.68798828125 0.46484375 0.68798828125 0.4609375 0.68603515625 0.4560546875 0.68359375 0.451171875 0.6796875 0.4443359375 0.6767578125 0.44140625 0.671875 0.4384765625 0.671875 0.43359375 0.6728515625 0.431640625 0.673828125 0.4296875 0.6748046875 0.421875 0.67431640625 0.4189453125 0.673828125 0.4091796875 0.67333984375 0.4033203125 0.67041015625 0.3955078125 0.66552734375 0.39453125 0.66064453125 0.3955078125 0.65625 0.3974609375 0.6552734375 0.4033203125 0.6552734375 0.41015625 0.65576171875 0.4208984375
24 0.5419921875 0.25 0.5439453125 0.25 0.544921875 0.2470703125 0.54541015625 0.2431640625 0.5478515625 0.2431640625 0.54833984375 0.24609375 0.5498046875 0.24609375 0.55224609375 0.2431640625 0.552734375 0.240234375 0.552734375 0.236328125 0.5517578125 0.2353515625 0.54833984375 0.2353515625 0.54541015625 0.234375 0.54296875 0.2353515625 0.541015625 0.240234375 0.5390625 0.2421875 0.5390625 0.2490234375 0.5419921875 0.25
24 0.51220703125 0.3857421875 0.5048828125 0.39453125 0.50634765625 0.4013671875 0.51318359375 0.392578125 0.51220703125 0.3857421875
24 0.8427734375 0.2998046875 0.84326171875 0.302734375 0.84326171875 0.3115234375 0.8447265625 0.3203125 0.8466796875 0.32421875 0.84716796875 0.3251953125 0.849609375 0.3251953125 0.8505859375 0.3212890625 0.85205078125 0.314453125 0.85302734375 0.302734375 0.853515625 0.30078125 0.853515625 0.296875 0.85302734375 0.2939453125 0.8515625 0.2890625 0.8505859375 0.2880859375 0.8505859375 0.28515625 0.84619140625 0.28515625 0.84619140625 0.2900390625 0.84326171875 0.29296875 0.8427734375 0.296875 0.8427734375 0.2998046875
23 0.1669921875 0 0.169921875 0.0048828125 0.17041015625 0.0107421875 0.205078125 0.0166015625 0.205078125 0 0.1669921875 0
7 0.91845703125 0.9208984375 0.79150390625 0.900390625 0.6669921875 0.8837890625 0.59619140625 0.8759765625 0.59619140625 0.87109375 0.60498046875 0.8671875 0.615234375 0.8466796875 0.61767578125 0.818359375 0.611328125 0.7900390625 0.59716796875 0.77734375 0.58349609375 0.779296875 0.572265625 0.7919921875 0.568359375 0.8037109375 0.5654296875 0.818359375 0.564453125 0.8359375 0.56689453125 0.8525390625 0.57568359375 0.87109375 0.58740234375 0.875 0.58740234375 0.87890625 0.51904296875 0.88671875 0.4013671875 0.90234375 0.27197265625 0.9267578125 0.1884765625 0.947265625 0.01220703125 0.9912109375 0.01171875 0.9990234375 0.99951171875 0.9990234375 0.99951171875 0.935546875 0.91845703125 0.9208984375
18 0.203125 0 0.99951171875 0.02734375 0.99951171875 0 0.203125 0
18 0.99951171875 0.4970703125 0.99462890625 0.9990234375 0.99951171875 0.9990234375 0.99951171875 0.4970703125
18 0 0 0 0.462890625 0.00830078125 0 0 0
18 0 0.9990234375 0.94580078125 0.9990234375 0.5302734375 0.9599609375 0 0.9541015625 0 0.9990234375
12 0 0 0 0.9990234375 0.99951171875 0.9990234375 0.99951171875 0 0 0