24 0.994140625 0.3974609375 0.994140625 0.3837890625 0.99365234375 0.3828125 0.986328125 0.3828125 0.986328125 0.3974609375 0.98876953125 0.4033203125 0.990234375 0.40234375 0.994140625 0.3974609375
2 0 0 0 0.9990234375 0.99951171875 0.9990234375 0.99951171875 0 0 0
24 0.771484375 0.333984375 0.7724609375 0.33203125 0.77294921875 0.2763671875 0.77197265625 0.2744140625 0.7548828125 0.275390625 0.75244140625 0.2783203125 0.751953125 0.333984375 0.75390625 0.3349609375 0.771484375 0.333984375
24 0.994140625 0.380859375 0.9921875 0.3798828125 0.98974609375 0.3828125 0.98583984375 0.3828125 0.98486328125 0.40625 0.99462890625 0.4072265625 0.994140625 0.380859375
21 0 0.9990234375 0.99951171875 0.9990234375 0.99951171875 0.43359375 0.994140625 0.4365234375 0.94970703125 0.4296875 0.83837890625 0.4775390625 0.65625 0.5 0 0.5751953125 0 0.9990234375
15 0.76171875 0.3505859375 0.76220703125 0.2890625 0.76220703125 0.27734375 0.76025390625 0.27734375 0.759765625 0.365234375 0.75927734375 0.435546875 0.76123046875 0.4140625 0.76171875 0.3505859375
13 0.99951171875 0.474609375 0.99951171875 0.435546875 0.82763671875 0.4599609375 0.78662109375 0.490234375 0.6953125 0.5029296875 0.60986328125 0.5107421875 0.57958984375 0.515625 0.57470703125 0.5302734375 0.58349609375 0.544921875 0.60546875 0.5390625 0.6298828125 0.5439453125 0.66552734375 0.541015625 0.8974609375 0.49609375 0.98779296875 0.4775390625 0.99951171875 0.474609375
22 0 0.6298828125 0.33935546875 0.591796875 0.50146484375 0.56640625 0.6142578125 0.548828125 0.6328125 0.5458984375 0.63232421875 0.5322265625 0.63134765625 0.5302734375 0.6247780546875 0.5286310375000001 0.72265625 0.5146484375 0.80859375 0.4990234375 0.978515625 0.4326171875 0.96826171875 0.419921875 0.90478515625 0.443359375 0.8115234375 0.4755859375 0.75830078125 0.4794921875 0.62353515625 0.4951171875 0.62060546875 0.498046875 0.5908203125 0.5009765625 0.57568359375 0.498046875 0.45703125 0.5087890625 0.365234375 0.5166015625 0.35009765625 0.51953125 0.33740234375 0.5185546875 0.2958984375 0.509765625 0.26123046875 0.5068359375 0.25390625 0.5078125 0.2421875 0.5087890625 0.234375 0.509765625 0.15625 0.51953125 0.07763671875 0.525390625 0 0.5341796875 0 0.6298828125
24 0.27197265625 0.3046875 0.27392578125 0.310546875 0.27587890625 0.310546875 0.279296875 0.2900390625 0.2861328125 0.2509765625 0.28662109375 0.248046875 0.2861328125 0.2451171875 0.28515625 0.2451171875 0.283203125 0.24609375 0.271484375 0.248046875 0.26806640625 0.26171875 0.26806640625 0.28515625 0.27197265625 0.3046875
4 0.9716796875 0.4697265625 0.97265625 0.4677734375 0.9794921875 0.4677734375 0.97998046875 0.46875 0.98046875 0.47265625 0.9814453125 0.474609375 0.98388671875 0.474609375 0.98779296875 0.474609375 0.98974609375 0.474609375 0.99072265625 0.47265625 0.99169921875 0.46875 0.99169921875 0.466796875 0.99462890625 0.466796875 0.99560546875 0.46875 0.99755859375 0.4716796875 0.99951171875 0.4716796875 0.99951171875 0.46875 0.99951171875 0.4677734375 0.99951171875 0.4033203125 0.9990234375 0.4013671875 0.99560546875 0.3974609375 0.9921875 0.3974609375 0.982421875 0.396484375 0.97607421875 0.3974609375 0.96435546875 0.3994140625 0.95654296875 0.4013671875 0.953125 0.4033203125 0.95166015625 0.4072265625 0.9482421875 0.4091796875 0.9580078125 0.4638671875 0.9697265625 0.47265625 0.9716796875 0.4697265625
4 0.912109375 0.4794921875 0.9130859375 0.4833984375 0.91455078125 0.486328125 0.91650390625 0.4873046875 0.9208984375 0.486328125 0.92236328125 0.4833984375 0.92236328125 0.478515625 0.92431640625 0.4775390625 0.92626953125 0.4814453125 0.92724609375 0.4853515625 0.93017578125 0.486328125 0.9345703125 0.486328125 0.9365234375 0.4853515625 0.93701171875 0.4814453125 0.93798828125 0.478515625 0.9384765625 0.4755859375 0.9580078125 0.4736328125 0.95849609375 0.4765625 0.96044921875 0.4794921875 0.962890625 0.48046875 0.96533203125 0.48046875 0.966796875 0.48046875 0.96826171875 0.4765625 0.96923828125 0.4697265625 0.9697265625 0.4638671875 0.9697265625 0.4501953125 0.96875 0.4404296875 0.9658203125 0.4287109375 0.96435546875 0.42578125 0.95947265625 0.419921875 0.9541015625 0.41015625 0.94873046875 0.4033203125 0.9384765625 0.3955078125 0.935546875 0.39453125 0.919921875 0.39453125 0.89990234375 0.3994140625 0.89453125 0.40234375 0.88037109375 0.431640625 0.8876953125 0.44921875 0.9111328125 0.4775390625 0.912109375 0.4794921875
4 0.8203125 0.4287109375 0.81787109375 0.4306640625 0.81884765625 0.435546875 0.81982421875 0.4365234375 0.81591796875 0.439453125 0.8134765625 0.4423828125 0.81005859375 0.4482421875 0.80859375 0.4521484375 0.8076171875 0.4609375 0.8076171875 0.4658203125 0.80712890625 0.4814453125 0.8076171875 0.48828125 0.80810546875 0.4951171875 0.8095703125 0.5 0.810546875 0.501953125 0.8203125 0.501953125 0.8212890625 0.5 0.82177734375 0.4970703125 0.82275390625 0.4931640625 0.8447265625 0.4951171875 0.84521484375 0.4970703125 0.8466796875 0.4990234375 0.84912109375 0.5 0.85595703125 0.5 0.857421875 0.498046875 0.8583984375 0.49609375 0.85888671875 0.4921875 0.85888671875 0.4892578125 0.865234375 0.4892578125 0.86572265625 0.49609375 0.8681640625 0.4990234375 0.87060546875 0.4990234375 0.87744140625 0.498046875 0.87939453125 0.49609375 0.87939453125 0.490234375 0.87939453125 0.486328125 0.880859375 0.4853515625 0.8818359375 0.48828125 0.88330078125 0.4892578125 0.88623046875 0.490234375 0.89013671875 0.48828125 0.8916015625 0.4853515625 0.8974609375 0.4853515625 0.8984375 0.490234375 0.900390625 0.4921875 0.90478515625 0.4921875 0.9091796875 0.4912109375 0.91015625 0.4873046875 0.91015625 0.4814453125 0.91015625 0.4677734375 0.91015625 0.458984375 0.9091796875 0.4521484375 0.90869140625 0.4453125 0.908203125 0.4365234375 0.90625 0.4287109375 0.90380859375 0.4208984375 0.89697265625 0.40625 0.8935546875 0.4013671875 0.88671875 0.3994140625 0.88232421875 0.3974609375 0.86328125 0.3994140625 0.84619140625 0.4013671875 0.8408203125 0.40234375 0.83740234375 0.4052734375 0.83203125 0.4130859375 0.82470703125 0.427734375 0.82275390625 0.4306640625 0.82177734375 0.4287109375 0.8203125 0.4287109375
6 0.39990234375 0.419921875 0.3974609375 0.44921875 0.40478515625 0.515625 0.4169921875 0.5185546875 0.4384765625 0.5166015625 0.45654296875 0.513671875 0.4560546875 0.5048828125 0.45703125 0.5048828125 0.45654296875 0.498046875 0.45751953125 0.4931640625 0.45654296875 0.4853515625 0.4560546875 0.4775390625 0.45751953125 0.4013671875 0.4443359375 0.4013671875 0.4423828125 0.4296875 0.4404296875 0.4306640625 0.439453125 0.4189453125 0.4404296875 0.416015625 0.4365234375 0.4140625 0.43115234375 0.4169921875 0.41796875 0.4169921875 0.41796875 0.408203125 0.4052734375 0.408203125 0.4052734375 0.41796875 0.404296875 0.4189453125 0.39990234375 0.419921875
24 0.533203125 0.4794921875 0.53369140625 0.525390625 0.53076171875 0.5302734375 0.53076171875 0.53515625 0.5439453125 0.5361328125 0.5556640625 0.53515625 0.56298828125 0.533203125 0.56201171875 0.5302734375 0.56005859375 0.5244140625 0.5595703125 0.5224609375 0.55859375 0.451171875 0.56005859375 0.4453125 0.56005859375 0.4443359375 0.55908203125 0.443359375 0.55908203125 0.439453125 0.55126953125 0.4384765625 0.55126953125 0.435546875 0.55029296875 0.431640625 0.5478515625 0.4296875 0.54150390625 0.4287109375 0.53955078125 0.431640625 0.5390625 0.4375 0.53466796875 0.4384765625 0.53173828125 0.44140625 0.5302734375 0.443359375 0.53076171875 0.447265625 0.533203125 0.44921875 0.533203125 0.47265625 0.5322265625 0.4736328125 0.5322265625 0.478515625 0.533203125 0.4794921875
14 0.44580078125 0.3876953125 0.4453125 0.392578125 0.4462890625 0.396484375 0.44580078125 0.4033203125 0.4453125 0.4130859375 0.44677734375 0.4150390625 0.44873046875 0.41796875 0.44970703125 0.4189453125 0.44970703125 0.4306640625 0.4501953125 0.4453125 0.451171875 0.462890625 0.451171875 0.4736328125 0.45068359375 0.4755859375 0.4453125 0.48828125 0.4443359375 0.4970703125 0.4423828125 0.5029296875 0.4404296875 0.5078125 0.43994140625 0.5126953125 0.44091796875 0.5205078125 0.44091796875 0.525390625 0.44384765625 0.5283203125 0.447265625 0.5283203125 0.44775390625 0.525390625 0.44677734375 0.521484375 0.4453125 0.5126953125 0.4453125 0.5068359375 0.45068359375 0.4951171875 0.45458984375 0.4873046875 0.45654296875 0.484375 0.45751953125 0.4765625 0.45849609375 0.46875 0.4609375 0.466796875 0.4609375 0.4599609375 0.462890625 0.4599609375 0.46484375 0.4658203125 0.46533203125 0.4716796875 0.4658203125 0.4833984375 0.46533203125 0.4892578125 0.46533203125 0.4931640625 0.4658203125 0.5 0.46630859375 0.509765625 0.46630859375 0.51953125 0.4658203125 0.5234375 0.4658203125 0.5263671875 0.46630859375 0.52734375 0.47021484375 0.52734375 0.4765625 0.52734375 0.47802734375 0.525390625 0.4765625 0.5224609375 0.474609375 0.5205078125 0.47265625 0.5185546875 0.470703125 0.5166015625 0.47021484375 0.5107421875 0.470703125 0.5029296875 0.4716796875 0.4892578125 0.4716796875 0.4833984375 0.4716796875 0.4736328125 0.47216796875 0.4658203125 0.4736328125 0.4638671875 0.47265625 0.4599609375 0.47216796875 0.4541015625 0.4716796875 0.447265625 0.47119140625 0.4423828125 0.47119140625 0.4375 0.4716796875 0.431640625 0.4697265625 0.427734375 0.46826171875 0.4208984375 0.46826171875 0.41796875 0.470703125 0.4150390625 0.47265625 0.412109375 0.47216796875 0.408203125 0.4716796875 0.40625 0.470703125 0.4052734375 0.4697265625 0.4052734375 0.46923828125 0.408203125 0.46875 0.408203125 0.46826171875 0.3974609375 0.46923828125 0.396484375 0.4697265625 0.3935546875 0.46875 0.390625 0.46826171875 0.3857421875 0.46826171875 0.3828125 0.466796875 0.37890625 0.4638671875 0.37109375 0.4658203125 0.369140625 0.466796875 0.3642578125 0.46826171875 0.357421875 0.466796875 0.349609375 0.46484375 0.3447265625 0.4609375 0.3427734375 0.45849609375 0.3447265625 0.45751953125 0.3544921875 0.45703125 0.3603515625 0.45703125 0.3623046875 0.455078125 0.3671875 0.45068359375 0.37109375 0.44775390625 0.373046875 0.44580078125 0.3779296875 0.44580078125 0.3876953125
26 0.275390625 0.19921875 0.2724609375 0.19921875 0.2724609375 0.1923828125 0.2685546875 0.19140625 0.26904296875 0.208984375 0.2744140625 0.20703125 0.2744140625 0.236328125 0.2900390625 0.234375 0.29052734375 0.212890625 0.2978515625 0.2001953125 0.29833984375 0.1953125 0.29541015625 0.1953125 0.2900390625 0.1943359375 0.2900390625 0.1708984375 0.2978515625 0.158203125 0.2978515625 0.154296875 0.28955078125 0.1533203125 0.2890625 0.1298828125 0.2900390625 0.12890625 0.294921875 0.1220703125 0.29736328125 0.1171875 0.29736328125 0.1123046875 0.2890625 0.111328125 0.2890625 0.1064453125 0.2880859375 0.10546875 0.27783203125 0.1064453125 0.27392578125 0.1083984375 0.27490234375 0.1396484375 0.27197265625 0.1396484375 0.27197265625 0.1328125 0.26806640625 0.130859375 0.2685546875 0.146484375 0.27490234375 0.1474609375 0.275390625 0.19921875
15 0.2666015625 0.5810546875 0.2705078125 0.5810546875 0.2734375 0.578125 0.2734375 0.5380859375 0.271484375 0.2841796875 0.27001953125 0.0849609375 0.26904296875 0.080078125 0.26806640625 0.07421875 0.2666015625 0.0703125 0.26318359375 0.0703125 0.2607421875 0.076171875 0.2607421875 0.0810546875 0.26171875 0.1787109375 0.26416015625 0.47265625 0.26513671875 0.576171875 0.2666015625 0.5810546875
26 0.24951171875 0.2607421875 0.25634765625 0.2646484375 0.263671875 0.2646484375 0.26611328125 0.259765625 0.26708984375 0.2275390625 0.265625 0.2255859375 0.263671875 0.21875 0.26123046875 0.216796875 0.26123046875 0.22265625 0.25927734375 0.22265625 0.2509765625 0.2236328125 0.24951171875 0.234375 0.24951171875 0.25390625 0.24951171875 0.2607421875
22 0.90380859375 0.6591796875 0.89306640625 0.67578125 0.88671875 0.6904296875 0.88525390625 0.724609375 0.88720703125 0.751953125 0.89453125 0.783203125 0.9130859375 0.833984375 0.9580078125 0.91015625 0.99951171875 0.9794921875 0.99951171875 0.58984375 0.97216796875 0.6064453125 0.9560546875 0.6220703125 0.92724609375 0.642578125 0.90380859375 0.6591796875
6 0.27734375 0.41015625 0.27880859375 0.5166015625 0.29052734375 0.5205078125 0.30859375 0.521484375 0.326171875 0.5205078125 0.333984375 0.51953125 0.3369140625 0.5185546875 0.33740234375 0.5166015625 0.3349609375 0.509765625 0.3349609375 0.4970703125 0.3359375 0.4892578125 0.345703125 0.48828125 0.34423828125 0.4208984375 0.33154296875 0.4189453125 0.33154296875 0.416015625 0.328125 0.41796875 0.328125 0.4150390625 0.3271484375 0.4091796875 0.328125 0.404296875 0.328125 0.400390625 0.31103515625 0.3974609375 0.310546875 0.408203125 0.3056640625 0.408203125 0.29736328125 0.412109375 0.2978515625 0.41796875 0.29541015625 0.427734375 0.2939453125 0.40234375 0.27880859375 0.400390625 0.27783203125 0.404296875 0.27783203125 0.4072265625 0.27734375 0.41015625
24 0.4052734375 0.4208984375 0.40234375 0.41796875 0.3984375 0.416015625 0.3759765625 0.416015625 0.37060546875 0.4169921875 0.36572265625 0.419921875 0.3671875 0.5185546875 0.37841796875 0.5205078125 0.40576171875 0.515625 0.4052734375 0.4208984375
24 0.36962890625 0.177734375 0.373046875 0.1767578125 0.37353515625 0.181640625 0.37060546875 0.181640625 0.37060546875 0.1884765625 0.37548828125 0.1875 0.37548828125 0.189453125 0.37255859375 0.201171875 0.3818359375 0.203125 0.3935546875 0.201171875 0.39453125 0.1982421875 0.39501953125 0.171875 0.39404296875 0.171875 0.39111328125 0.1708984375 0.38427734375 0.1708984375 0.3759765625 0.1708984375 0.3740234375 0.171875 0.37060546875 0.1748046875 0.36962890625 0.177734375
24 0.37353515625 0.27734375 0.38427734375 0.2763671875 0.39404296875 0.2744140625 0.396484375 0.271484375 0.39697265625 0.259765625 0.3955078125 0.2412109375 0.3955078125 0.2333984375 0.39453125 0.2216796875 0.3828125 0.2158203125 0.36962890625 0.2197265625 0.37060546875 0.2529296875 0.37060546875 0.2724609375 0.37109375 0.2763671875 0.37353515625 0.27734375
24 0.36767578125 0.2197265625 0.369140625 0.228515625 0.3701171875 0.2373046875 0.37353515625 0.2431640625 0.37841796875 0.248046875 0.38671875 0.248046875 0.39208984375 0.2431640625 0.39501953125 0.236328125 0.39794921875 0.2236328125 0.39892578125 0.2109375 0.39697265625 0.19921875 0.392578125 0.1904296875 0.38818359375 0.1865234375 0.38427734375 0.1865234375 0.380859375 0.185546875 0.37548828125 0.1904296875 0.37060546875 0.197265625 0.36865234375 0.208984375 0.36767578125 0.2197265625
24 0.72412109375 0.2001953125 0.72021484375 0.201171875 0.705078125 0.2021484375 0.7060546875 0.271484375 0.720703125 0.2705078125 0.72412109375 0.26953125 0.72412109375 0.2001953125
24 0.61669921875 0.2509765625 0.61279296875 0.2509765625 0.59423828125 0.25390625 0.5947265625 0.3017578125 0.61376953125 0.2998046875 0.6171875 0.2998046875 0.61669921875 0.2509765625
24 0.923828125 0.224609375 0.92236328125 0.224609375 0.90625 0.2255859375 0.90625 0.2666015625 0.9228515625 0.265625 0.92431640625 0.2646484375 0.923828125 0.224609375
24 0.92431640625 0.275390625 0.90283203125 0.27734375 0.90283203125 0.306640625 0.92333984375 0.3046875 0.923828125 0.3017578125 0.92431640625 0.275390625
7 0.91845703125 0.9208984375 0.79150390625 0.900390625 0.6669921875 0.8837890625 0.59619140625 0.8759765625 0.59619140625 0.87109375 0.60498046875 0.8671875 0.615234375 0.8466796875 0.61767578125 0.818359375 0.611328125 0.7900390625 0.59716796875 0.77734375 0.58349609375 0.779296875 0.572265625 0.7919921875 0.568359375 0.8037109375 0.5654296875 0.818359375 0.564453125 0.8359375 0.56689453125 0.8525390625 0.57568359375 0.87109375 0.58740234375 0.875 0.58740234375 0.87890625 0.51904296875 0.88671875 0.4013671875 0.90234375 0.27197265625 0.9267578125 0.1884765625 0.947265625 0.01220703125 0.9912109375 0.01171875 0.9990234375 0.99951171875 0.9990234375 0.99951171875 0.935546875 0.91845703125 0.9208984375
18 0.203125 0 0.99951171875 0.02734375 0.99951171875 0 0.203125 0
18 0.99951171875 0.4970703125 0.99462890625 0.9990234375 0.99951171875 0.9990234375 0.99951171875 0.4970703125
18 0 0 0 0.462890625 0.00830078125 0 0 0
18 0 0.9990234375 0.94580078125 0.9990234375 0.5302734375 0.9599609375 0 0.9541015625 0 0.9990234375
12 0 0 0 0.9990234375 0.99951171875 0.9990234375 0.99951171875 0 0 0