23 0 0 0 0.06640625 0.11376953125 0 0 0
24 0.04736328125 0 0.0234375 0.025390625 0.0234375 0.021484375 0.01513671875 0.0185546875 0.01220703125 0.0283203125 0 0.0361328125 0 0.474609375 0.51220703125 0.5078125 0.99951171875 0.4833984375 0.99951171875 0 0.04736328125 0
2 0.04736328125 0 0.0234375 0.025390625 0.0234375 0.021484375 0.01513671875 0.0185546875 0.01220703125 0.0283203125 0 0.0361328125 0 0.474609375 0.51220703125 0.5078125 0.99951171875 0.4833984375 0.99951171875 0 0.04736328125 0
14 0.8984375 0.45703125 0.8935546875 0.44921875 0.8916015625 0.439453125 0.8935546875 0.4296875 0.89453125 0.4306640625 0.89453125 0.435546875 0.896484375 0.4365234375 0.89794921875 0.4326171875 0.8974609375 0.4296875 0.8974609375 0.421875 0.896484375 0.4091796875 0.89501953125 0.40234375 0.89111328125 0.3974609375 0.890625 0.3935546875 0.88916015625 0.390625 0.88671875 0.39453125 0.88671875 0.4423828125 0.8955078125 0.4599609375 0.8984375 0.45703125
21 0 0.9990234375 0.99951171875 0.9990234375 0.99951171875 0.4541015625 0.76513671875 0.4755859375 0.5908203125 0.4853515625 0.44140625 0.484375 0.3583984375 0.4794921875 0.1904296875 0.4658203125 0.1201171875 0.4638671875 0 0.4423828125 0 0.9990234375
22 0.21435546875 0.4736328125 0.2998046875 0.4853515625 0.32666015625 0.486328125 0.36376953125 0.48828125 0.48046875 0.4912109375 0.56298828125 0.490234375 0.7314453125 0.486328125 0.75537109375 0.4833984375 0.81201171875 0.478515625 0.8642578125 0.4736328125 0.9658203125 0.4501953125 0.80859375 0.4658203125 0.66552734375 0.478515625 0.552734375 0.4833984375 0.521484375 0.4814453125 0.37255859375 0.474609375 0.3466796875 0.47265625 0.31689453125 0.4716796875 0.2890625 0.4677734375 0.28173828125 0.4677734375 0.2666015625 0.46875 0.23681640625 0.4658203125 0.19482421875 0.462890625 0.1689453125 0.462890625 0.15673828125 0.4609375 0.13134765625 0.458984375 0.12353515625 0.458984375 0.10986328125 0.4541015625 0.10498046875 0.4609375 0.11376953125 0.466796875 0.21435546875 0.4736328125
22 0 0.50390625 0.0771484375 0.501953125 0.14013671875 0.49609375 0.16552734375 0.48828125 0.16259765625 0.4814453125 0.13525390625 0.474609375 0.04541015625 0.46484375 0.03662109375 0.4541015625 0 0.458984375 0 0.50390625
22 0.947265625 0.4931640625 0.99951171875 0.4873046875 0.99951171875 0.47265625 0.85888671875 0.4853515625 0.81689453125 0.486328125 0.81689453125 0.4951171875 0.83984375 0.4951171875 0.89404296875 0.4970703125 0.947265625 0.4931640625
15 0.88720703125 0 0.880859375 0.478515625 0.88818359375 0.4794921875 0.89306640625 0 0.88720703125 0
27 0.875 0.34765625 0.87890625 0.3564453125 0.88330078125 0.3583984375 0.88818359375 0.357421875 0.89208984375 0.3544921875 0.89453125 0.345703125 0.8955078125 0.3359375 0.89501953125 0.3232421875 0.8916015625 0.314453125 0.88525390625 0.3095703125 0.88037109375 0.310546875 0.876953125 0.3134765625 0.87353515625 0.3232421875 0.873046875 0.3330078125 0.87353515625 0.341796875 0.875 0.34765625
4 0.89208984375 0.4521484375 0.89306640625 0.4697265625 0.8974609375 0.48046875 0.9072265625 0.4814453125 0.90869140625 0.474609375 0.93701171875 0.474609375 0.9384765625 0.48046875 0.947265625 0.4814453125 0.9560546875 0.474609375 0.99609375 0.4716796875 0.99951171875 0.44921875 0.99365234375 0.416015625 0.98046875 0.4013671875 0.962890625 0.3974609375 0.94091796875 0.400390625 0.9296875 0.404296875 0.91748046875 0.42578125 0.90673828125 0.431640625 0.8955078125 0.4375 0.89208984375 0.4521484375
15 0.91015625 0.4833984375 0.916015625 0.4833984375 0.91796875 0.3193359375 0.9169921875 0.314453125 0.9189453125 0.181640625 0.91650390625 0.1796875 0.91552734375 0.185546875 0.9140625 0.3173828125 0.91259765625 0.3212890625 0.91162109375 0.34375 0.91015625 0.4833984375
15 0.95361328125 0.23828125 0.95068359375 0.4873046875 0.95458984375 0.4873046875 0.95849609375 0.2392578125 0.95361328125 0.23828125
27 0.96435546875 0.20703125 0.96435546875 0.2021484375 0.95361328125 0.1865234375 0.8935546875 0.18359375 0.89306640625 0.21875 0.8955078125 0.2216796875 0.953125 0.224609375 0.96435546875 0.20703125
24 0.74609375 0.3134765625 0.74658203125 0.2978515625 0.7431640625 0.2890625 0.73876953125 0.2890625 0.73583984375 0.29296875 0.73486328125 0.326171875 0.74267578125 0.3251953125 0.74609375 0.3134765625
27 0.96044921875 0.2587890625 0.96337890625 0.25390625 0.96337890625 0.25 0.95361328125 0.234375 0.8935546875 0.234375 0.8935546875 0.2685546875 0.89697265625 0.2705078125 0.9521484375 0.271484375 0.96044921875 0.2587890625
24 0.83447265625 0.4521484375 0.83837890625 0.4560546875 0.845703125 0.4560546875 0.85009765625 0.4501953125 0.8515625 0.4375 0.8505859375 0.4287109375 0.84521484375 0.4208984375 0.8408203125 0.419921875 0.8349609375 0.4248046875 0.83251953125 0.4326171875 0.83203125 0.443359375 0.83447265625 0.4521484375
15 0.8466796875 0.4814453125 0.8447265625 0.421875 0.84130859375 0.4208984375 0.837890625 0.4248046875 0.83837890625 0.4814453125 0.84130859375 0.4833984375 0.84375 0.4833984375 0.8466796875 0.4814453125
27 0.95703125 0.3046875 0.962890625 0.2958984375 0.962890625 0.291015625 0.9580078125 0.283203125 0.95654296875 0.2822265625 0.89453125 0.28125 0.89208984375 0.283203125 0.89208984375 0.3017578125 0.89501953125 0.3046875 0.95703125 0.3046875
8 0.9755859375 0.4189453125 0.97509765625 0.408203125 0.97265625 0.4091796875 0.97412109375 0.474609375 0.99951171875 0.47265625 0.99951171875 0.416015625 0.9755859375 0.4189453125
0 0.98291015625 0.44921875 0.98291015625 0.455078125 0.98388671875 0.4658203125 0.9873046875 0.4755859375 0.99169921875 0.474609375 0.99951171875 0.4638671875 0.99951171875 0.4375 0.99267578125 0.4326171875 0.9892578125 0.431640625 0.9833984375 0.435546875 0.98046875 0.447265625 0.98291015625 0.44921875
24 0.73876953125 0.2607421875 0.72705078125 0.2646484375 0.72802734375 0.306640625 0.73876953125 0.302734375 0.73876953125 0.2607421875
24 0.73681640625 0.3115234375 0.73193359375 0.3125 0.7314453125 0.3564453125 0.736328125 0.3564453125 0.73681640625 0.3115234375
24 0.7373046875 0.376953125 0.732421875 0.365234375 0.72705078125 0.3759765625 0.7314453125 0.3896484375 0.73291015625 0.3896484375 0.7373046875 0.376953125
24 0.7333984375 0.3935546875 0.73046875 0.3935546875 0.73095703125 0.4130859375 0.7333984375 0.4130859375 0.7333984375 0.3935546875
15 0.73095703125 0.2646484375 0.728515625 0.2666015625 0.728515625 0.345703125 0.72705078125 0.4775390625 0.73046875 0.4775390625 0.73095703125 0.2646484375
27 0.732421875 0.28515625 0.73193359375 0.2763671875 0.728515625 0.271484375 0.72509765625 0.2763671875 0.724609375 0.28515625 0.72705078125 0.2939453125 0.7294921875 0.2939453125 0.732421875 0.28515625
26 0.7314453125 0.3125 0.72412109375 0.3125 0.72412109375 0.326171875 0.7314453125 0.326171875 0.7314453125 0.3125
15 0.474609375 0.466796875 0.47412109375 0.458984375 0.47412109375 0.40625 0.47412109375 0.263671875 0.47412109375 0.2578125 0.47021484375 0.2578125 0.47021484375 0.4306640625 0.47021484375 0.4814453125 0.474609375 0.4814453125 0.474609375 0.466796875
26 0.470703125 0.265625 0.470703125 0.2822265625 0.478515625 0.2822265625 0.478515625 0.265625 0.470703125 0.265625
27 0.47216796875 0.322265625 0.47607421875 0.3212890625 0.47998046875 0.314453125 0.48095703125 0.3046875 0.478515625 0.2900390625 0.4716796875 0.2861328125 0.466796875 0.2890625 0.4638671875 0.2978515625 0.4638671875 0.310546875 0.46875 0.3193359375 0.47216796875 0.322265625
24 0.46533203125 0.359375 0.4794921875 0.359375 0.4794921875 0.3251953125 0.46484375 0.3251953125 0.46533203125 0.359375
15 0.388671875 0.376953125 0.388671875 0.4736328125 0.39208984375 0.4736328125 0.3916015625 0.376953125 0.388671875 0.376953125
24 0.345703125 0.431640625 0.333984375 0.431640625 0.33349609375 0.46875 0.345703125 0.4697265625 0.345703125 0.431640625
24 0.3740234375 0.357421875 0.37353515625 0.4658203125 0.39013671875 0.466796875 0.388671875 0.3564453125 0.3740234375 0.357421875
15 0.3515625 0.47265625 0.3515625 0.4609375 0.34765625 0.4609375 0.34765625 0.3291015625 0.3447265625 0.3291015625 0.3447265625 0.4599609375 0.33935546875 0.4599609375 0.33935546875 0.47265625 0.3515625 0.47265625
24 0.3134765625 0.326171875 0.3134765625 0.345703125 0.34619140625 0.345703125 0.34619140625 0.3291015625 0.3134765625 0.326171875
15 0.3115234375 0.416015625 0.3115234375 0.4677734375 0.31591796875 0.4677734375 0.31591796875 0.416015625 0.3115234375 0.416015625
15 0.25537109375 0.2939453125 0.255859375 0.431640625 0.25830078125 0.4326171875 0.25732421875 0.2939453125 0.25537109375 0.2939453125
24 0.26318359375 0.4677734375 0.2626953125 0.4208984375 0.24658203125 0.42578125 0.24658203125 0.4658203125 0.25537109375 0.4677734375 0.26318359375 0.4677734375
24 0.28125 0.4677734375 0.28125 0.3916015625 0.26025390625 0.3896484375 0.2607421875 0.458984375 0.2626953125 0.466796875 0.275390625 0.46875 0.28125 0.4677734375
15 0.23828125 0.2978515625 0.23828125 0.4638671875 0.244140625 0.4638671875 0.244140625 0.296875 0.23828125 0.2978515625
15 0.2275390625 0.4658203125 0.22705078125 0.4169921875 0.22412109375 0.4189453125 0.22216796875 0.42578125 0.22216796875 0.4658203125 0.2275390625 0.4658203125
27 0.263671875 0.33984375 0.26708984375 0.33203125 0.26708984375 0.3193359375 0.26318359375 0.310546875 0.2568359375 0.310546875 0.25341796875 0.3173828125 0.25341796875 0.330078125 0.2568359375 0.33984375 0.263671875 0.33984375
24 0.1064453125 0.3427734375 0.1064453125 0.359375 0.1171875 0.359375 0.1171875 0.3427734375 0.1064453125 0.3427734375
15 0.11181640625 0.3427734375 0.1123046875 0.4443359375 0.11376953125 0.4443359375 0.11376953125 0.3447265625 0.11181640625 0.3427734375
27 0.11767578125 0.3623046875 0.10791015625 0.3623046875 0.107421875 0.388671875 0.11767578125 0.388671875 0.11767578125 0.3623046875
24 0.111328125 0.3173828125 0.1171875 0.3251953125 0.12255859375 0.32421875 0.12841796875 0.318359375 0.130859375 0.3076171875 0.1298828125 0.29296875 0.12548828125 0.2861328125 0.12109375 0.283203125 0.11474609375 0.2841796875 0.109375 0.2939453125 0.10791015625 0.306640625 0.111328125 0.3173828125
24 0.1435546875 0.337890625 0.130859375 0.3369140625 0.12890625 0.3408203125 0.1376953125 0.3701171875 0.14501953125 0.3427734375 0.1435546875 0.337890625
15 0.13623046875 0.4853515625 0.14013671875 0.4853515625 0.14013671875 0.4794921875 0.14013671875 0.298828125 0.140625 0.2451171875 0.13818359375 0.240234375 0.13525390625 0.302734375 0.13525390625 0.369140625 0.13525390625 0.48046875 0.13623046875 0.4853515625
27 0.13671875 0.28125 0.14111328125 0.2822265625 0.14501953125 0.2763671875 0.146484375 0.2666015625 0.1435546875 0.2578125 0.138671875 0.2548828125 0.13525390625 0.2578125 0.13232421875 0.265625 0.13330078125 0.2763671875 0.13671875 0.28125
26 0.14453125 0.236328125 0.1357421875 0.2314453125 0.134765625 0.2373046875 0.13525390625 0.2529296875 0.14453125 0.2529296875 0.14453125 0.236328125
24 0.13037109375 0.2841796875 0.13037109375 0.2978515625 0.1474609375 0.298828125 0.1474609375 0.28515625 0.13037109375 0.2841796875
15 0.07763671875 0.3671875 0.0791015625 0.3671875 0.0791015625 0.361328125 0.0771484375 0.361328125 0.0771484375 0.359375 0.0751953125 0.359375 0.0751953125 0.47265625 0.07763671875 0.4716796875 0.07763671875 0.4599609375 0.07763671875 0.3671875
4 0.11181640625 0.4658203125 0.11279296875 0.451171875 0.1123046875 0.4404296875 0.109375 0.427734375 0.10546875 0.421875 0.099609375 0.421875 0.09716796875 0.4208984375 0.09326171875 0.4658203125 0.1025390625 0.46484375 0.11181640625 0.4658203125
24 0.099609375 0.4619140625 0.099609375 0.3359375 0.07958984375 0.3349609375 0.07958984375 0.412109375 0.0771484375 0.412109375 0.0771484375 0.4619140625 0.099609375 0.4619140625
14 0.04931640625 0.42578125 0.04833984375 0.458984375 0.0517578125 0.462890625 0.046875 0.46484375 0.04833984375 0.4697265625 0.0556640625 0.4697265625 0.0576171875 0.3779296875 0.05419921875 0.3759765625 0.05224609375 0.37890625 0.052734375 0.3857421875 0.0498046875 0.3994140625 0.0478515625 0.40625 0.04931640625 0.42578125
24 0 0.4599609375 0.046875 0.455078125 0.04736328125 0.3251953125 0 0.330078125 0 0.4599609375
15 0.05615234375 0.3115234375 0.0546875 0.4931640625 0.0576171875 0.4931640625 0.05859375 0.3115234375 0.05615234375 0.3115234375
15 0.04736328125 0.22265625 0.05029296875 0.2197265625 0.03369140625 0.21484375 0.02587890625 0.2021484375 0.02783203125 0.474609375 0.03369140625 0.4736328125 0.03466796875 0.21875 0.04736328125 0.22265625
15 0.01806640625 0.099609375 0.0166015625 0.0859375 0.013671875 0.08203125 0.0107421875 0.0830078125 0.009765625 0.091796875 0.00830078125 0.1025390625 0.005859375 0.1083984375 0.00439453125 0.126953125 0.00341796875 0.2265625 0.00390625 0.4248046875 0.00390625 0.48046875 0.00830078125 0.48046875 0.0078125 0.306640625 0.00634765625 0.14453125 0.00634765625 0.1328125 0.0068359375 0.123046875 0.0078125 0.115234375 0.0107421875 0.10546875 0.01123046875 0.09765625 0.0126953125 0.0859375 0.01513671875 0.0927734375 0.01416015625 0.111328125 0.01220703125 0.1455078125 0.01953125 0.1455078125 0.01806640625 0.1240234375 0.01806640625 0.099609375
24 0 0.2216796875 0.01171875 0.23046875 0.0234375 0.228515625 0.03125 0.2197265625 0.03759765625 0.2041015625 0.0390625 0.1826171875 0.03564453125 0.166015625 0.025390625 0.1494140625 0.0185546875 0.14453125 0 0.146484375 0 0.2216796875
24 0.06689453125 0.4033203125 0.0673828125 0.4736328125 0.07666015625 0.474609375 0.07763671875 0.416015625 0.06689453125 0.4033203125
27 0.66064453125 0.3232421875 0.64501953125 0.3232421875 0.6435546875 0.33984375 0.66064453125 0.3408203125 0.66064453125 0.3232421875
24 0.87060546875 0.07421875 0.875 0.0673828125 0.87548828125 0.0576171875 0.87353515625 0.05078125 0.8740234375 0.041015625 0.87890625 0.0546875 0.88525390625 0.0556640625 0.88720703125 0.064453125 0.8916015625 0.0625 0.89208984375 0.0439453125 0.89013671875 0.041015625 0.87939453125 0.048828125 0.87548828125 0.03515625 0.8701171875 0.0302734375 0.86865234375 0.0498046875 0.86669921875 0.0556640625 0.865234375 0.0615234375 0.8671875 0.0703125 0.87060546875 0.07421875
7 0.91845703125 0.9208984375 0.79150390625 0.900390625 0.6669921875 0.8837890625 0.59619140625 0.8759765625 0.59619140625 0.87109375 0.60498046875 0.8671875 0.615234375 0.8466796875 0.61767578125 0.818359375 0.611328125 0.7900390625 0.59716796875 0.77734375 0.58349609375 0.779296875 0.572265625 0.7919921875 0.568359375 0.8037109375 0.5654296875 0.818359375 0.564453125 0.8359375 0.56689453125 0.8525390625 0.57568359375 0.87109375 0.58740234375 0.875 0.58740234375 0.87890625 0.51904296875 0.88671875 0.4013671875 0.90234375 0.27197265625 0.9267578125 0.1884765625 0.947265625 0.01220703125 0.9912109375 0.01171875 0.9990234375 0.99951171875 0.9990234375 0.99951171875 0.935546875 0.91845703125 0.9208984375
18 0.203125 0 0.99951171875 0.02734375 0.99951171875 0 0.203125 0
18 0.99951171875 0.4970703125 0.99462890625 0.9990234375 0.99951171875 0.9990234375 0.99951171875 0.4970703125
18 0 0 0 0.462890625 0.00830078125 0 0 0
18 0 0.9990234375 0.94580078125 0.9990234375 0.5302734375 0.9599609375 0 0.9541015625 0 0.9990234375
12 0 0 0 0.9990234375 0.99951171875 0.9990234375 0.99951171875 0 0 0