32 0.998046875 0 0.92041015625 0.001953125 0.92236328125 0.6943359375 0.998046875 0.6806640625 0.998046875 0
31 0 0 0 0.640625 0.82861328125 0.6064453125 0.93798828125 0.4658203125 0.93359375 0 0 0
21 0 0.9970703125 0.998046875 0.998046875 0.99853515625 0.666015625 0.93798828125 0.65625 0.73291015625 0.5615234375 0.689453125 0.5576171875 0.5546875 0.546875 0.5087890625 0.560546875 0.47900390625 0.5673828125 0.27294921875 0.58203125 0 0.5966796875 0 0.9970703125
9 0.5458984375 0.560546875 0.5458984375 0.55078125 0.50244140625 0.5556640625 0.48828125 0.5556640625 0.43994140625 0.560546875 0.44189453125 0.572265625 0.48681640625 0.56640625 0.52392578125 0.5625 0.5458984375 0.560546875
25 0.36669921875 0.5478515625 0.359375 0.5498046875 0.35400390625 0.5498046875 0.3466796875 0.55078125 0.33984375 0.55078125 0.33251953125 0.552734375 0.32568359375 0.5556640625 0.3310546875 0.59765625 0.37939453125 0.5859375 0.38037109375 0.55078125 0.3720703125 0.548828125 0.36669921875 0.5478515625
4 0.3916015625 0.462890625 0.37890625 0.50390625 0.375 0.51953125 0.375 0.5419921875 0.373046875 0.548828125 0.375 0.5693359375 0.376953125 0.5908203125 0.37890625 0.599609375 0.38427734375 0.603515625 0.39013671875 0.599609375 0.3935546875 0.5830078125 0.408203125 0.5810546875 0.41064453125 0.5888671875 0.41552734375 0.591796875 0.4208984375 0.5888671875 0.42236328125 0.5830078125 0.44970703125 0.5810546875 0.4521484375 0.595703125 0.45654296875 0.599609375 0.46044921875 0.599609375 0.4638671875 0.59765625 0.466796875 0.5791015625 0.4765625 0.5751953125 0.478515625 0.5908203125 0.484375 0.5927734375 0.48974609375 0.58984375 0.49072265625 0.556640625 0.48828125 0.52734375 0.48291015625 0.5078125 0.4873046875 0.5048828125 0.48681640625 0.494140625 0.47802734375 0.494140625 0.46484375 0.462890625 0.46142578125 0.45703125 0.42724609375 0.455078125 0.3916015625 0.462890625
32 0 0.2060546875 0.04345703125 0.2080078125 0.05126953125 0.220703125 0.064453125 0.228515625 0.07666015625 0.248046875 0.08447265625 0.2548828125 0.09033203125 0.244140625 0.1005859375 0.2333984375 0.1083984375 0.216796875 0.125 0.201171875 0.13134765625 0.1884765625 0.15185546875 0.166015625 0.1708984375 0.14453125 0.18408203125 0.1318359375 0.19384765625 0.1044921875 0.212890625 0.0927734375 0.21435546875 0.076171875 0.21435546875 0.04296875 0.2119140625 0.0205078125 0.20849609375 0 0 0.0009765625 0 0.2060546875
27 0 0.0986328125 0.03857421875 0.0986328125 0.0390625 0 0 0.0009765625 0 0.0986328125
27 0 0.4189453125 0.03564453125 0.41796875 0.044921875 0.3916015625 0.0458984375 0.1083984375 0 0.109375 0 0.4189453125
32 0.57568359375 0.119140625 0.58154296875 0.142578125 0.5927734375 0.1494140625 0.5888671875 0.162109375 0.57666015625 0.173828125 0.58251953125 0.1806640625 0.58447265625 0.201171875 0.599609375 0.203125 0.60986328125 0.1982421875 0.62060546875 0.2109375 0.63623046875 0.201171875 0.64306640625 0.1826171875 0.64306640625 0.15625 0.658203125 0.1455078125 0.67578125 0.1494140625 0.68505859375 0.1708984375 0.69287109375 0.18359375 0.70458984375 0.1943359375 0.7109375 0.2109375 0.71826171875 0.2275390625 0.73193359375 0.2490234375 0.751953125 0.2587890625 0.7470703125 0.001953125 0.529296875 0 0.52734375 0.0146484375 0.53515625 0.0244140625 0.546875 0.0244140625 0.55908203125 0.02734375 0.564453125 0.0361328125 0.57177734375 0.03515625 0.5751953125 0.05078125 0.5693359375 0.068359375 0.57568359375 0.095703125 0.57568359375 0.119140625
22 0.96240234375 0.7578125 0.99853515625 0.7666015625 0.99755859375 0.6552734375 0.95361328125 0.63671875 0.74462890625 0.6923828125 0.8056640625 0.7119140625 0.89013671875 0.7353515625 0.96240234375 0.7578125
25 0.8115234375 0.693359375 0.990234375 0.6689453125 0.8349609375 0.560546875 0.76513671875 0.5537109375 0.74755859375 0.5537109375 0.7119140625 0.5576171875 0.68505859375 0.5654296875 0.66650390625 0.5771484375 0.6572265625 0.59375 0.65673828125 0.619140625 0.66064453125 0.6298828125 0.666015625 0.634765625 0.69189453125 0.658203125 0.7099609375 0.677734375 0.755859375 0.697265625 0.8115234375 0.693359375
24 0.765625 0.5771484375 0.83349609375 0.5693359375 0.83251953125 0.51171875 0.796875 0.45703125 0.78564453125 0.4599609375 0.78857421875 0.4912109375 0.76806640625 0.4970703125 0.765625 0.5771484375
32 0.90234375 0.267578125 0.90283203125 0.2373046875 0.8935546875 0.212890625 0.8876953125 0.181640625 0.890625 0.1513671875 0.880859375 0.1318359375 0.880859375 0.09765625 0.88623046875 0.0888671875 0.90771484375 0.0693359375 0.93505859375 0.0556640625 0.9462890625 0.0400390625 0.9619140625 0.01953125 0.9638671875 0.0009765625 0.8310546875 0.0009765625 0.8232421875 0.025390625 0.833984375 0.0439453125 0.85107421875 0.0595703125 0.84716796875 0.0791015625 0.8408203125 0.1005859375 0.85009765625 0.1279296875 0.8515625 0.1669921875 0.85009765625 0.1953125 0.8408203125 0.2255859375 0.8427734375 0.24609375 0.8330078125 0.27734375 0.8330078125 0.3046875 0.8271484375 0.328125 0.833984375 0.35546875 0.83203125 0.408203125 0.82666015625 0.4375 0.8154296875 0.4453125 0.79833984375 0.423828125 0.7900390625 0.4287109375 0.7841796875 0.4521484375 0.7919921875 0.462890625 0.80419921875 0.4716796875 0.8115234375 0.4853515625 0.81201171875 0.515625 0.8203125 0.5322265625 0.8349609375 0.5419921875 0.89599609375 0.384765625 0.88916015625 0.3466796875 0.88916015625 0.3134765625 0.89501953125 0.2880859375 0.90234375 0.267578125
15 0.72021484375 0.27734375 0.72265625 0.556640625 0.72607421875 0.5556640625 0.72314453125 0.27734375 0.72021484375 0.27734375
27 0.75146484375 0.3271484375 0.7119140625 0.3349609375 0.7119140625 0.46875 0.75732421875 0.4658203125 0.75146484375 0.3271484375
27 0.7099609375 0.3046875 0.71240234375 0.3203125 0.71826171875 0.3271484375 0.72705078125 0.3232421875 0.73193359375 0.3125 0.732421875 0.29296875 0.728515625 0.2822265625 0.720703125 0.2783203125 0.712890625 0.28515625 0.7099609375 0.3046875
8 0.70849609375 0.4970703125 0.7119140625 0.498046875 0.71337890625 0.5810546875 0.71826171875 0.58203125 0.71728515625 0.5078125 0.75390625 0.5849609375 0.75390625 0.572265625 0.720703125 0.5 0.7578125 0.4970703125 0.7578125 0.4560546875 0.70849609375 0.458984375 0.70849609375 0.4970703125
15 0.75146484375 0.0458984375 0.75439453125 0.63671875 0.77490234375 0.63671875 0.76806640625 0.04296875 0.75146484375 0.0458984375
27 0.7998046875 0.3837890625 0.79443359375 0.0556640625 0.7392578125 0.06640625 0.74560546875 0.3857421875 0.7998046875 0.3837890625
27 0.7919921875 0.0439453125 0.791015625 0 0.74072265625 0.001953125 0.7412109375 0.05078125 0.7919921875 0.0439453125
24 0.8515625 0.4501953125 0.8271484375 0.4541015625 0.828125 0.63671875 0.8369140625 0.65234375 0.95947265625 0.6474609375 0.95703125 0.447265625 0.921875 0.4482421875 0.92138671875 0.3701171875 0.8984375 0.3642578125 0.85107421875 0.3896484375 0.8515625 0.4501953125
24 0.82763671875 0.6630859375 0.828125 0.6416015625 0.81298828125 0.6337890625 0.80029296875 0.634765625 0.78857421875 0.646484375 0.78857421875 0.666015625 0.80908203125 0.6689453125 0.82763671875 0.6630859375
24 0.9951171875 0.6845703125 0.99853515625 0.6845703125 0.99853515625 0.578125 0.982421875 0.583984375 0.9775390625 0.55859375 0.95849609375 0.5556640625 0.97314453125 0.6533203125 0.9951171875 0.6845703125
4 0.677734375 0.560546875 0.677734375 0.5244140625 0.67236328125 0.5107421875 0.66162109375 0.5048828125 0.66162109375 0.5625 0.6708984375 0.5615234375 0.677734375 0.560546875
3 0.51953125 0.5498046875 0.52099609375 0.5517578125 0.5400390625 0.552734375 0.5400390625 0.564453125 0.5458984375 0.587890625 0.5546875 0.5908203125 0.56494140625 0.591796875 0.5732421875 0.587890625 0.5732421875 0.5751953125 0.6259765625 0.58203125 0.62646484375 0.5947265625 0.62890625 0.5947265625 0.63720703125 0.59765625 0.646484375 0.595703125 0.65087890625 0.5888671875 0.6689453125 0.5595703125 0.669921875 0.52734375 0.669921875 0.3798828125 0.6474609375 0.29296875 0.6435546875 0.2802734375 0.63916015625 0.2802734375 0.58203125 0.275390625 0.52978515625 0.279296875 0.525390625 0.2861328125 0.52001953125 0.4140625 0.51953125 0.5498046875
4 0 0.7724609375 0.005859375 0.7890625 0.015625 0.7939453125 0.0283203125 0.794921875 0.0400390625 0.7861328125 0.0478515625 0.7666015625 0.0498046875 0.75390625 0.2138671875 0.7490234375 0.2177734375 0.775390625 0.22412109375 0.7939453125 0.23583984375 0.796875 0.25 0.79296875 0.26318359375 0.77734375 0.26708984375 0.7236328125 0.302734375 0.6904296875 0.3046875 0.7099609375 0.310546875 0.7177734375 0.31982421875 0.716796875 0.32763671875 0.712890625 0.33203125 0.703125 0.33447265625 0.658203125 0.3330078125 0.5869140625 0.33251953125 0.564453125 0.326171875 0.5400390625 0.310546875 0.515625 0.32568359375 0.509765625 0.32470703125 0.494140625 0.3173828125 0.4794921875 0.3076171875 0.4755859375 0.3037109375 0.484375 0.302734375 0.494140625 0.287109375 0.4501953125 0.25927734375 0.4033203125 0.2509765625 0.3857421875 0.2236328125 0.3720703125 0.197265625 0.3681640625 0.18994140625 0.375 0.189453125 0.37890625 0.1328125 0.3759765625 0.10302734375 0.376953125 0.08056640625 0.37109375 0.0595703125 0.3662109375 0.04638671875 0.3759765625 0.03857421875 0.38671875 0.02783203125 0.3994140625 0.0078125 0.43359375 0 0.4501953125 0 0.7724609375
7 0.8076171875 0.9541015625 0.671875 0.9345703125 0.56689453125 0.9228515625 0.58349609375 0.9091796875 0.59033203125 0.8759765625 0.587890625 0.8466796875 0.57373046875 0.82421875 0.55517578125 0.82421875 0.541015625 0.8408203125 0.53515625 0.875 0.54296875 0.91015625 0.5576171875 0.9248046875 0.5283203125 0.927734375 0.40087890625 0.943359375 0.26806640625 0.9697265625 0.18896484375 0.9853515625 0.13232421875 0.9990234375 0.990234375 0.9990234375 0.91943359375 0.978515625 0.8076171875 0.9541015625
12 0 0 0 0.9990234375 0.99951171875 0.9990234375 0.99951171875 0 0 0