23 0.662109375 0.0009765625 0.5166015625 0.0009765625 0.56298828125 0.146484375 0.662109375 0.1513671875 0.662109375 0.0009765625
2 0.646484375 0.064453125 0.62890625 0.0595703125 0.61279296875 0.0517578125 0.60205078125 0.0771484375 0.5927734375 0.0791015625 0.59326171875 0.060546875 0.58984375 0.037109375 0.58837890625 0.01953125 0.5771484375 0.0009765625 0.46728515625 0.0009765625 0.4931640625 0.4482421875 0.63037109375 0.4482421875 0.646484375 0.064453125
24 0.6298828125 0.45703125 0.62890625 0.3095703125 0.48828125 0.30859375 0.486328125 0.453125 0.537109375 0.4560546875 0.6298828125 0.45703125
14 0.61279296875 0.4091796875 0.61083984375 0.40625 0.6083984375 0.40625 0.60791015625 0.4111328125 0.60791015625 0.4150390625 0.60693359375 0.41796875 0.60546875 0.4208984375 0.60595703125 0.4228515625 0.60888671875 0.42578125 0.60888671875 0.4326171875 0.6123046875 0.439453125 0.61376953125 0.4140625 0.61279296875 0.4091796875
32 0.615234375 0.458984375 0.61669921875 0.4404296875 0.61376953125 0.4326171875 0.60986328125 0.4267578125 0.60693359375 0.4296875 0.60546875 0.439453125 0.60595703125 0.447265625 0.615234375 0.458984375
14 0.623046875 0.4638671875 0.62353515625 0.44140625 0.62109375 0.431640625 0.6201171875 0.427734375 0.6181640625 0.4208984375 0.61474609375 0.419921875 0.61376953125 0.4248046875 0.6142578125 0.4306640625 0.6162109375 0.4326171875 0.6162109375 0.4365234375 0.61474609375 0.443359375 0.61376953125 0.453125 0.61572265625 0.4638671875 0.623046875 0.4638671875
32 0.61669921875 0.0400390625 0.6201171875 0.0400390625 0.626953125 0.041015625 0.6298828125 0.0478515625 0.634765625 0.046875 0.63916015625 0.0439453125 0.64208984375 0.001953125 0.609375 0.0009765625 0.61181640625 0.0048828125 0.615234375 0.01171875 0.60986328125 0.0185546875 0.611328125 0.0283203125 0.61474609375 0.0322265625 0.61669921875 0.0400390625
21 0 0.9990234375 0.99951171875 0.9990234375 0.99951171875 0.748046875 0.62451171875 0.451171875 0.49560546875 0.4482421875 0 0.6455078125 0 0.9990234375
22 0.18505859375 0.9990234375 0.42236328125 0.626953125 0.52197265625 0.4765625 0.53125 0.4462890625 0.494140625 0.4453125 0.0810546875 0.63671875 0.0009765625 0.677734375 0 0.9990234375 0.18505859375 0.9990234375
22 0.99853515625 0.8359375 0.99951171875 0.5859375 0.85498046875 0.5166015625 0.69189453125 0.5166015625 0.623046875 0.4501953125 0.58447265625 0.4501953125 0.58740234375 0.4638671875 0.99853515625 0.8359375
2 0.68408203125 0.5234375 0.7666015625 0.5224609375 0.8310546875 0.525390625 0.853515625 0.5322265625 0.85986328125 0.0009765625 0.634765625 0.001953125 0.6396484375 0.0654296875 0.64111328125 0.056640625 0.6435546875 0.0625 0.64599609375 0.0908203125 0.6435546875 0.0908203125 0.64111328125 0.095703125 0.64208984375 0.1435546875 0.6181640625 0.2333984375 0.62109375 0.2421875 0.62646484375 0.248046875 0.62646484375 0.46875 0.63037109375 0.48046875 0.66064453125 0.505859375 0.68408203125 0.5234375
32 0.49560546875 0.3623046875 0.50048828125 0.3720703125 0.50634765625 0.3779296875 0.51708984375 0.37890625 0.52197265625 0.37890625 0.52734375 0.375 0.52978515625 0.365234375 0.53173828125 0.3623046875 0.53515625 0.365234375 0.5439453125 0.3662109375 0.55029296875 0.3681640625 0.5556640625 0.380859375 0.55615234375 0.4091796875 0.55615234375 0.4521484375 0.56298828125 0.4521484375 0.56396484375 0.390625 0.5654296875 0.3701171875 0.5703125 0.361328125 0.5771484375 0.3525390625 0.58447265625 0.3515625 0.591796875 0.3486328125 0.59814453125 0.349609375 0.60205078125 0.3427734375 0.60791015625 0.3359375 0.6201171875 0.3408203125 0.630859375 0.3349609375 0.6474609375 0.056640625 0.642578125 0.068359375 0.63427734375 0.0751953125 0.63232421875 0.080078125 0.62353515625 0.0908203125 0.62255859375 0.09765625 0.62255859375 0.1044921875 0.619140625 0.111328125 0.61474609375 0.0986328125 0.6171875 0.0849609375 0.6171875 0.072265625 0.61328125 0.0703125 0.60986328125 0.0615234375 0.60302734375 0.0615234375 0.59912109375 0.0537109375 0.58935546875 0.0576171875 0.58544921875 0.0517578125 0.583984375 0.03125 0.57763671875 0.0302734375 0.56689453125 0.0322265625 0.56005859375 0.033203125 0.55322265625 0.0322265625 0.54150390625 0.017578125 0.52734375 0.01171875 0.5185546875 0.015625 0.509765625 0.0146484375 0.50244140625 0.01953125 0.4990234375 0.02734375 0.4931640625 0.02734375 0.48828125 0.033203125 0.4833984375 0.154296875 0.4912109375 0.2041015625 0.49560546875 0.3623046875
2 0.1796875 0.6103515625 0.2216796875 0.6015625 0.2216796875 0.5869140625 0.21728515625 0.5703125 0.2431640625 0.5615234375 0.28662109375 0.568359375 0.322265625 0.5478515625 0.41162109375 0.513671875 0.431640625 0.5029296875 0.45947265625 0.4892578125 0.47998046875 0.4716796875 0.49560546875 0.439453125 0.49755859375 0.3984375 0.50830078125 0.3955078125 0.5078125 0.3896484375 0.5 0.3837890625 0.49755859375 0.25 0.505859375 0.236328125 0.49755859375 0.1826171875 0.48974609375 0.171875 0.4931640625 0.0986328125 0.49755859375 0.080078125 0.49169921875 0.052734375 0.4921875 0.0029296875 0.0009765625 0.0009765625 0.0009765625 0.7109375 0.07958984375 0.662109375 0.1796875 0.6103515625
24 0.60107421875 0.478515625 0.60400390625 0.4765625 0.60302734375 0.45703125 0.59912109375 0.4521484375 0.595703125 0.451171875 0.5927734375 0.4541015625 0.591796875 0.45703125 0.5908203125 0.46484375 0.5927734375 0.47265625 0.59716796875 0.474609375 0.60107421875 0.478515625
15 0.623046875 0.380859375 0.625 0.423828125 0.6259765625 0.4248046875 0.62353515625 0.37109375 0.623046875 0.380859375
6 0.6240234375 0.3876953125 0.6376953125 0.380859375 0.65478515625 0.37109375 0.6298828125 0.34765625 0.62060546875 0.3408203125 0.6171875 0.3466796875 0.59521484375 0.375 0.5947265625 0.384765625 0.6025390625 0.390625 0.6240234375 0.3876953125
24 0.63916015625 0.3837890625 0.65478515625 0.37890625 0.67041015625 0.36328125 0.6572265625 0.3671875 0.6396484375 0.376953125 0.63916015625 0.3837890625
24 0.67822265625 0.525390625 0.67822265625 0.5185546875 0.68017578125 0.5146484375 0.68017578125 0.484375 0.65576171875 0.484375 0.65771484375 0.52734375 0.67822265625 0.525390625
32 0.6494140625 0.4404296875 0.64892578125 0.4501953125 0.6474609375 0.45703125 0.646484375 0.4638671875 0.6416015625 0.4775390625 0.6396484375 0.4892578125 0.6396484375 0.5029296875 0.64453125 0.5107421875 0.650390625 0.5107421875 0.6572265625 0.5126953125 0.65869140625 0.4931640625 0.6591796875 0.4892578125 0.6689453125 0.486328125 0.67626953125 0.4873046875 0.68212890625 0.4912109375 0.68603515625 0.4853515625 0.68603515625 0.478515625 0.6787109375 0.4677734375 0.67529296875 0.466796875 0.67333984375 0.4580078125 0.67333984375 0.4345703125 0.6748046875 0.408203125 0.6748046875 0.384765625 0.67431640625 0.357421875 0.67724609375 0.3486328125 0.681640625 0.3525390625 0.68603515625 0.3525390625 0.68603515625 0.3466796875 0.67822265625 0.3408203125 0.67333984375 0.3447265625 0.671875 0.33203125 0.67431640625 0.32421875 0.6767578125 0.3125 0.6767578125 0.3076171875 0.68017578125 0.29296875 0.68408203125 0.2802734375 0.6845703125 0.26953125 0.68408203125 0.2626953125 0.68408203125 0.2548828125 0.68310546875 0.2431640625 0.68505859375 0.2255859375 0.68212890625 0.2197265625 0.67822265625 0.2197265625 0.67822265625 0.2099609375 0.6796875 0.197265625 0.67529296875 0.189453125 0.6728515625 0.181640625 0.67138671875 0.171875 0.6689453125 0.16796875 0.66259765625 0.17578125 0.6591796875 0.189453125 0.6552734375 0.19921875 0.65185546875 0.2109375 0.65234375 0.220703125 0.6533203125 0.224609375 0.66162109375 0.2294921875 0.66162109375 0.2373046875 0.65625 0.2607421875 0.65380859375 0.275390625 0.64990234375 0.2841796875 0.6494140625 0.291015625 0.6474609375 0.298828125 0.6455078125 0.3095703125 0.6484375 0.3134765625 0.6494140625 0.326171875 0.650390625 0.3349609375 0.6494140625 0.3427734375 0.6533203125 0.345703125 0.65869140625 0.349609375 0.66259765625 0.3701171875 0.66162109375 0.380859375 0.6591796875 0.3828125 0.65673828125 0.380859375 0.654296875 0.3798828125 0.6513671875 0.38671875 0.6494140625 0.3984375 0.64892578125 0.4072265625 0.64404296875 0.419921875 0.646484375 0.4267578125 0.64697265625 0.435546875 0.6494140625 0.4404296875
24 0.65380859375 0.248046875 0.62158203125 0.24609375 0.62158203125 0.251953125 0.65087890625 0.2529296875 0.65380859375 0.248046875
24 0.64599609375 0.30078125 0.64501953125 0.26171875 0.6298828125 0.2626953125 0.6298828125 0.3017578125 0.64599609375 0.30078125
14 0.60107421875 0.466796875 0.60205078125 0.4736328125 0.60302734375 0.478515625 0.6083984375 0.4794921875 0.61279296875 0.4794921875 0.6142578125 0.4873046875 0.615234375 0.4990234375 0.6181640625 0.501953125 0.6201171875 0.4990234375 0.6181640625 0.4912109375 0.619140625 0.484375 0.619140625 0.482421875 0.619140625 0.474609375 0.619140625 0.4638671875 0.61572265625 0.455078125 0.61328125 0.4482421875 0.6083984375 0.4443359375 0.607421875 0.439453125 0.6064453125 0.4384765625 0.6064453125 0.4326171875 0.60400390625 0.4326171875 0.6005859375 0.43359375 0.59912109375 0.4384765625 0.6005859375 0.44140625 0.6015625 0.4462890625 0.60107421875 0.451171875 0.60107421875 0.455078125 0.60107421875 0.466796875
14 0.62109375 0.447265625 0.62060546875 0.451171875 0.62109375 0.458984375 0.619140625 0.462890625 0.619140625 0.470703125 0.619140625 0.478515625 0.6171875 0.482421875 0.6171875 0.4892578125 0.6171875 0.5 0.61767578125 0.5107421875 0.6220703125 0.509765625 0.6259765625 0.5068359375 0.6259765625 0.5205078125 0.626953125 0.5263671875 0.6259765625 0.53515625 0.6298828125 0.53515625 0.6318359375 0.5322265625 0.6318359375 0.52734375 0.6328125 0.509765625 0.63427734375 0.5048828125 0.63525390625 0.5205078125 0.6357421875 0.53515625 0.640625 0.5380859375 0.642578125 0.5361328125 0.6416015625 0.5302734375 0.64208984375 0.494140625 0.642578125 0.4853515625 0.64599609375 0.4765625 0.6474609375 0.466796875 0.64697265625 0.455078125 0.64697265625 0.4453125 0.646484375 0.427734375 0.6455078125 0.41796875 0.6416015625 0.4111328125 0.64208984375 0.4052734375 0.6416015625 0.3955078125 0.640625 0.392578125 0.6376953125 0.390625 0.63427734375 0.392578125 0.6328125 0.3955078125 0.6328125 0.400390625 0.6328125 0.40625 0.6318359375 0.41015625 0.62939453125 0.412109375 0.6259765625 0.4140625 0.625 0.4189453125 0.625 0.427734375 0.623046875 0.4375 0.6220703125 0.443359375 0.62158203125 0.4453125 0.62109375 0.447265625
14 0.5703125 0.4560546875 0.5712890625 0.4677734375 0.57177734375 0.4765625 0.57373046875 0.4765625 0.57568359375 0.47265625 0.576171875 0.466796875 0.576171875 0.45703125 0.5771484375 0.443359375 0.57958984375 0.4228515625 0.57666015625 0.419921875 0.57568359375 0.416015625 0.57470703125 0.412109375 0.57177734375 0.4130859375 0.57080078125 0.416015625 0.57080078125 0.419921875 0.56787109375 0.4228515625 0.56689453125 0.427734375 0.56640625 0.4375 0.56787109375 0.4462890625 0.56884765625 0.44921875 0.5703125 0.4560546875
24 0.58349609375 0.46875 0.58349609375 0.474609375 0.58349609375 0.4794921875 0.58447265625 0.484375 0.58544921875 0.4921875 0.58642578125 0.4921875 0.5869140625 0.4873046875 0.58740234375 0.484375 0.58740234375 0.47265625 0.58740234375 0.466796875 0.5869140625 0.458984375 0.58740234375 0.4501953125 0.58740234375 0.4423828125 0.58251953125 0.443359375 0.58349609375 0.4521484375 0.58349609375 0.462890625 0.58349609375 0.46875
24 0.57666015625 0.4365234375 0.5771484375 0.44140625 0.57861328125 0.4443359375 0.57861328125 0.451171875 0.57861328125 0.4677734375 0.57958984375 0.47265625 0.57958984375 0.4755859375 0.58056640625 0.4775390625 0.58251953125 0.4765625 0.58251953125 0.47265625 0.58251953125 0.46484375 0.58251953125 0.4560546875 0.58447265625 0.455078125 0.58642578125 0.4560546875 0.58740234375 0.474609375 0.5888671875 0.4833984375 0.5908203125 0.4833984375 0.59033203125 0.4765625 0.59033203125 0.462890625 0.59033203125 0.4521484375 0.5908203125 0.443359375 0.591796875 0.4326171875 0.59033203125 0.419921875 0.5888671875 0.4169921875 0.58740234375 0.4150390625 0.58740234375 0.412109375 0.58642578125 0.40625 0.58251953125 0.40625 0.5810546875 0.41015625 0.57958984375 0.416015625 0.57861328125 0.421875 0.57666015625 0.42578125 0.57666015625 0.4365234375
15 0.5654296875 0.4580078125 0.5654296875 0.3955078125 0.56396484375 0.38671875 0.56396484375 0.45703125 0.5654296875 0.4580078125
24 0.57080078125 0.392578125 0.5703125 0.37109375 0.5634765625 0.37109375 0.56396484375 0.392578125 0.57080078125 0.392578125
14 0.498046875 0.4453125 0.5 0.462890625 0.5029296875 0.4609375 0.50341796875 0.451171875 0.50390625 0.4296875 0.5029296875 0.421875 0.5009765625 0.416015625 0.49853515625 0.416015625 0.49658203125 0.4208984375 0.49658203125 0.4296875 0.498046875 0.4453125
24 0.8076171875 0.4052734375 0.79638671875 0.4033203125 0.77490234375 0.4033203125 0.7763671875 0.447265625 0.80810546875 0.4482421875 0.8076171875 0.4052734375
14 0.5048828125 0.4462890625 0.50439453125 0.453125 0.50439453125 0.462890625 0.50634765625 0.4677734375 0.5078125 0.46484375 0.5087890625 0.4912109375 0.5087890625 0.498046875 0.5107421875 0.5009765625 0.513671875 0.4990234375 0.51513671875 0.498046875 0.51708984375 0.5 0.5185546875 0.4970703125 0.517578125 0.494140625 0.51708984375 0.4658203125 0.51953125 0.458984375 0.52197265625 0.4501953125 0.51806640625 0.435546875 0.515625 0.427734375 0.513671875 0.419921875 0.51318359375 0.412109375 0.5107421875 0.408203125 0.5087890625 0.41015625 0.5078125 0.4140625 0.50830078125 0.423828125 0.50537109375 0.4296875 0.5048828125 0.4384765625 0.5048828125 0.4462890625
14 0.533203125 0.439453125 0.53369140625 0.455078125 0.53466796875 0.46875 0.53466796875 0.4814453125 0.53662109375 0.484375 0.537109375 0.4833984375 0.54052734375 0.4853515625 0.541015625 0.4814453125 0.5400390625 0.4736328125 0.54150390625 0.462890625 0.54443359375 0.4521484375 0.54541015625 0.443359375 0.5439453125 0.427734375 0.54052734375 0.419921875 0.54052734375 0.41796875 0.53857421875 0.41015625 0.537109375 0.41015625 0.53564453125 0.4111328125 0.53564453125 0.416015625 0.53369140625 0.423828125 0.53271484375 0.431640625 0.53271484375 0.435546875 0.533203125 0.439453125
24 0.53564453125 0.5107421875 0.53564453125 0.5029296875 0.53466796875 0.4892578125 0.53466796875 0.47265625 0.53662109375 0.4609375 0.5390625 0.453125 0.53955078125 0.44140625 0.53857421875 0.4326171875 0.53515625 0.4208984375 0.53369140625 0.4111328125 0.529296875 0.404296875 0.52587890625 0.40625 0.52490234375 0.4140625 0.52294921875 0.423828125 0.51953125 0.44921875 0.52099609375 0.453125 0.52099609375 0.4658203125 0.52001953125 0.486328125 0.52099609375 0.4912109375 0.52490234375 0.4912109375 0.53076171875 0.498046875 0.53271484375 0.509765625 0.53564453125 0.5107421875
24 0.52099609375 0.453125 0.52099609375 0.458984375 0.525390625 0.4609375 0.52734375 0.466796875 0.52587890625 0.4765625 0.5244140625 0.484375 0.5234375 0.498046875 0.52490234375 0.5146484375 0.52685546875 0.5205078125 0.52880859375 0.5224609375 0.53125 0.5244140625 0.53369140625 0.5166015625 0.53271484375 0.5009765625 0.53173828125 0.478515625 0.53125 0.4619140625 0.53662109375 0.4609375 0.53759765625 0.455078125 0.52099609375 0.453125
15 0.48046875 0.3369140625 0.48095703125 0.4296875 0.48291015625 0.431640625 0.482421875 0.3291015625 0.48046875 0.3369140625
15 0.4912109375 0.3564453125 0.4921875 0.4189453125 0.49462890625 0.423828125 0.49267578125 0.34765625 0.4912109375 0.3564453125
14 0.4775390625 0.4033203125 0.4775390625 0.41015625 0.4765625 0.4150390625 0.474609375 0.41796875 0.4736328125 0.443359375 0.47509765625 0.4541015625 0.4765625 0.47265625 0.47900390625 0.50390625 0.48193359375 0.5068359375 0.484375 0.400390625 0.47900390625 0.400390625 0.4775390625 0.4033203125
14 0.4814453125 0.4033203125 0.48193359375 0.41015625 0.48193359375 0.416015625 0.47998046875 0.41796875 0.47802734375 0.4228515625 0.47607421875 0.4326171875 0.47412109375 0.44921875 0.47412109375 0.46484375 0.474609375 0.4736328125 0.478515625 0.474609375 0.47998046875 0.4921875 0.47998046875 0.5146484375 0.4794921875 0.52734375 0.47998046875 0.5322265625 0.48388671875 0.53125 0.4853515625 0.529296875 0.4853515625 0.5205078125 0.48681640625 0.4990234375 0.4892578125 0.4990234375 0.4892578125 0.513671875 0.48828125 0.5244140625 0.48779296875 0.5302734375 0.48876953125 0.5341796875 0.4912109375 0.5322265625 0.494140625 0.5283203125 0.49462890625 0.5166015625 0.49560546875 0.5029296875 0.50244140625 0.490234375 0.5029296875 0.4814453125 0.50146484375 0.470703125 0.5009765625 0.4462890625 0.4990234375 0.4287109375 0.49609375 0.4150390625 0.4912109375 0.412109375 0.49169921875 0.404296875 0.4912109375 0.3974609375 0.48779296875 0.39453125 0.484375 0.39453125 0.482421875 0.3994140625 0.48193359375 0.400390625 0.4814453125 0.4033203125
24 0.4853515625 0.3408203125 0.4853515625 0.322265625 0.4814453125 0.3115234375 0.4775390625 0.3232421875 0.47802734375 0.33984375 0.482421875 0.3466796875 0.4853515625 0.3408203125
15 0.4599609375 0.3056640625 0.4609375 0.419921875 0.462890625 0.4404296875 0.462890625 0.2998046875 0.4599609375 0.3056640625
24 0.46484375 0.3076171875 0.4658203125 0.2890625 0.46142578125 0.2705078125 0.455078125 0.2890625 0.45654296875 0.3076171875 0.46142578125 0.3154296875 0.46484375 0.3076171875
14 0.44677734375 0.4453125 0.44580078125 0.462890625 0.44677734375 0.470703125 0.44580078125 0.478515625 0.451171875 0.478515625 0.45263671875 0.49609375 0.451171875 0.5087890625 0.4521484375 0.517578125 0.455078125 0.521484375 0.45703125 0.515625 0.45849609375 0.521484375 0.4609375 0.5185546875 0.4619140625 0.513671875 0.4638671875 0.4892578125 0.46484375 0.474609375 0.4677734375 0.4677734375 0.4697265625 0.4638671875 0.4697265625 0.4560546875 0.46826171875 0.4462890625 0.46533203125 0.421875 0.462890625 0.4111328125 0.4619140625 0.400390625 0.45703125 0.396484375 0.45458984375 0.396484375 0.4521484375 0.4013671875 0.45166015625 0.404296875 0.44921875 0.412109375 0.44873046875 0.41796875 0.44677734375 0.431640625 0.447265625 0.4375 0.44677734375 0.4453125
15 0.40283203125 0.251953125 0.4072265625 0.5185546875 0.41357421875 0.5166015625 0.40771484375 0.2470703125 0.40283203125 0.251953125
24 0.3984375 0.2568359375 0.40185546875 0.2646484375 0.40771484375 0.265625 0.4111328125 0.259765625 0.41357421875 0.228515625 0.41064453125 0.220703125 0.40673828125 0.20703125 0.4013671875 0.2080078125 0.39599609375 0.2265625 0.396484375 0.2314453125 0.3994140625 0.25390625 0.3984375 0.2568359375
14 0.416015625 0.4541015625 0.41552734375 0.466796875 0.41845703125 0.470703125 0.42138671875 0.482421875 0.421875 0.4892578125 0.421875 0.5126953125 0.42236328125 0.5205078125 0.4267578125 0.5205078125 0.42724609375 0.517578125 0.43115234375 0.5185546875 0.43212890625 0.513671875 0.43017578125 0.505859375 0.43359375 0.4912109375 0.43310546875 0.478515625 0.43408203125 0.4736328125 0.43408203125 0.46484375 0.43310546875 0.4375 0.43505859375 0.435546875 0.43505859375 0.427734375 0.43505859375 0.4228515625 0.43408203125 0.4140625 0.43310546875 0.4033203125 0.43115234375 0.39453125 0.427734375 0.392578125 0.42529296875 0.39453125 0.42236328125 0.3984375 0.42138671875 0.4033203125 0.42138671875 0.412109375 0.41796875 0.41796875 0.41650390625 0.43359375 0.416015625 0.4541015625
14 0.28271484375 0.40234375 0.27734375 0.4169921875 0.27685546875 0.4296875 0.27734375 0.439453125 0.28515625 0.4482421875 0.28515625 0.458984375 0.28369140625 0.474609375 0.28564453125 0.478515625 0.28759765625 0.4912109375 0.28955078125 0.51171875 0.291015625 0.5517578125 0.29248046875 0.576171875 0.28857421875 0.5908203125 0.28759765625 0.6015625 0.29345703125 0.6015625 0.302734375 0.59375 0.3017578125 0.5849609375 0.3017578125 0.5615234375 0.2998046875 0.5400390625 0.30224609375 0.52734375 0.30712890625 0.5439453125 0.30712890625 0.55078125 0.3076171875 0.55859375 0.3115234375 0.568359375 0.3115234375 0.5791015625 0.31494140625 0.5859375 0.31787109375 0.5810546875 0.31982421875 0.564453125 0.322265625 0.5498046875 0.318359375 0.5400390625 0.3134765625 0.5146484375 0.318359375 0.4775390625 0.318359375 0.4560546875 0.3203125 0.443359375 0.322265625 0.4189453125 0.31982421875 0.3876953125 0.3173828125 0.3818359375 0.31396484375 0.373046875 0.3125 0.3583984375 0.30859375 0.3466796875 0.3037109375 0.3466796875 0.30029296875 0.3525390625 0.29833984375 0.359375 0.294921875 0.375 0.2958984375 0.3837890625 0.2900390625 0.38671875 0.287109375 0.3916015625 0.28271484375 0.40234375
24 0.13427734375 0.1650390625 0.142578125 0.1748046875 0.16162109375 0.1728515625 0.169921875 0.1640625 0.1767578125 0.150390625 0.181640625 0.1259765625 0.1796875 0.099609375 0.173828125 0.078125 0.1650390625 0.0673828125 0.15478515625 0.0625 0.1435546875 0.0634765625 0.13427734375 0.0712890625 0.1298828125 0.08203125 0.12646484375 0.08984375 0.125 0.1005859375 0.1240234375 0.1142578125 0.1240234375 0.134765625 0.12744140625 0.15234375 0.13427734375 0.1650390625
24 0.1689453125 0.1728515625 0.13037109375 0.1748046875 0.13037109375 0.2216796875 0.16796875 0.2197265625 0.1689453125 0.1728515625
15 0.1376953125 0.0537109375 0.13671875 0.640625 0.14404296875 0.640625 0.14501953125 0.0546875 0.1376953125 0.0537109375
14 0.0009765625 0.3203125 0 0.8916015625 0.0166015625 0.8837890625 0.0185546875 0.875 0.01611328125 0.853515625 0.0166015625 0.818359375 0.01953125 0.7626953125 0.0224609375 0.70703125 0.025390625 0.67578125 0.037109375 0.6181640625 0.04150390625 0.6328125 0.044921875 0.6494140625 0.0537109375 0.693359375 0.05908203125 0.73828125 0.064453125 0.810546875 0.06884765625 0.828125 0.07080078125 0.84375 0.09326171875 0.8349609375 0.10595703125 0.822265625 0.11181640625 0.806640625 0.11181640625 0.787109375 0.10986328125 0.78125 0.10205078125 0.783203125 0.0927734375 0.7919921875 0.09033203125 0.7216796875 0.0869140625 0.6943359375 0.0830078125 0.677734375 0.0810546875 0.6591796875 0.07763671875 0.611328125 0.0732421875 0.5517578125 0.0693359375 0.484375 0.06640625 0.4580078125 0.0703125 0.4599609375 0.0791015625 0.4912109375 0.091796875 0.5234375 0.091796875 0.5419921875 0.09521484375 0.5517578125 0.0927734375 0.564453125 0.09765625 0.578125 0.10498046875 0.5703125 0.10888671875 0.55859375 0.107421875 0.5419921875 0.1015625 0.515625 0.09130859375 0.46875 0.08447265625 0.43359375 0.07861328125 0.41015625 0.08251953125 0.40625 0.08056640625 0.3935546875 0.07666015625 0.353515625 0.0703125 0.330078125 0.06103515625 0.3193359375 0.04736328125 0.314453125 0.04736328125 0.3115234375 0.04736328125 0.310546875 0.05224609375 0.2998046875 0.0537109375 0.279296875 0.0546875 0.259765625 0.0517578125 0.2373046875 0.04296875 0.22265625 0.0322265625 0.2197265625 0.0205078125 0.23046875 0.017578125 0.23828125 0.015625 0.251953125 0.0166015625 0.2724609375 0.01953125 0.29296875 0.01953125 0.3056640625 0.00537109375 0.3134765625 0.0009765625 0.3203125
24 0.85009765625 0.4794921875 0.83203125 0.48046875 0.83203125 0.5244140625 0.85009765625 0.533203125 0.85009765625 0.4794921875
0 0.8359375 0.474609375 0.8359375 0.4775390625 0.83935546875 0.4765625 0.8369140625 0.4892578125 0.83642578125 0.5048828125 0.8369140625 0.5234375 0.8388671875 0.5380859375 0.8447265625 0.5498046875 0.8515625 0.5498046875 0.853515625 0.466796875 0.8486328125 0.4697265625 0.8359375 0.474609375
24 0.75 0.5234375 0.759765625 0.529296875 0.7685546875 0.5283203125 0.77099609375 0.490234375 0.771484375 0.484375 0.748046875 0.482421875 0.74755859375 0.4912109375 0.75048828125 0.4931640625 0.75 0.5234375
32 0.771484375 0.4853515625 0.77587890625 0.470703125 0.77734375 0.455078125 0.7763671875 0.4404296875 0.7763671875 0.427734375 0.7724609375 0.423828125 0.76904296875 0.423828125 0.765625 0.4150390625 0.76123046875 0.4140625 0.75390625 0.4091796875 0.75244140625 0.4111328125 0.74853515625 0.4169921875 0.74462890625 0.4228515625 0.74267578125 0.4267578125 0.73828125 0.4423828125 0.73828125 0.462890625 0.7412109375 0.47265625 0.7470703125 0.4794921875 0.75048828125 0.4833984375 0.7529296875 0.4833984375 0.771484375 0.4853515625
24 0.4951171875 0.359375 0.4951171875 0.34375 0.4912109375 0.3349609375 0.48876953125 0.34375 0.4892578125 0.3583984375 0.4931640625 0.36328125 0.4951171875 0.359375
2 0.82666015625 0.294921875 0.83642578125 0.310546875 0.84228515625 0.3232421875 0.84716796875 0.326171875 0.84765625 0.5478515625 0.86181640625 0.5537109375 0.86767578125 0.552734375 0.875 0.5595703125 0.9990234375 0.599609375 0.99951171875 0.0009765625 0.82568359375 0.0009765625 0.82666015625 0.033203125 0.82666015625 0.103515625 0.8271484375 0.1474609375 0.82666015625 0.294921875
15 0.79052734375 0.224609375 0.78759765625 0.5810546875 0.79052734375 0.5810546875 0.79638671875 0.2197265625 0.79052734375 0.224609375
15 0.79833984375 0.13671875 0.79248046875 0.5859375 0.8017578125 0.5859375 0.8056640625 0.1318359375 0.79833984375 0.13671875
24 0.79638671875 0.13671875 0.80419921875 0.1484375 0.80908203125 0.1337890625 0.81591796875 0.12890625 0.8134765625 0.1259765625 0.82080078125 0.0751953125 0.8154296875 0.0703125 0.81201171875 0.0537109375 0.8095703125 0.04296875 0.80126953125 0.0380859375 0.79638671875 0.046875 0.79345703125 0.0556640625 0.78564453125 0.0810546875 0.7900390625 0.12890625 0.78857421875 0.1328125 0.79638671875 0.13671875
27 0.79052734375 0.1904296875 0.75927734375 0.193359375 0.75927734375 0.283203125 0.7900390625 0.2802734375 0.79052734375 0.1904296875
27 0.787109375 0.2294921875 0.7958984375 0.244140625 0.81005859375 0.25 0.8193359375 0.2421875 0.82568359375 0.2314453125 0.82763671875 0.21484375 0.8271484375 0.1923828125 0.82080078125 0.1748046875 0.8125 0.1669921875 0.802734375 0.1669921875 0.79345703125 0.1748046875 0.7900390625 0.18359375 0.78662109375 0.1923828125 0.78466796875 0.2109375 0.787109375 0.2294921875
27 0.82373046875 0.2841796875 0.82373046875 0.2490234375 0.7880859375 0.248046875 0.7880859375 0.2822265625 0.82373046875 0.2841796875
14 0.904296875 0.3837890625 0.90966796875 0.3916015625 0.91259765625 0.3974609375 0.90234375 0.41015625 0.89501953125 0.41796875 0.8876953125 0.453125 0.8828125 0.4814453125 0.87744140625 0.509765625 0.87451171875 0.533203125 0.87353515625 0.5517578125 0.86962890625 0.560546875 0.8662109375 0.5693359375 0.8740234375 0.5791015625 0.87744140625 0.5927734375 0.8828125 0.5986328125 0.8837890625 0.595703125 0.8828125 0.5859375 0.88037109375 0.5830078125 0.8984375 0.5859375 0.9013671875 0.611328125 0.90625 0.626953125 0.90625 0.638671875 0.90966796875 0.6533203125 0.91015625 0.669921875 0.91552734375 0.693359375 0.9111328125 0.7529296875 0.9072265625 0.7607421875 0.908203125 0.7783203125 0.916015625 0.7939453125 0.92138671875 0.7939453125 0.923828125 0.791015625 0.9228515625 0.765625 0.9267578125 0.7587890625 0.9326171875 0.796875 0.9306640625 0.8154296875 0.93115234375 0.82421875 0.93408203125 0.8251953125 0.94580078125 0.8212890625 0.94970703125 0.796875 0.9482421875 0.787109375 0.9443359375 0.7783203125 0.9443359375 0.7666015625 0.94775390625 0.759765625 0.93798828125 0.701171875 0.9375 0.673828125 0.94091796875 0.6552734375 0.94091796875 0.6455078125 0.94677734375 0.6240234375 0.95556640625 0.5888671875 0.958984375 0.6123046875 0.95068359375 0.677734375 0.9423828125 0.6875 0.94482421875 0.7177734375 0.9501953125 0.7470703125 0.94921875 0.7705078125 0.9716796875 0.76953125 0.99560546875 0.7509765625 0.98828125 0.7021484375 0.98193359375 0.66015625 0.97900390625 0.66015625 0.96923828125 0.6103515625 0.970703125 0.6005859375 0.97509765625 0.5869140625 0.97509765625 0.57421875 0.9716796875 0.5322265625 0.96875 0.5029296875 0.96630859375 0.486328125 0.96533203125 0.4501953125 0.9599609375 0.4169921875 0.9453125 0.4052734375 0.9404296875 0.4013671875 0.9384765625 0.39453125 0.9443359375 0.388671875 0.94970703125 0.376953125 0.9541015625 0.3681640625 0.953125 0.3642578125 0.9443359375 0.3671875 0.9423828125 0.3623046875 0.94091796875 0.3466796875 0.93701171875 0.33203125 0.9296875 0.3232421875 0.9208984375 0.3193359375 0.9140625 0.3232421875 0.90771484375 0.33203125 0.9033203125 0.345703125 0.90234375 0.359375 0.90625 0.37109375 0.90673828125 0.3798828125 0.90576171875 0.380859375 0.904296875 0.3837890625
0 0.58349609375 0.46875 0.58349609375 0.474609375 0.58349609375 0.4794921875 0.58447265625 0.484375 0.58544921875 0.4921875 0.58642578125 0.4921875 0.5869140625 0.4873046875 0.58740234375 0.484375 0.58740234375 0.47265625 0.58740234375 0.466796875 0.5869140625 0.458984375 0.58740234375 0.4501953125 0.58740234375 0.4423828125 0.58251953125 0.443359375 0.58349609375 0.4521484375 0.58349609375 0.462890625 0.58349609375 0.46875
19 0.57666015625 0.4365234375 0.5771484375 0.44140625 0.57861328125 0.4443359375 0.57861328125 0.451171875 0.57861328125 0.4677734375 0.57958984375 0.47265625 0.57958984375 0.4755859375 0.58056640625 0.4775390625 0.58251953125 0.4765625 0.58251953125 0.47265625 0.58251953125 0.46484375 0.58251953125 0.4560546875 0.58447265625 0.455078125 0.58642578125 0.4560546875 0.58740234375 0.474609375 0.5888671875 0.4833984375 0.5908203125 0.4833984375 0.59033203125 0.4765625 0.59033203125 0.462890625 0.59033203125 0.4521484375 0.5908203125 0.443359375 0.591796875 0.4326171875 0.59033203125 0.419921875 0.5888671875 0.4169921875 0.58740234375 0.4150390625 0.58740234375 0.412109375 0.58642578125 0.40625 0.58251953125 0.40625 0.5810546875 0.41015625 0.57958984375 0.416015625 0.57861328125 0.421875 0.57666015625 0.42578125 0.57666015625 0.4365234375
19 0.53564453125 0.5107421875 0.53564453125 0.5029296875 0.53466796875 0.4892578125 0.53466796875 0.47265625 0.53662109375 0.4609375 0.5390625 0.453125 0.53955078125 0.44140625 0.53857421875 0.4326171875 0.53515625 0.4208984375 0.53369140625 0.4111328125 0.529296875 0.404296875 0.52587890625 0.40625 0.52490234375 0.4140625 0.52294921875 0.423828125 0.51953125 0.44921875 0.52099609375 0.453125 0.52099609375 0.4658203125 0.52001953125 0.486328125 0.52099609375 0.4912109375 0.52490234375 0.4912109375 0.53076171875 0.498046875 0.53271484375 0.509765625 0.53564453125 0.5107421875
0 0.52099609375 0.453125 0.52099609375 0.458984375 0.525390625 0.4609375 0.52734375 0.466796875 0.52587890625 0.4765625 0.5244140625 0.484375 0.5234375 0.498046875 0.52490234375 0.5146484375 0.52685546875 0.5205078125 0.52880859375 0.5224609375 0.53125 0.5244140625 0.53369140625 0.5166015625 0.53271484375 0.5009765625 0.53173828125 0.478515625 0.53125 0.4619140625 0.53662109375 0.4609375 0.53759765625 0.455078125 0.52099609375 0.453125
7 0.8076171875 0.9541015625 0.671875 0.9345703125 0.56689453125 0.9228515625 0.58349609375 0.9091796875 0.59033203125 0.8759765625 0.587890625 0.8466796875 0.57373046875 0.82421875 0.55517578125 0.82421875 0.541015625 0.8408203125 0.53515625 0.875 0.54296875 0.91015625 0.5576171875 0.9248046875 0.5283203125 0.927734375 0.40087890625 0.943359375 0.26806640625 0.9697265625 0.18896484375 0.9853515625 0.13232421875 0.9990234375 0.990234375 0.9990234375 0.91943359375 0.978515625 0.8076171875 0.9541015625
12 0 0 0 0.9990234375 0.99951171875 0.9990234375 0.99951171875 0 0 0