2 0 0.2998046875 0.0068359375 0.2998046875 0.02734375 0.3173828125 0.04443359375 0.349609375 0.05517578125 0.3349609375 0.0556640625 0.2998046875 0.05224609375 0.2666015625 0.00732421875 0.23046875 0.0048828125 0.2294921875 0 0.23046875 0 0.2998046875
23 0.8701171875 0.001953125 0.384765625 0.0009765625 0.51611328125 0.3388671875 0.85400390625 0.3701171875 0.8701171875 0.001953125
2 0.4150390625 0.0322265625 0.42529296875 0.029296875 0.4267578125 0.0205078125 0.41650390625 0.009765625 0.41650390625 0.00390625 0.40185546875 0.0029296875 0.40380859375 0.013671875 0.4150390625 0.0322265625
21 0.99951171875 0.8369140625 0.82763671875 0.4443359375 0.767578125 0.4404296875 0.74755859375 0.44140625 0.73388671875 0.4443359375 0.0009765625 0.5595703125 0 0.9990234375 0.99951171875 0.9990234375 0.99951171875 0.8369140625
32 0.02880859375 0.248046875 0.03857421875 0.2548828125 0.0458984375 0.26953125 0.0478515625 0.283203125 0.041015625 0.29296875 0.03173828125 0.2890625 0.02490234375 0.2900390625 0.02001953125 0.287109375 0.01611328125 0.275390625 0.0107421875 0.275390625 0.0068359375 0.27734375 0.00341796875 0.2685546875 0.001953125 0.2705078125 0 0.2783203125 0.0009765625 0.5185546875 0.47119140625 0.486328125 0.6982421875 0.4443359375 0.8056640625 0.4404296875 0.8076171875 0.2255859375 0.79931640625 0.220703125 0.7958984375 0.22265625 0.78955078125 0.2265625 0.787109375 0.220703125 0.79052734375 0.2080078125 0.78857421875 0.2021484375 0.78076171875 0.2021484375 0.77392578125 0.1923828125 0.7666015625 0.1875 0.76123046875 0.1865234375 0.755859375 0.18359375 0.74658203125 0.181640625 0.73779296875 0.1923828125 0.7353515625 0.19921875 0.72900390625 0.20703125 0.72705078125 0.212890625 0.72216796875 0.2216796875 0.71728515625 0.2275390625 0.71728515625 0.2294921875 0.71826171875 0.2412109375 0.71630859375 0.2578125 0.71728515625 0.265625 0.71484375 0.2724609375 0.708984375 0.267578125 0.70361328125 0.26953125 0.69580078125 0.265625 0.69189453125 0.2685546875 0.6884765625 0.26953125 0.68603515625 0.265625 0.68017578125 0.26171875 0.67236328125 0.2626953125 0.6689453125 0.2607421875 0.6689453125 0.255859375 0.66650390625 0.240234375 0.66259765625 0.2314453125 0.6572265625 0.2314453125 0.646484375 0.2314453125 0.6435546875 0.224609375 0.64013671875 0.224609375 0.640625 0.2333984375 0.63818359375 0.2353515625 0.63525390625 0.2294921875 0.63232421875 0.2236328125 0.62109375 0.2158203125 0.61083984375 0.2138671875 0.609375 0.2197265625 0.6015625 0.220703125 0.59716796875 0.2236328125 0.587890625 0.224609375 0.58544921875 0.2177734375 0.578125 0.21875 0.576171875 0.2255859375 0.5751953125 0.2275390625 0.56494140625 0.2236328125 0.5615234375 0.2216796875 0.56298828125 0.2109375 0.568359375 0.2021484375 0.56103515625 0.1943359375 0.5556640625 0.1875 0.5517578125 0.1875 0.54931640625 0.18359375 0.5458984375 0.1796875 0.54296875 0.181640625 0.5380859375 0.1826171875 0.5390625 0.173828125 0.5400390625 0.16015625 0.5380859375 0.1552734375 0.53515625 0.150390625 0.5283203125 0.146484375 0.52685546875 0.13671875 0.52099609375 0.1337890625 0.5126953125 0.130859375 0.51513671875 0.1181640625 0.51416015625 0.111328125 0.50830078125 0.0986328125 0.50244140625 0.0966796875 0.4990234375 0.095703125 0.498046875 0.1005859375 0.49755859375 0.1064453125 0.4951171875 0.1103515625 0.4892578125 0.1025390625 0.4873046875 0.08984375 0.48193359375 0.0888671875 0.47509765625 0.0830078125 0.46826171875 0.06640625 0.46142578125 0.0595703125 0.4560546875 0.0595703125 0.45068359375 0.060546875 0.4453125 0.0517578125 0.439453125 0.0419921875 0.43505859375 0.0390625 0.4267578125 0.02734375 0.416015625 0.02734375 0.40625 0.0009765625 0.0009765625 0.0009765625 0.0009765625 0.2431640625 0.0234375 0.2451171875 0.02880859375 0.248046875
22 0.79833984375 0.5185546875 0.7978515625 0.5380859375 0.79541015625 0.5654296875 0.794921875 0.615234375 0.7998046875 0.6474609375 0.81298828125 0.685546875 0.83251953125 0.7294921875 0.85693359375 0.7666015625 0.904296875 0.8349609375 0.9345703125 0.873046875 0.99951171875 0.9384765625 0.99951171875 0.5693359375 0.810546875 0.4375 0.77587890625 0.443359375 0.787109375 0.482421875 0.79833984375 0.5185546875
22 0.0009765625 0.5859375 0.001953125 0.6435546875 0.091796875 0.625 0.1982421875 0.6064453125 0.28857421875 0.5888671875 0.39013671875 0.5615234375 0.4716796875 0.541015625 0.55029296875 0.5224609375 0.587890625 0.5107421875 0.6103515625 0.4990234375 0.65966796875 0.48046875 0.69482421875 0.4658203125 0.69775390625 0.4423828125 0.61865234375 0.466796875 0.4873046875 0.498046875 0.0009765625 0.5859375
24 0.80126953125 0.4248046875 0.79931640625 0.421875 0.798828125 0.4150390625 0.7958984375 0.4091796875 0.7919921875 0.41015625 0.7900390625 0.4140625 0.78662109375 0.4287109375 0.787109375 0.44921875 0.7939453125 0.45703125 0.7998046875 0.4580078125 0.802734375 0.45703125 0.80224609375 0.4306640625 0.80126953125 0.4248046875
15 0.451171875 0.19921875 0.451171875 0.123046875 0.4541015625 0.10546875 0.45703125 0.09765625 0.46484375 0.0888671875 0.47412109375 0.08984375 0.47900390625 0.09765625 0.4833984375 0.111328125 0.482421875 0.1337890625 0.486328125 0.134765625 0.48681640625 0.1142578125 0.48291015625 0.0986328125 0.47802734375 0.0859375 0.4716796875 0.08203125 0.462890625 0.0810546875 0.4541015625 0.08984375 0.4501953125 0.1025390625 0.44775390625 0.119140625 0.45068359375 0.43359375 0.455078125 0.4384765625 0.4521484375 0.255859375 0.451171875 0.19921875
24 0.48291015625 0.130859375 0.47900390625 0.1552734375 0.48583984375 0.158203125 0.49267578125 0.1533203125 0.48828125 0.1298828125 0.484375 0.1279296875 0.48291015625 0.130859375
15 0.701171875 0.3505859375 0.7001953125 0.3427734375 0.69384765625 0.3447265625 0.69482421875 0.333984375 0.69091796875 0.3388671875 0.69189453125 0.4384765625 0.693359375 0.4384765625 0.6943359375 0.349609375 0.701171875 0.3505859375
15 0.73876953125 0.4130859375 0.73876953125 0.4296875 0.740234375 0.4296875 0.73974609375 0.4013671875 0.73876953125 0.4130859375
27 0.74658203125 0.39453125 0.73095703125 0.3955078125 0.7314453125 0.416015625 0.7470703125 0.416015625 0.74658203125 0.39453125
32 0.7548828125 0.4345703125 0.75390625 0.4296875 0.75 0.427734375 0.7431640625 0.427734375 0.73828125 0.423828125 0.7333984375 0.42578125 0.72998046875 0.4296875 0.72900390625 0.4375 0.73681640625 0.4453125 0.7548828125 0.443359375 0.7548828125 0.4345703125
4 0.734375 0.43359375 0.728515625 0.43359375 0.72509765625 0.4423828125 0.7255859375 0.4521484375 0.73095703125 0.4521484375 0.734375 0.43359375
4 0.7587890625 0.44921875 0.7587890625 0.4384765625 0.755859375 0.435546875 0.751953125 0.4345703125 0.74853515625 0.4365234375 0.7470703125 0.44140625 0.748046875 0.4462890625 0.7490234375 0.451171875 0.75537109375 0.4501953125 0.7587890625 0.44921875
4 0.78369140625 0.43359375 0.78076171875 0.43359375 0.77685546875 0.43359375 0.77734375 0.4462890625 0.783203125 0.447265625 0.78369140625 0.43359375
4 0.77685546875 0.44921875 0.779296875 0.4482421875 0.7802734375 0.4453125 0.7783203125 0.4384765625 0.77734375 0.4365234375 0.7734375 0.4384765625 0.7724609375 0.447265625 0.77294921875 0.44921875 0.77685546875 0.44921875
4 0.77685546875 0.455078125 0.77734375 0.451171875 0.7763671875 0.4423828125 0.775390625 0.4365234375 0.7666015625 0.4365234375 0.76513671875 0.4404296875 0.76416015625 0.4453125 0.763671875 0.455078125 0.765625 0.45703125 0.77685546875 0.455078125
15 0.77392578125 0.423828125 0.7744140625 0.458984375 0.775390625 0.458984375 0.7744140625 0.41796875 0.77392578125 0.423828125
24 0.7744140625 0.4130859375 0.77197265625 0.412109375 0.7724609375 0.42578125 0.775390625 0.42578125 0.7744140625 0.4130859375
14 0.783203125 0.44921875 0.7841796875 0.455078125 0.78662109375 0.455078125 0.78662109375 0.451171875 0.78759765625 0.4453125 0.787109375 0.4375 0.78662109375 0.427734375 0.7841796875 0.431640625 0.78271484375 0.4365234375 0.78271484375 0.4423828125 0.783203125 0.44921875
15 0.7861328125 0.4150390625 0.7861328125 0.4619140625 0.787109375 0.4619140625 0.787109375 0.40625 0.7861328125 0.4150390625
27 0.78857421875 0.40625 0.7841796875 0.40625 0.7841796875 0.4169921875 0.7890625 0.41796875 0.78857421875 0.40625
27 0.7900390625 0.408203125 0.79052734375 0.404296875 0.7900390625 0.3984375 0.7880859375 0.396484375 0.78515625 0.3955078125 0.783203125 0.40234375 0.78466796875 0.40625 0.7861328125 0.408203125 0.7900390625 0.408203125
2 0.947265625 0.5615234375 0.95166015625 0.5625 0.99951171875 0.603515625 0.9990234375 0.0009765625 0.83251953125 0.0009765625 0.8125 0.15625 0.806640625 0.158203125 0.8056640625 0.2158203125 0.8037109375 0.2197265625 0.80419921875 0.244140625 0.8017578125 0.248046875 0.79443359375 0.2509765625 0.79052734375 0.2744140625 0.796875 0.2783203125 0.80078125 0.2841796875 0.798828125 0.357421875 0.79296875 0.37890625 0.79638671875 0.3837890625 0.796875 0.44921875 0.80419921875 0.462890625 0.83349609375 0.486328125 0.89990234375 0.52734375 0.947265625 0.5615234375
24 0.80810546875 0.3828125 0.7998046875 0.3837890625 0.7998046875 0.404296875 0.80712890625 0.4033203125 0.80810546875 0.3828125
15 0.8017578125 0.3427734375 0.80322265625 0.4521484375 0.8056640625 0.453125 0.8056640625 0.341796875 0.8017578125 0.3427734375
15 0.806640625 0.3349609375 0.8056640625 0.455078125 0.80908203125 0.455078125 0.8095703125 0.3310546875 0.806640625 0.3349609375
15 0.80859375 0.322265625 0.81005859375 0.4580078125 0.81298828125 0.4599609375 0.8115234375 0.3203125 0.80859375 0.322265625
14 0.8291015625 0.4189453125 0.822265625 0.419921875 0.818359375 0.42578125 0.81689453125 0.4365234375 0.8173828125 0.4619140625 0.8330078125 0.462890625 0.83203125 0.427734375 0.8291015625 0.4189453125
24 0.83154296875 0.3251953125 0.81640625 0.326171875 0.81689453125 0.38671875 0.83251953125 0.38671875 0.83154296875 0.3251953125
24 0.8310546875 0.31640625 0.8427734375 0.3173828125 0.8427734375 0.3037109375 0.83154296875 0.3056640625 0.8310546875 0.31640625
24 0.84765625 0.3076171875 0.84765625 0.2939453125 0.8330078125 0.2919921875 0.83203125 0.30859375 0.84765625 0.3076171875
24 0.85400390625 0.298828125 0.853515625 0.2548828125 0.83251953125 0.255859375 0.8330078125 0.298828125 0.85400390625 0.298828125
24 0.87158203125 0.2685546875 0.87060546875 0.2158203125 0.8427734375 0.21875 0.84375 0.2724609375 0.87158203125 0.2685546875
15 0.814453125 0.310546875 0.8154296875 0.4638671875 0.81884765625 0.4658203125 0.8173828125 0.3095703125 0.814453125 0.310546875
15 0.82080078125 0.27734375 0.82275390625 0.4638671875 0.8251953125 0.4697265625 0.8232421875 0.275390625 0.82080078125 0.27734375
15 0.82421875 0.2744140625 0.82568359375 0.4697265625 0.8291015625 0.4697265625 0.82763671875 0.2802734375 0.82421875 0.2744140625
14 0.8330078125 0.41796875 0.83447265625 0.501953125 0.8369140625 0.5 0.837890625 0.4970703125 0.83984375 0.49609375 0.8427734375 0.4990234375 0.84423828125 0.4990234375 0.84375 0.4951171875 0.84326171875 0.4833984375 0.8447265625 0.4736328125 0.84521484375 0.453125 0.8486328125 0.4521484375 0.8486328125 0.4482421875 0.8486328125 0.435546875 0.8486328125 0.4248046875 0.8447265625 0.416015625 0.841796875 0.4111328125 0.8408203125 0.404296875 0.83935546875 0.4013671875 0.83740234375 0.4013671875 0.83642578125 0.4033203125 0.83642578125 0.4091796875 0.83447265625 0.4140625 0.833984375 0.416015625 0.8330078125 0.41796875
15 0.828125 0.2783203125 0.83349609375 0.5546875 0.83740234375 0.5537109375 0.83203125 0.2783203125 0.828125 0.2783203125
27 0.8251953125 0.2861328125 0.830078125 0.2861328125 0.83544921875 0.28125 0.83935546875 0.271484375 0.83935546875 0.2578125 0.83837890625 0.236328125 0.83544921875 0.2236328125 0.83056640625 0.220703125 0.826171875 0.2216796875 0.8232421875 0.2275390625 0.8203125 0.236328125 0.81884765625 0.2470703125 0.818359375 0.26171875 0.81982421875 0.26953125 0.822265625 0.279296875 0.8251953125 0.2861328125
15 0.88720703125 0.173828125 0.89306640625 0.5 0.90087890625 0.5126953125 0.89501953125 0.1689453125 0.88720703125 0.173828125
27 0.86669921875 0.1650390625 0.87841796875 0.173828125 0.89013671875 0.17578125 0.8984375 0.1728515625 0.9091796875 0.1640625 0.91748046875 0.1494140625 0.923828125 0.1318359375 0.92578125 0.1025390625 0.923828125 0.0791015625 0.916015625 0.0556640625 0.9072265625 0.046875 0.89892578125 0.041015625 0.88623046875 0.0390625 0.87353515625 0.046875 0.8642578125 0.05859375 0.8583984375 0.0712890625 0.85498046875 0.0888671875 0.8525390625 0.1083984375 0.8525390625 0.1201171875 0.85400390625 0.1318359375 0.85791015625 0.1474609375 0.86669921875 0.1650390625
24 0.9990234375 0.380859375 0.97705078125 0.384765625 0.97998046875 0.6083984375 0.9990234375 0.62109375 0.9990234375 0.380859375
14 0.7939453125 0.451171875 0.7958984375 0.4541015625 0.80224609375 0.4560546875 0.802734375 0.4501953125 0.80224609375 0.4287109375 0.80126953125 0.423828125 0.7998046875 0.419921875 0.79833984375 0.419921875 0.79736328125 0.423828125 0.79736328125 0.427734375 0.796875 0.4306640625 0.794921875 0.4345703125 0.79443359375 0.4384765625 0.7939453125 0.443359375 0.7939453125 0.4462890625 0.7939453125 0.451171875
24 0.80078125 0.4501953125 0.794921875 0.451171875 0.7939453125 0.4853515625 0.80126953125 0.48828125 0.80224609375 0.4521484375 0.80078125 0.4501953125
24 0.7958984375 0.490234375 0.80224609375 0.4931640625 0.8046875 0.4541015625 0.796875 0.455078125 0.7958984375 0.490234375
24 0.80908203125 0.4990234375 0.8095703125 0.4521484375 0.8017578125 0.4521484375 0.8017578125 0.5 0.80908203125 0.4990234375
24 0.80712890625 0.5087890625 0.8134765625 0.5068359375 0.81494140625 0.45703125 0.806640625 0.45703125 0.8056640625 0.50390625 0.80712890625 0.5087890625
24 0.8095703125 0.521484375 0.8115234375 0.5244140625 0.82080078125 0.5234375 0.82177734375 0.462890625 0.81005859375 0.4619140625 0.8095703125 0.521484375
24 0.81298828125 0.5498046875 0.81494140625 0.5546875 0.8330078125 0.5546875 0.8330078125 0.4619140625 0.81298828125 0.4619140625 0.81298828125 0.5498046875
24 0.85791015625 0.6767578125 0.86376953125 0.6875 0.90478515625 0.6884765625 0.9013671875 0.48828125 0.8916015625 0.482421875 0.8544921875 0.4833984375 0.85546875 0.5244140625 0.8564453125 0.603515625 0.85791015625 0.6767578125
4 0.71923828125 0.4716796875 0.72119140625 0.47265625 0.72412109375 0.470703125 0.72314453125 0.44921875 0.7216796875 0.4443359375 0.7177734375 0.4296875 0.7099609375 0.4287109375 0.7138671875 0.466796875 0.7177734375 0.466796875 0.71923828125 0.4716796875
8 0.65966796875 0.46484375 0.6884765625 0.458984375 0.6943359375 0.4423828125 0.66162109375 0.443359375 0.57666015625 0.4521484375 0.484375 0.455078125 0.47998046875 0.5 0.57568359375 0.482421875 0.65966796875 0.46484375
4 0.68994140625 0.43359375 0.68798828125 0.45703125 0.6875 0.48046875 0.69189453125 0.48046875 0.69189453125 0.4755859375 0.701171875 0.4755859375 0.71142578125 0.4755859375 0.71240234375 0.48046875 0.71484375 0.4814453125 0.716796875 0.4794921875 0.71630859375 0.4697265625 0.712890625 0.431640625 0.70849609375 0.427734375 0.70361328125 0.4267578125 0.69677734375 0.4267578125 0.69384765625 0.4287109375 0.69189453125 0.4296875 0.68994140625 0.43359375
32 0.46728515625 0.4296875 0.46240234375 0.4296875 0.45556640625 0.427734375 0.4482421875 0.427734375 0.43994140625 0.4287109375 0.42724609375 0.42578125 0.416015625 0.421875 0.39990234375 0.4169921875 0.38818359375 0.419921875 0.3720703125 0.4189453125 0.369140625 0.4189453125 0.3515625 0.4169921875 0.33447265625 0.4169921875 0.3271484375 0.416015625 0.31982421875 0.4140625 0.3115234375 0.40625 0.30615234375 0.4013671875 0.2998046875 0.3994140625 0.29541015625 0.3994140625 0.29345703125 0.404296875 0.291015625 0.4091796875 0.2880859375 0.4091796875 0.28515625 0.404296875 0.2724609375 0.404296875 0.26708984375 0.4052734375 0.26220703125 0.4033203125 0.25390625 0.40234375 0.24755859375 0.400390625 0.2412109375 0.39453125 0.23388671875 0.3984375 0.23291015625 0.390625 0.2255859375 0.38671875 0.22412109375 0.3896484375 0.220703125 0.3916015625 0.21728515625 0.390625 0.2158203125 0.384765625 0.212890625 0.38671875 0.20849609375 0.390625 0.20703125 0.3955078125 0.1953125 0.40234375 0.19091796875 0.4052734375 0.181640625 0.400390625 0.169921875 0.3974609375 0.158203125 0.3994140625 0.14501953125 0.396484375 0.13623046875 0.392578125 0.125 0.392578125 0.11572265625 0.3916015625 0.1064453125 0.392578125 0.09716796875 0.3916015625 0.08056640625 0.390625 0.07421875 0.3916015625 0.06298828125 0.3896484375 0.0361328125 0.388671875 0.02880859375 0.3837890625 0.0205078125 0.384765625 0.01318359375 0.388671875 0.00634765625 0.388671875 0.0009765625 0.390625 0 0.587890625 0.33203125 0.5341796875 0.47705078125 0.51171875 0.4833984375 0.5048828125 0.4853515625 0.501953125 0.48681640625 0.494140625 0.4873046875 0.484375 0.48876953125 0.47265625 0.48876953125 0.466796875 0.48828125 0.4609375 0.48779296875 0.4501953125 0.48828125 0.4296875 0.4833984375 0.4296875 0.47705078125 0.4306640625 0.46728515625 0.4296875
24 0.48828125 0.4482421875 0.49072265625 0.44921875 0.49365234375 0.44921875 0.49560546875 0.451171875 0.49462890625 0.4619140625 0.49755859375 0.4658203125 0.50390625 0.46875 0.5068359375 0.486328125 0.5078125 0.494140625 0.5126953125 0.490234375 0.5126953125 0.4814453125 0.5107421875 0.4765625 0.50830078125 0.4580078125 0.5126953125 0.4482421875 0.51171875 0.4248046875 0.5068359375 0.4140625 0.50390625 0.41015625 0.5029296875 0.4033203125 0.5009765625 0.4013671875 0.49755859375 0.4013671875 0.49658203125 0.40234375 0.49609375 0.4072265625 0.49609375 0.4130859375 0.4931640625 0.4189453125 0.4921875 0.4267578125 0.49072265625 0.435546875 0.4892578125 0.439453125 0.48828125 0.4482421875
24 0.4931640625 0.4453125 0.48828125 0.4453125 0.48828125 0.44921875 0.49755859375 0.4501953125 0.5 0.451171875 0.5 0.453125 0.5 0.4609375 0.498046875 0.466796875 0.49609375 0.470703125 0.4951171875 0.478515625 0.4951171875 0.4921875 0.49560546875 0.501953125 0.49755859375 0.5107421875 0.49951171875 0.51171875 0.50244140625 0.509765625 0.50390625 0.5048828125 0.50390625 0.4990234375 0.505859375 0.5068359375 0.50830078125 0.5107421875 0.509765625 0.5087890625 0.5107421875 0.5029296875 0.5107421875 0.49609375 0.51025390625 0.4921875 0.5087890625 0.4921875 0.5078125 0.48828125 0.5078125 0.4833984375 0.5068359375 0.474609375 0.505859375 0.47265625 0.50439453125 0.46875 0.50341796875 0.4619140625 0.5029296875 0.4560546875 0.50341796875 0.447265625 0.509765625 0.447265625 0.51171875 0.4453125 0.509765625 0.44140625 0.5009765625 0.4423828125 0.49755859375 0.4443359375 0.4951171875 0.4453125 0.4931640625 0.4453125
4 0.615234375 0.4443359375 0.61083984375 0.466796875 0.61083984375 0.48046875 0.61083984375 0.4990234375 0.61083984375 0.5107421875 0.61669921875 0.513671875 0.61962890625 0.5107421875 0.625 0.509765625 0.625 0.501953125 0.63818359375 0.5029296875 0.6572265625 0.5029296875 0.6572265625 0.5048828125 0.65869140625 0.51171875 0.6640625 0.5126953125 0.666015625 0.5107421875 0.66796875 0.5087890625 0.66748046875 0.486328125 0.66748046875 0.4736328125 0.666015625 0.4580078125 0.67236328125 0.4580078125 0.67041015625 0.44921875 0.6689453125 0.4482421875 0.6650390625 0.4482421875 0.6640625 0.4482421875 0.65771484375 0.4208984375 0.65283203125 0.41796875 0.63818359375 0.4169921875 0.62353515625 0.4189453125 0.6201171875 0.423828125 0.619140625 0.4287109375 0.615234375 0.4443359375
4 0.728515625 0.4609375 0.7314453125 0.462890625 0.7314453125 0.458984375 0.7353515625 0.458984375 0.7412109375 0.458984375 0.7412109375 0.4619140625 0.744140625 0.462890625 0.74365234375 0.4560546875 0.7431640625 0.4462890625 0.74169921875 0.435546875 0.7392578125 0.43359375 0.73388671875 0.43359375 0.73046875 0.4345703125 0.72900390625 0.44140625 0.7275390625 0.4482421875 0.72802734375 0.451171875 0.728515625 0.4609375
9 0.0009765625 0.8623046875 0 0.9951171875 0.0390625 0.94140625 0.04296875 0.9248046875 0.0361328125 0.8818359375 0.03173828125 0.873046875 0.02392578125 0.8671875 0.01708984375 0.8662109375 0.0068359375 0.86328125 0.0009765625 0.8623046875
0 0.4931640625 0.4453125 0.48828125 0.4453125 0.48828125 0.44921875 0.49755859375 0.4501953125 0.5 0.451171875 0.5 0.453125 0.5 0.4609375 0.498046875 0.466796875 0.49609375 0.470703125 0.4951171875 0.478515625 0.4951171875 0.4921875 0.49560546875 0.501953125 0.49755859375 0.5107421875 0.49951171875 0.51171875 0.50244140625 0.509765625 0.50390625 0.5048828125 0.50390625 0.4990234375 0.505859375 0.5068359375 0.50830078125 0.5107421875 0.509765625 0.5087890625 0.5107421875 0.5029296875 0.5107421875 0.49609375 0.51025390625 0.4921875 0.5087890625 0.4921875 0.5078125 0.48828125 0.5078125 0.4833984375 0.5068359375 0.474609375 0.505859375 0.47265625 0.50439453125 0.46875 0.50341796875 0.4619140625 0.5029296875 0.4560546875 0.50341796875 0.447265625 0.509765625 0.447265625 0.51171875 0.4453125 0.509765625 0.44140625 0.5009765625 0.4423828125 0.49755859375 0.4443359375 0.4951171875 0.4453125 0.4931640625 0.4453125
19 0.48828125 0.4482421875 0.49072265625 0.44921875 0.49365234375 0.44921875 0.49560546875 0.451171875 0.49462890625 0.4619140625 0.49755859375 0.4658203125 0.50390625 0.46875 0.5068359375 0.486328125 0.5078125 0.494140625 0.5126953125 0.490234375 0.5126953125 0.4814453125 0.5107421875 0.4765625 0.50830078125 0.4580078125 0.5126953125 0.4482421875 0.51171875 0.4248046875 0.5068359375 0.4140625 0.50390625 0.41015625 0.5029296875 0.4033203125 0.5009765625 0.4013671875 0.49755859375 0.4013671875 0.49658203125 0.40234375 0.49609375 0.4072265625 0.49609375 0.4130859375 0.4931640625 0.4189453125 0.4921875 0.4267578125 0.49072265625 0.435546875 0.4892578125 0.439453125 0.48828125 0.4482421875
32 0.578125 0.4697265625 0.57763671875 0.44921875 0.57177734375 0.4501953125 0.572265625 0.474609375 0.57568359375 0.47265625 0.5771484375 0.4697265625 0.578125 0.4697265625
7 0.8076171875 0.9541015625 0.671875 0.9345703125 0.56689453125 0.9228515625 0.58349609375 0.9091796875 0.59033203125 0.8759765625 0.587890625 0.8466796875 0.57373046875 0.82421875 0.55517578125 0.82421875 0.541015625 0.8408203125 0.53515625 0.875 0.54296875 0.91015625 0.5576171875 0.9248046875 0.5283203125 0.927734375 0.40087890625 0.943359375 0.26806640625 0.9697265625 0.18896484375 0.9853515625 0.13232421875 0.9990234375 0.990234375 0.9990234375 0.91943359375 0.978515625 0.8076171875 0.9541015625
12 0 0 0 0.9990234375 0.99951171875 0.9990234375 0.99951171875 0 0 0