23 0.7900390625 0.0009765625 0.0009765625 0.0009765625 0.0009765625 0.146484375 0.78955078125 0.1064453125 0.7900390625 0.0009765625
21 0.99853515625 0.32421875 0.71484375 0.345703125 0.7119140625 0.3818359375 0.00146484375 0.408203125 0 0.9990234375 0.99951171875 0.9990234375 0.99853515625 0.32421875
2 0.0009765625 0.3720703125 0.125 0.365234375 0.13037109375 0.146484375 0.11572265625 0.125 0.087890625 0.056640625 0.06591796875 0.05859375 0.01513671875 0.064453125 0.0146484375 0.0478515625 0.00439453125 0.0458984375 0.0048828125 0.056640625 0 0.0546875 0.0009765625 0.3720703125
32 0.1240234375 0.2958984375 0.1181640625 0.294921875 0.1123046875 0.2998046875 0.10986328125 0.3046875 0.10107421875 0.3076171875 0.0888671875 0.322265625 0.08740234375 0.3359375 0.087890625 0.3583984375 0.09228515625 0.3720703125 0.12744140625 0.373046875 0.1240234375 0.2958984375
22 0.25927734375 0.416015625 0.31201171875 0.416015625 0.4287109375 0.41015625 0.65966796875 0.3955078125 0.7470703125 0.390625 0.79052734375 0.388671875 0.82568359375 0.3818359375 0.82568359375 0.376953125 0.818359375 0.373046875 0.76416015625 0.3701171875 0.75 0.36328125 0.14501953125 0.3671875 0 0.3798828125 0.0009765625 0.4287109375 0.173828125 0.421875 0.25927734375 0.416015625
8 0.12255859375 0.3359375 0.00048828125 0.3388671875 0.00048828125 0.39453125 0.12255859375 0.388671875 0.12255859375 0.3359375
32 0 0.400390625 0.02734375 0.396484375 0.0263671875 0.365234375 0.02490234375 0.3447265625 0.02490234375 0.3359375 0.02685546875 0.3251953125 0.02587890625 0.3203125 0.02490234375 0.3125 0.02490234375 0.3095703125 0.02587890625 0.2998046875 0.02880859375 0.2958984375 0.02978515625 0.2880859375 0.02880859375 0.2841796875 0.02880859375 0.2763671875 0.02783203125 0.2724609375 0.02685546875 0.2646484375 0.033203125 0.2607421875 0.03515625 0.2529296875 0.03955078125 0.2587890625 0.041015625 0.25390625 0.03662109375 0.2431640625 0.04052734375 0.2431640625 0.0400390625 0.2373046875 0.037109375 0.2314453125 0.0390625 0.2294921875 0.04296875 0.224609375 0.0361328125 0.224609375 0.03076171875 0.2216796875 0.0361328125 0.2158203125 0.044921875 0.197265625 0.0537109375 0.2109375 0.05615234375 0.2080078125 0.0537109375 0.197265625 0.04736328125 0.1845703125 0.0439453125 0.177734375 0.0390625 0.1708984375 0.03466796875 0.1689453125 0.02392578125 0.171875 0.0185546875 0.18359375 0.01318359375 0.189453125 0.01220703125 0.189453125 0.00634765625 0.1953125 0 0.197265625 0 0.400390625
32 0.71533203125 0.328125 0.73779296875 0.3515625 0.7734375 0.3515625 0.79296875 0.3525390625 0.91064453125 0.3427734375 0.99951171875 0.3330078125 0.99951171875 0.001953125 0.76025390625 0.0009765625 0.76025390625 0.0068359375 0.7587890625 0.005859375 0.7548828125 0.0068359375 0.7509765625 0.0087890625 0.74365234375 0.0087890625 0.7412109375 0.01171875 0.7392578125 0.0146484375 0.73193359375 0.013671875 0.7294921875 0.0234375 0.724609375 0.0322265625 0.72119140625 0.0419921875 0.71142578125 0.08984375 0.71533203125 0.328125
2 0.64697265625 0.3671875 0.75244140625 0.365234375 0.7529296875 0.359375 0.7421875 0.3583984375 0.7421875 0.3466796875 0.73193359375 0.345703125 0.73193359375 0.31640625 0.71923828125 0.3056640625 0.72021484375 0.197265625 0.7294921875 0.193359375 0.76123046875 0.185546875 0.76171875 0.126953125 0.75146484375 0.126953125 0.72900390625 0.126953125 0.7275390625 0.001953125 0.11474609375 0.0009765625 0.12158203125 0.3876953125 0.38037109375 0.375 0.64697265625 0.3671875
2 0.9658203125 0.20703125 0.9658203125 0.236328125 0.9833984375 0.2373046875 0.98583984375 0.326171875 0.9990234375 0.3408203125 0.99853515625 0.1884765625 0.9736328125 0.1884765625 0.97412109375 0.1953125 0.97607421875 0.203125 0.9658203125 0.20703125
15 0.80224609375 0.3095703125 0.80224609375 0.3349609375 0.80322265625 0.3359375 0.80322265625 0.3056640625 0.80224609375 0.3095703125
27 0.8046875 0.3134765625 0.80615234375 0.3115234375 0.80712890625 0.3056640625 0.8056640625 0.3017578125 0.802734375 0.2998046875 0.80029296875 0.3017578125 0.79931640625 0.3095703125 0.80029296875 0.3125 0.80224609375 0.3134765625 0.8046875 0.3134765625
24 0.85791015625 0.2998046875 0.85693359375 0.2978515625 0.85595703125 0.2958984375 0.85302734375 0.2978515625 0.85205078125 0.302734375 0.85302734375 0.30859375 0.85498046875 0.30859375 0.85693359375 0.3076171875 0.85791015625 0.2998046875
24 0.85888671875 0.32421875 0.8583984375 0.3095703125 0.85302734375 0.3095703125 0.85205078125 0.32421875 0.85888671875 0.32421875
24 0.794921875 0.3310546875 0.77734375 0.330078125 0.775390625 0.3349609375 0.79443359375 0.333984375 0.794921875 0.3310546875
24 0.873046875 0.3017578125 0.87548828125 0.296875 0.8759765625 0.2880859375 0.875 0.2802734375 0.873046875 0.27734375 0.8701171875 0.2783203125 0.8681640625 0.28125 0.86767578125 0.29296875 0.869140625 0.30078125 0.873046875 0.3017578125
24 0.91845703125 0.31640625 0.9052734375 0.3134765625 0.9052734375 0.3310546875 0.91455078125 0.33203125 0.91845703125 0.31640625
8 0.916015625 0.349609375 0.92138671875 0.3212890625 0.875 0.3271484375 0.7919921875 0.3310546875 0.7919921875 0.3544921875 0.86474609375 0.353515625 0.916015625 0.349609375
15 0.94384765625 0.107421875 0.94189453125 0.2939453125 0.9443359375 0.2939453125 0.94677734375 0.107421875 0.94384765625 0.107421875
24 0.92919921875 0.19921875 0.9326171875 0.2138671875 0.931640625 0.2412109375 0.9306640625 0.255859375 0.9345703125 0.2568359375 0.93798828125 0.25390625 0.93798828125 0.2490234375 0.94189453125 0.2490234375 0.94287109375 0.2431640625 0.9453125 0.2412109375 0.9462890625 0.1142578125 0.93798828125 0.13671875 0.9267578125 0.1708984375 0.9267578125 0.1728515625 0.92626953125 0.17578125 0.92919921875 0.19921875
15 0.96630859375 0.111328125 0.9619140625 0.294921875 0.96337890625 0.2958984375 0.96923828125 0.1103515625 0.96630859375 0.111328125
24 0.96240234375 0.2353515625 0.96240234375 0.2509765625 0.96484375 0.25390625 0.96435546875 0.2607421875 0.96533203125 0.2666015625 0.96875 0.2607421875 0.96923828125 0.16796875 0.96728515625 0.115234375 0.958984375 0.171875 0.95947265625 0.1787109375 0.95654296875 0.2080078125 0.96240234375 0.2353515625
15 0.97998046875 0.103515625 0.9775390625 0.3095703125 0.97998046875 0.3134765625 0.98291015625 0.10546875 0.97998046875 0.103515625
24 0.9775390625 0.2431640625 0.98095703125 0.2548828125 0.990234375 0.2568359375 0.99072265625 0.25390625 0.98974609375 0.248046875 0.9853515625 0.2373046875 0.98583984375 0.20703125 0.98583984375 0.19140625 0.9912109375 0.1689453125 0.984375 0.119140625 0.9814453125 0.1171875 0.97998046875 0.1875 0.9775390625 0.2431640625
9 0.90185546875 0.361328125 0.9169921875 0.361328125 0.99951171875 0.3671875 0.99951171875 0.3544921875 0.92333984375 0.353515625 0.8837890625 0.353515625 0.87939453125 0.357421875 0.87890625 0.359375 0.8876953125 0.359375 0.90185546875 0.361328125
15 0.83984375 0.1064453125 0.83984375 0.353515625 0.84375 0.353515625 0.84326171875 0.103515625 0.83984375 0.1064453125
24 0.83203125 0.099609375 0.8330078125 0.103515625 0.84130859375 0.107421875 0.84375 0.1015625 0.83544921875 0.0927734375 0.83447265625 0.0927734375 0.83203125 0.095703125 0.83203125 0.099609375
24 0.7294921875 0.20703125 0.7353515625 0.21484375 0.751953125 0.2138671875 0.751953125 0.208984375 0.744140625 0.2080078125 0.74658203125 0.1982421875 0.74609375 0.185546875 0.744140625 0.177734375 0.75048828125 0.177734375 0.7509765625 0.1728515625 0.7353515625 0.1728515625 0.72900390625 0.18359375 0.72802734375 0.197265625 0.7294921875 0.20703125
26 0.75537109375 0.240234375 0.76220703125 0.2353515625 0.763671875 0.2177734375 0.76806640625 0.2099609375 0.7685546875 0.197265625 0.76220703125 0.1982421875 0.76220703125 0.1884765625 0.76806640625 0.1884765625 0.76806640625 0.177734375 0.7548828125 0.1787109375 0.75244140625 0.177734375 0.7529296875 0.2373046875 0.75537109375 0.240234375
15 0.75341796875 0.380859375 0.7529296875 0.1015625 0.75 0.103515625 0.74853515625 0.380859375 0.75341796875 0.380859375
9 0.0771484375 0.9990234375 0.14453125 0.8935546875 0.20458984375 0.794921875 0.2509765625 0.7109375 0.271484375 0.66796875 0.27587890625 0.6474609375 0.27587890625 0.634765625 0.2744140625 0.623046875 0.25732421875 0.611328125 0.24072265625 0.60546875 0.193359375 0.6025390625 0.05810546875 0.6083984375 0.0009765625 0.611328125 0 0.9990234375 0.0771484375 0.9990234375
24 0.62255859375 0.3095703125 0.62744140625 0.3125 0.63330078125 0.2685546875 0.63037109375 0.263671875 0.6171875 0.263671875 0.6162109375 0.26953125 0.61865234375 0.2841796875 0.62255859375 0.3095703125
15 0.619140625 0.3525390625 0.61962890625 0.25 0.61669921875 0.25 0.6162109375 0.3544921875 0.619140625 0.3525390625
4 0.91357421875 0.3291015625 0.91455078125 0.357421875 0.91748046875 0.3701171875 0.9208984375 0.3720703125 0.9248046875 0.3720703125 0.92724609375 0.36328125 0.93896484375 0.36328125 0.94189453125 0.3701171875 0.9453125 0.3720703125 0.94970703125 0.37109375 0.9521484375 0.365234375 0.955078125 0.365234375 0.95654296875 0.369140625 0.96044921875 0.37109375 0.96435546875 0.369140625 0.96533203125 0.3681640625 0.9833984375 0.3671875 0.98486328125 0.37109375 0.9912109375 0.37109375 0.9951171875 0.3701171875 0.99658203125 0.3623046875 0.99658203125 0.34375 0.99462890625 0.326171875 0.98828125 0.318359375 0.98681640625 0.314453125 0.98486328125 0.3115234375 0.98291015625 0.3115234375 0.97119140625 0.294921875 0.951171875 0.2890625 0.927734375 0.2939453125 0.9228515625 0.296875 0.9169921875 0.3115234375 0.91357421875 0.3291015625
4 0.43505859375 0.35546875 0.4345703125 0.3916015625 0.4326171875 0.400390625 0.4287109375 0.41015625 0.43017578125 0.4375 0.4375 0.45703125 0.44091796875 0.4599609375 0.443359375 0.470703125 0.4453125 0.4794921875 0.453125 0.4921875 0.47216796875 0.4931640625 0.4775390625 0.484375 0.482421875 0.4677734375 0.4912109375 0.46875 0.60400390625 0.462890625 0.60888671875 0.470703125 0.615234375 0.478515625 0.62158203125 0.48828125 0.63818359375 0.4853515625 0.642578125 0.4765625 0.64599609375 0.4609375 0.66064453125 0.4599609375 0.6689453125 0.453125 0.66943359375 0.4423828125 0.673828125 0.4248046875 0.6708984375 0.4033203125 0.66259765625 0.3798828125 0.65087890625 0.3662109375 0.63623046875 0.3583984375 0.6181640625 0.3515625 0.60546875 0.3486328125 0.58984375 0.3251953125 0.5625 0.2939453125 0.55322265625 0.2880859375 0.517578125 0.28515625 0.484375 0.2880859375 0.45068359375 0.2958984375 0.44580078125 0.306640625 0.4384765625 0.3349609375 0.43505859375 0.35546875
22 0.1806640625 0.833984375 0.224609375 0.7607421875 0.24951171875 0.7109375 0.00048828125 0.71875 0 0.9990234375 0.07861328125 0.998046875 0.1806640625 0.833984375
7 0.8076171875 0.9541015625 0.671875 0.9345703125 0.56689453125 0.9228515625 0.58349609375 0.9091796875 0.59033203125 0.8759765625 0.587890625 0.8466796875 0.57373046875 0.82421875 0.55517578125 0.82421875 0.541015625 0.8408203125 0.53515625 0.875 0.54296875 0.91015625 0.5576171875 0.9248046875 0.5283203125 0.927734375 0.40087890625 0.943359375 0.26806640625 0.9697265625 0.18896484375 0.9853515625 0.13232421875 0.9990234375 0.990234375 0.9990234375 0.91943359375 0.978515625 0.8076171875 0.9541015625
12 0 0 0 0.9990234375 0.99951171875 0.9990234375 0.99951171875 0 0 0