21 0 0.9990234375 0.99951171875 0.9990234375 0.99951171875 0.3017578125 0 0.4189453125 0 0.9990234375
22 0.94189453125 0.5478515625 0.904296875 0.5771484375 0.89013671875 0.6298828125 0.89208984375 0.6826171875 0.91943359375 0.755859375 0.99951171875 0.8740234375 0.99951171875 0.513671875 0.94189453125 0.5478515625
22 0 0.623046875 0.34521484375 0.5673828125 0.67236328125 0.5126953125 0.86572265625 0.48046875 0.99951171875 0.455078125 0.99951171875 0.40234375 0 0.5517578125 0 0.623046875
32 0 0 0 0.541015625 0.52880859375 0.4384765625 0.99951171875 0.3935546875 0.99951171875 0 0 0
8 0 0.5908203125 0.3427734375 0.5380859375 0.6416015625 0.486328125 0.99951171875 0.42578125 0.99951171875 0.37109375 0.8955078125 0.375 0.62109375 0.3974609375 0 0.4833984375 0 0.5908203125
15 0.49658203125 0.1171875 0.49462890625 0.384765625 0.49951171875 0.384765625 0.49951171875 0.1162109375 0.49658203125 0.1171875
27 0.49560546875 0.2080078125 0.5 0.2080078125 0.4990234375 0.24609375 0.4951171875 0.24609375 0.49560546875 0.251953125 0.4990234375 0.251953125 0.4990234375 0.2578125 0.49951171875 0.263671875 0.50146484375 0.265625 0.5205078125 0.259765625 0.52734375 0.2578125 0.52880859375 0.24609375 0.52978515625 0.1923828125 0.52978515625 0.1806640625 0.5283203125 0.1767578125 0.52685546875 0.1748046875 0.5 0.1826171875 0.49951171875 0.203125 0.4951171875 0.203125 0.49560546875 0.2080078125
24 0.48828125 0.091796875 0.4833984375 0.095703125 0.484375 0.1015625 0.49072265625 0.1064453125 0.49365234375 0.1240234375 0.50244140625 0.125 0.50390625 0.10546875 0.50634765625 0.1025390625 0.51318359375 0.099609375 0.5146484375 0.09765625 0.51318359375 0.095703125 0.50732421875 0.091796875 0.5009765625 0.0869140625 0.49267578125 0.0869140625 0.48828125 0.091796875
4 0.46240234375 0.390625 0.45068359375 0.39453125 0.41064453125 0.4619140625 0.384765625 0.4765625 0.36328125 0.49609375 0.34326171875 0.5185546875 0.341796875 0.5458984375 0.33740234375 0.552734375 0.3369140625 0.572265625 0.3408203125 0.5810546875 0.34326171875 0.58984375 0.34521484375 0.6015625 0.3681640625 0.6025390625 0.37158203125 0.6123046875 0.37939453125 0.6220703125 0.38623046875 0.6220703125 0.39599609375 0.62109375 0.40087890625 0.6171875 0.40478515625 0.61328125 0.4384765625 0.6005859375 0.4599609375 0.5966796875 0.46435546875 0.611328125 0.46826171875 0.6171875 0.48046875 0.6181640625 0.4873046875 0.615234375 0.494140625 0.607421875 0.4990234375 0.591796875 0.5048828125 0.5888671875 0.50537109375 0.5849609375 0.50634765625 0.576171875 0.58203125 0.5478515625 0.58349609375 0.552734375 0.58740234375 0.5546875 0.59033203125 0.5615234375 0.59765625 0.5712890625 0.60791015625 0.5712890625 0.6171875 0.5625 0.61962890625 0.54296875 0.62060546875 0.5234375 0.638671875 0.509765625 0.6396484375 0.50390625 0.6416015625 0.4873046875 0.640625 0.4697265625 0.63818359375 0.4697265625 0.63427734375 0.4296875 0.6171875 0.3681640625 0.60888671875 0.3642578125 0.60302734375 0.359375 0.53564453125 0.3681640625 0.49658203125 0.3759765625 0.4658203125 0.3818359375 0.46240234375 0.390625
4 0.869140625 0.390625 0.8671875 0.3974609375 0.8671875 0.40234375 0.869140625 0.408203125 0.85888671875 0.4267578125 0.85693359375 0.4453125 0.85888671875 0.4677734375 0.861328125 0.4814453125 0.86376953125 0.486328125 0.87158203125 0.486328125 0.87548828125 0.484375 0.87744140625 0.4775390625 0.92724609375 0.4716796875 0.9296875 0.4765625 0.93408203125 0.4814453125 0.9404296875 0.48046875 0.94482421875 0.4736328125 0.94482421875 0.466796875 0.97119140625 0.4580078125 0.97314453125 0.466796875 0.97509765625 0.470703125 0.97998046875 0.470703125 0.984375 0.46875 0.98681640625 0.4599609375 0.98681640625 0.4482421875 0.98681640625 0.439453125 0.98779296875 0.4228515625 0.982421875 0.3857421875 0.9775390625 0.3671875 0.9697265625 0.3486328125 0.96142578125 0.3408203125 0.955078125 0.3388671875 0.95263671875 0.3388671875 0.9052734375 0.34765625 0.8935546875 0.353515625 0.87451171875 0.3916015625 0.869140625 0.390625
7 0.8076171875 0.9541015625 0.671875 0.9345703125 0.56689453125 0.9228515625 0.58349609375 0.9091796875 0.59033203125 0.8759765625 0.587890625 0.8466796875 0.57373046875 0.82421875 0.55517578125 0.82421875 0.541015625 0.8408203125 0.53515625 0.875 0.54296875 0.91015625 0.5576171875 0.9248046875 0.5283203125 0.927734375 0.40087890625 0.943359375 0.26806640625 0.9697265625 0.18896484375 0.9853515625 0.13232421875 0.9990234375 0.990234375 0.9990234375 0.91943359375 0.978515625 0.8076171875 0.9541015625
12 0 0 0 0.9990234375 0.99951171875 0.9990234375 0.99951171875 0 0 0