21 0 0.9990234375 0.99951171875 0.9990234375 0.99951171875 0.6611328125 0.994140625 0.6533203125 0.97802734375 0.640625 0.91259765625 0.5830078125 0.8037109375 0.3720703125 0.712890625 0.373046875 0.59130859375 0.4453125 0 0.541015625 0 0.9990234375
22 0.0576171875 0.6044921875 0.134765625 0.595703125 0.26513671875 0.5791015625 0.2900390625 0.5732421875 0.35546875 0.552734375 0.43701171875 0.53125 0.55224609375 0.4970703125 0.6396484375 0.4716796875 0.68603515625 0.45703125 0.7099609375 0.4482421875 0.7177734375 0.4443359375 0.7158203125 0.4326171875 0.69921875 0.416015625 0.0009765625 0.5166015625 0 0.6171875 0.02294921875 0.6123046875 0.0576171875 0.6044921875
9 0.8037109375 0.349609375 0.75341796875 0.3525390625 0.75 0.400390625 0.7958984375 0.4072265625 0.8037109375 0.349609375
22 0.794921875 0.4873046875 0.755859375 0.4912109375 0.73828125 0.498046875 0.70654296875 0.5615234375 0.73046875 0.6689453125 0.7529296875 0.71875 0.80859375 0.8232421875 0.8828125 0.955078125 0.90966796875 0.9990234375 0.99951171875 0.9990234375 0.99951171875 0.7001953125 0.99169921875 0.6923828125 0.974609375 0.6787109375 0.91943359375 0.634765625 0.8642578125 0.57421875 0.81396484375 0.474609375 0.81201171875 0.4775390625 0.80419921875 0.4814453125 0.794921875 0.4873046875
2 0.66650390625 0 0.681640625 0.3740234375 0.8017578125 0.3701171875 0.814453125 0 0.66650390625 0
0 0.76123046875 0.369140625 0.76123046875 0.375 0.7626953125 0.3857421875 0.76513671875 0.3935546875 0.7666015625 0.3935546875 0.76708984375 0.390625 0.76708984375 0.3857421875 0.767578125 0.3857421875 0.7705078125 0.3837890625 0.77197265625 0.37890625 0.7724609375 0.3681640625 0.7734375 0.3583984375 0.771484375 0.3486328125 0.76318359375 0.3466796875 0.76123046875 0.353515625 0.76123046875 0.3603515625 0.76123046875 0.369140625
2 0.09130859375 0.572265625 0.22900390625 0.560546875 0.29150390625 0.546875 0.38037109375 0.525390625 0.486328125 0.498046875 0.48779296875 0.4931640625 0.498046875 0.4912109375 0.49951171875 0.4892578125 0.5205078125 0.4833984375 0.611328125 0.462890625 0.65234375 0.451171875 0.6806640625 0.4443359375 0.689453125 0.439453125 0.6875 0.240234375 0.68896484375 0.23046875 0.68798828125 0.138671875 0.68798828125 0.0751953125 0.68701171875 0.0009765625 0.0009765625 0.0009765625 0.00048828125 0.5908203125 0.02978515625 0.5830078125 0.09130859375 0.572265625
32 0.77783203125 0.373046875 0.7763671875 0.3828125 0.7763671875 0.39453125 0.77783203125 0.4052734375 0.77978515625 0.4150390625 0.7802734375 0.4404296875 0.783203125 0.443359375 0.7890625 0.4423828125 0.794921875 0.439453125 0.7998046875 0.38671875 0.79541015625 0.3525390625 0.79150390625 0.3466796875 0.7880859375 0.3447265625 0.78173828125 0.3408203125 0.77880859375 0.3447265625 0.77880859375 0.36328125 0.77783203125 0.373046875
2 0.7861328125 0.1533203125 0.78759765625 0.16015625 0.7919921875 0.1982421875 0.7939453125 0.236328125 0.7939453125 0.43359375 0.88134765625 0.6337890625 0.93505859375 0.6845703125 0.99951171875 0.744140625 0.99951171875 0.0009765625 0.79443359375 0 0.79248046875 0.08203125 0.78662109375 0.107421875 0.7861328125 0.1533203125
24 0.779296875 0.2177734375 0.77783203125 0.185546875 0.77392578125 0.1845703125 0.7744140625 0.2138671875 0.779296875 0.2177734375
24 0.77978515625 0.25 0.77880859375 0.22265625 0.77197265625 0.216796875 0.7724609375 0.2451171875 0.77978515625 0.25
24 0.728515625 0.2529296875 0.72802734375 0.23046875 0.7197265625 0.2294921875 0.7197265625 0.251953125 0.728515625 0.2529296875
24 0.7109375 0.2294921875 0.71484375 0.2314453125 0.71484375 0.220703125 0.716796875 0.2197265625 0.7275390625 0.2294921875 0.72705078125 0.2255859375 0.71484375 0.21484375 0.7109375 0.21484375 0.7109375 0.2216796875 0.7109375 0.2294921875
24 0.681640625 0.0810546875 0.66943359375 0.08984375 0.6611328125 0.1044921875 0.6640625 0.111328125 0.67236328125 0.0966796875 0.67919921875 0.0859375 0.68603515625 0.0849609375 0.68603515625 0.0869140625 0.68359375 0.091796875 0.67919921875 0.09765625 0.68505859375 0.1015625 0.68505859375 0.1162109375 0.69287109375 0.115234375 0.6943359375 0.099609375 0.69677734375 0.0986328125 0.69970703125 0.0947265625 0.6943359375 0.0908203125 0.68896484375 0.080078125 0.66357421875 0.060546875 0.662109375 0.064453125 0.662109375 0.068359375 0.681640625 0.0810546875
24 0.76708984375 0.1123046875 0.76611328125 0.083984375 0.712890625 0.0947265625 0.712890625 0.123046875 0.76708984375 0.1123046875
15 0.77587890625 0.1513671875 0.77685546875 0.1552734375 0.77880859375 0.53125 0.78466796875 0.5341796875 0.7802734375 0.1494140625 0.779296875 0.1435546875 0.77392578125 0.1396484375 0.75341796875 0.1416015625 0.748046875 0.1552734375 0.77392578125 0.1484375 0.77587890625 0.1513671875
27 0.7265625 0.0908203125 0.72119140625 0.1064453125 0.71923828125 0.1318359375 0.72119140625 0.1484375 0.72607421875 0.1572265625 0.7353515625 0.1669921875 0.74365234375 0.1630859375 0.75341796875 0.15234375 0.7578125 0.1259765625 0.75732421875 0.109375 0.75146484375 0.0947265625 0.74267578125 0.0830078125 0.73779296875 0.0810546875 0.73583984375 0.08203125 0.7333984375 0.0830078125 0.7265625 0.0908203125
27 0.7255859375 0.208984375 0.7275390625 0.2109375 0.75146484375 0.208984375 0.7529296875 0.2080078125 0.7529296875 0.1689453125 0.75146484375 0.1640625 0.7265625 0.1689453125 0.7255859375 0.173828125 0.7255859375 0.208984375
24 0.787109375 0.244140625 0.78759765625 0.236328125 0.7939453125 0.236328125 0.7939453125 0.2294921875 0.7890625 0.2294921875 0.78955078125 0.19921875 0.78369140625 0.1982421875 0.7841796875 0.244140625 0.787109375 0.244140625
24 0.78369140625 0.21484375 0.78564453125 0.216796875 0.7880859375 0.2158203125 0.7890625 0.2080078125 0.79296875 0.2080078125 0.7939453125 0.201171875 0.7890625 0.2001953125 0.7880859375 0.1689453125 0.78271484375 0.1689453125 0.78271484375 0.1748046875 0.7822265625 0.1982421875 0.78369140625 0.21484375
6 0.7890625 0.439453125 0.7900390625 0.4404296875 0.79150390625 0.556640625 0.7958984375 0.5634765625 0.7998046875 0.5615234375 0.7998046875 0.556640625 0.8056640625 0.556640625 0.80517578125 0.5791015625 0.8125 0.5869140625 0.83349609375 0.58984375 0.8271484375 0.4248046875 0.81640625 0.42578125 0.82568359375 0.40625 0.81494140625 0.40625 0.8076171875 0.4208984375 0.79931640625 0.4208984375 0.79931640625 0.427734375 0.787109375 0.4287109375 0.7861328125 0.4326171875 0.787109375 0.4365234375 0.7890625 0.439453125
24 0.83447265625 0.5048828125 0.80810546875 0.50390625 0.81005859375 0.6123046875 0.830078125 0.6435546875 0.88134765625 0.6416015625 0.8818359375 0.5009765625 0.87890625 0.5009765625 0.8671875 0.501953125 0.83447265625 0.5048828125
32 0.8447265625 0.3525390625 0.84130859375 0.3544921875 0.83251953125 0.361328125 0.82568359375 0.3662109375 0.822265625 0.3720703125 0.8203125 0.3759765625 0.81884765625 0.384765625 0.81884765625 0.3984375 0.81884765625 0.4111328125 0.818359375 0.42578125 0.81689453125 0.4384765625 0.81103515625 0.4443359375 0.8056640625 0.447265625 0.79833984375 0.455078125 0.79296875 0.4716796875 0.79150390625 0.4912109375 0.79052734375 0.509765625 0.7939453125 0.5302734375 0.79736328125 0.5380859375 0.80126953125 0.552734375 0.8076171875 0.5634765625 0.8125 0.5673828125 0.81787109375 0.576171875 0.8232421875 0.580078125 0.826171875 0.5703125 0.82421875 0.5537109375 0.82763671875 0.544921875 0.833984375 0.525390625 0.8388671875 0.513671875 0.84130859375 0.5078125 0.84912109375 0.5078125 0.8544921875 0.5087890625 0.86572265625 0.50390625 0.875 0.50390625 0.87744140625 0.51171875 0.87890625 0.51953125 0.88330078125 0.544921875 0.8837890625 0.537109375 0.88623046875 0.4072265625 0.88134765625 0.3896484375 0.87451171875 0.384765625 0.86474609375 0.376953125 0.85693359375 0.3623046875 0.853515625 0.3603515625 0.8486328125 0.3544921875 0.8447265625 0.3525390625
22 0 0.9423828125 0.0322265625 0.91015625 0.08935546875 0.8564453125 0.11962890625 0.822265625 0.13720703125 0.794921875 0.13916015625 0.76953125 0.13623046875 0.7587890625 0.12109375 0.744140625 0.1015625 0.7333984375 0.09716796875 0.7314453125 0.07958984375 0.7265625 0.0625 0.7216796875 0.029296875 0.7177734375 0 0.7158203125 0 0.9423828125
14 0.3564453125 0.3623046875 0.3564453125 0.3720703125 0.3564453125 0.37890625 0.3544921875 0.38671875 0.3544921875 0.3994140625 0.35400390625 0.4306640625 0.3525390625 0.45703125 0.353515625 0.4658203125 0.353515625 0.498046875 0.353515625 0.564453125 0.357421875 0.572265625 0.36474609375 0.572265625 0.3681640625 0.5712890625 0.369140625 0.5615234375 0.369140625 0.5517578125 0.36865234375 0.513671875 0.3701171875 0.4931640625 0.37109375 0.484375 0.373046875 0.4892578125 0.3740234375 0.517578125 0.37548828125 0.546875 0.3740234375 0.5595703125 0.37255859375 0.5673828125 0.37548828125 0.572265625 0.37890625 0.5712890625 0.3818359375 0.5693359375 0.38330078125 0.5576171875 0.384765625 0.541015625 0.3857421875 0.4951171875 0.3857421875 0.4853515625 0.388671875 0.4921875 0.39404296875 0.4873046875 0.39453125 0.4794921875 0.39404296875 0.470703125 0.3916015625 0.45703125 0.39111328125 0.453125 0.38916015625 0.43359375 0.38916015625 0.423828125 0.39111328125 0.41796875 0.39111328125 0.40625 0.38916015625 0.396484375 0.3857421875 0.380859375 0.3818359375 0.3740234375 0.373046875 0.369140625 0.37255859375 0.359375 0.36962890625 0.3505859375 0.3662109375 0.34375 0.361328125 0.3447265625 0.357421875 0.3505859375 0.3564453125 0.3623046875
14 0.2734375 0.439453125 0.271484375 0.453125 0.27197265625 0.4599609375 0.27734375 0.462890625 0.2802734375 0.462890625 0.2822265625 0.484375 0.2861328125 0.509765625 0.287109375 0.533203125 0.2890625 0.5498046875 0.2900390625 0.568359375 0.28955078125 0.57421875 0.287109375 0.58203125 0.287109375 0.5849609375 0.2900390625 0.5869140625 0.2939453125 0.5849609375 0.29736328125 0.580078125 0.298828125 0.57421875 0.29931640625 0.55859375 0.29931640625 0.5341796875 0.302734375 0.560546875 0.3046875 0.57421875 0.30810546875 0.5830078125 0.3115234375 0.5830078125 0.31298828125 0.5791015625 0.3125 0.57421875 0.31103515625 0.5654296875 0.31005859375 0.5498046875 0.3095703125 0.5126953125 0.310546875 0.4931640625 0.31396484375 0.4853515625 0.31494140625 0.4755859375 0.31494140625 0.466796875 0.31494140625 0.453125 0.31396484375 0.4267578125 0.3095703125 0.3974609375 0.3076171875 0.3916015625 0.30078125 0.388671875 0.298828125 0.38671875 0.30078125 0.3740234375 0.29931640625 0.359375 0.29345703125 0.3525390625 0.2880859375 0.3525390625 0.283203125 0.3583984375 0.2822265625 0.369140625 0.2822265625 0.37890625 0.28466796875 0.384765625 0.28662109375 0.3876953125 0.28271484375 0.392578125 0.27880859375 0.3984375 0.27685546875 0.404296875 0.27685546875 0.4140625 0.2734375 0.4287109375 0.27294921875 0.43359375 0.2734375 0.435546875 0.2734375 0.439453125
14 0.6943359375 0.3017578125 0.68994140625 0.30859375 0.6884765625 0.3203125 0.68798828125 0.3310546875 0.68603515625 0.3388671875 0.6806640625 0.34765625 0.6767578125 0.3662109375 0.6748046875 0.40234375 0.6748046875 0.43359375 0.67724609375 0.4462890625 0.68115234375 0.4482421875 0.68212890625 0.453125 0.68359375 0.4638671875 0.685546875 0.4990234375 0.68798828125 0.541015625 0.68994140625 0.5546875 0.6923828125 0.5546875 0.6982421875 0.5546875 0.69970703125 0.5498046875 0.6982421875 0.54296875 0.6982421875 0.5390625 0.703125 0.544921875 0.70849609375 0.546875 0.70751953125 0.5400390625 0.70556640625 0.5283203125 0.708984375 0.49609375 0.7119140625 0.474609375 0.71240234375 0.4453125 0.70947265625 0.4208984375 0.71044921875 0.4072265625 0.71533203125 0.4033203125 0.716796875 0.357421875 0.712890625 0.34375 0.708984375 0.3369140625 0.7041015625 0.3330078125 0.705078125 0.326171875 0.705078125 0.3173828125 0.7041015625 0.306640625 0.7001953125 0.3017578125 0.69775390625 0.3017578125 0.6943359375 0.3017578125
14 0.7197265625 0.33984375 0.71484375 0.3466796875 0.71044921875 0.349609375 0.70654296875 0.3544921875 0.705078125 0.3623046875 0.7060546875 0.3837890625 0.708984375 0.3984375 0.7099609375 0.4140625 0.7099609375 0.421875 0.71044921875 0.4296875 0.7138671875 0.435546875 0.71826171875 0.4326171875 0.72021484375 0.4365234375 0.72021484375 0.4580078125 0.72021484375 0.48046875 0.72021484375 0.4912109375 0.716796875 0.5078125 0.72021484375 0.51171875 0.72265625 0.4970703125 0.72412109375 0.4775390625 0.7265625 0.5087890625 0.73095703125 0.5498046875 0.7314453125 0.5654296875 0.73046875 0.5751953125 0.73046875 0.5869140625 0.7333984375 0.5888671875 0.73828125 0.587890625 0.7412109375 0.587890625 0.74267578125 0.5810546875 0.74609375 0.576171875 0.7490234375 0.564453125 0.748046875 0.5537109375 0.7490234375 0.54296875 0.7509765625 0.5341796875 0.75048828125 0.525390625 0.7548828125 0.5107421875 0.755859375 0.4794921875 0.755859375 0.4326171875 0.75634765625 0.4208984375 0.7568359375 0.431640625 0.7568359375 0.439453125 0.75927734375 0.4443359375 0.7607421875 0.4521484375 0.7626953125 0.451171875 0.765625 0.4404296875 0.765625 0.42578125 0.76611328125 0.4013671875 0.765625 0.3759765625 0.76318359375 0.34765625 0.7587890625 0.333984375 0.7548828125 0.328125 0.74609375 0.3203125 0.7451171875 0.3173828125 0.74658203125 0.3056640625 0.74658203125 0.294921875 0.74560546875 0.291015625 0.7431640625 0.28515625 0.74072265625 0.2802734375 0.73828125 0.2783203125 0.73291015625 0.2841796875 0.72900390625 0.30078125 0.72900390625 0.3125 0.73095703125 0.31640625 0.73291015625 0.3203125 0.732421875 0.326171875 0.72412109375 0.3330078125 0.7197265625 0.33984375
27 0.28857421875 0.12890625 0.28857421875 0.154296875 0.310546875 0.1591796875 0.31103515625 0.1337890625 0.28857421875 0.12890625
7 0.8076171875 0.9541015625 0.671875 0.9345703125 0.56689453125 0.9228515625 0.58349609375 0.9091796875 0.59033203125 0.8759765625 0.587890625 0.8466796875 0.57373046875 0.82421875 0.55517578125 0.82421875 0.541015625 0.8408203125 0.53515625 0.875 0.54296875 0.91015625 0.5576171875 0.9248046875 0.5283203125 0.927734375 0.40087890625 0.943359375 0.26806640625 0.9697265625 0.18896484375 0.9853515625 0.13232421875 0.9990234375 0.990234375 0.9990234375 0.91943359375 0.978515625 0.8076171875 0.9541015625
12 0 0 0 0.9990234375 0.99951171875 0.9990234375 0.99951171875 0 0 0