2 0.521484375 0.431640625 0.51953125 0.412109375 0.5166015625 0.41015625 0.5146484375 0.40234375 0.5107421875 0.3984375 0.4951171875 0.3984375 0.4931640625 0.39453125 0.4912109375 0.3984375 0.4794921875 0.3984375 0.46875 0.412109375 0.46875 0.419921875 0.4609375 0.443359375 0.4619140625 0.50390625 0.4697265625 0.50390625 0.4775390625 0.4921875 0.5146484375 0.4921875 0.5185546875 0.50390625 0.52734375 0.501953125 0.52734375 0.462890625 0.529296875 0.458984375 0.529296875 0.447265625 0.521484375 0.431640625
2 0.466796875 0.427734375 0.466796875 0.412109375 0.4638671875 0.40625 0.447265625 0.408203125 0.44140625 0.427734375 0.443359375 0.431640625 0.443359375 0.451171875 0.4462890625 0.45703125 0.447265625 0.455078125 0.4580078125 0.453125 0.4609375 0.447265625 0.4609375 0.439453125 0.466796875 0.427734375
2 0.041015625 0.451171875 0.041015625 0.392578125 0.0390625 0.384765625 0.0009765625 0.3828125 0 0.490234375 0.0146484375 0.4921875 0.0166015625 0.49609375 0.0224609375 0.49609375 0.0283203125 0.50390625 0.03515625 0.501953125 0.0390625 0.490234375 0.041015625 0.458984375 0.04296875 0.455078125 0.041015625 0.451171875
2 0.0830078125 0.4921875 0.0859375 0.486328125 0.0859375 0.458984375 0.083984375 0.451171875 0.0771484375 0.43359375 0.0732421875 0.43359375 0.0712890625 0.4296875 0.0458984375 0.43359375 0.04296875 0.439453125 0.04296875 0.458984375 0.041015625 0.462890625 0.041015625 0.478515625 0.0390625 0.486328125 0.0439453125 0.4921875 0.0537109375 0.4921875 0.0556640625 0.49609375 0.0625 0.494140625 0.0654296875 0.48828125 0.0771484375 0.48828125 0.0791015625 0.4921875 0.0830078125 0.4921875
2 0.111328125 0.447265625 0.1044921875 0.43359375 0.0810546875 0.43359375 0.080078125 0.439453125 0.0859375 0.458984375 0.0859375 0.474609375 0.087890625 0.482421875 0.103515625 0.490234375 0.1083984375 0.484375 0.1123046875 0.48828125 0.1171875 0.478515625 0.111328125 0.447265625
2 0.15625 0.474609375 0.15625 0.419921875 0.1513671875 0.40625 0.1142578125 0.40625 0.1123046875 0.41015625 0.1044921875 0.41015625 0.09765625 0.423828125 0.0986328125 0.43359375 0.1064453125 0.43359375 0.109375 0.439453125 0.11328125 0.451171875 0.115234375 0.474609375 0.1181640625 0.48046875 0.1279296875 0.4765625 0.1337890625 0.484375 0.134765625 0.482421875 0.1376953125 0.47265625 0.1474609375 0.47265625 0.1513671875 0.48046875 0.15625 0.474609375
2 0.44140625 0.439453125 0.4375 0.431640625 0.4375 0.416015625 0.4326171875 0.40625 0.4287109375 0.40234375 0.3994140625 0.40234375 0.3955078125 0.40625 0.38671875 0.427734375 0.38671875 0.458984375 0.384765625 0.462890625 0.384765625 0.474609375 0.3876953125 0.484375 0.3974609375 0.484375 0.4013671875 0.4765625 0.4287109375 0.4765625 0.4326171875 0.484375 0.44140625 0.482421875 0.443359375 0.478515625 0.443359375 0.455078125 0.44140625 0.451171875 0.44140625 0.439453125
2 0.2451171875 0.421875 0.2294921875 0.42578125 0.21875 0.447265625 0.2197265625 0.46484375 0.2255859375 0.46484375 0.2275390625 0.4609375 0.2314453125 0.46484375 0.2333984375 0.4609375 0.244140625 0.462890625 0.2509765625 0.4609375 0.25390625 0.447265625 0.25 0.427734375 0.2451171875 0.421875
2 0.3369140625 0.41015625 0.33203125 0.419921875 0.328125 0.439453125 0.330078125 0.451171875 0.33203125 0.451171875 0.353515625 0.447265625 0.353515625 0.419921875 0.3505859375 0.41015625 0.3369140625 0.41015625
2 0.3193359375 0.4140625 0.30859375 0.416015625 0.3095703125 0.44140625 0.326171875 0.439453125 0.3240384140625 0.4258878265625 0.32205010624999997 0.41925514531249997 0.3212890625 0.41796875 0.3193359375 0.4140625
2 0.30859375 0.451171875 0.3094773671875 0.4481112140625 0.3044327546875 0.41356955624999997 0.2908919640625 0.41303815468750005 0.28744038125000004 0.4151637828125 0.28292679062500004 0.41675800937499996 0.28000623125 0.422072109375 0.2765546484375 0.4311060859375 0.2734375 0.447265625 0.2763671875 0.45703125 0.2822265625 0.45703125 0.2841796875 0.453125 0.2861328125 0.45703125 0.287109375 0.455078125 0.2919921875 0.44921875 0.2958984375 0.44921875 0.2978515625 0.453125 0.30859375 0.451171875
4 0.2646484375 0.41015625 0.26171875 0.416015625 0.26171875 0.455078125 0.2646484375 0.4609375 0.267578125 0.458984375 0.26953125 0.455078125 0.271484375 0.423828125 0.26953125 0.416015625 0.2646484375 0.41015625
4 0.640625 0.552734375 0.640625 0.533203125 0.638671875 0.525390625 0.64453125 0.498046875 0.64453125 0.478515625 0.650390625 0.462890625 0.6484375 0.400390625 0.6513671875 0.39453125 0.65625 0.392578125 0.6552734375 0.3828125 0.6474609375 0.3828125 0.642578125 0.373046875 0.64453125 0.337890625 0.6416015625 0.33203125 0.6357421875 0.33203125 0.630859375 0.337890625 0.630859375 0.357421875 0.619140625 0.384765625 0.619140625 0.404296875 0.62109375 0.408203125 0.619140625 0.416015625 0.619140625 0.431640625 0.62109375 0.435546875 0.62109375 0.451171875 0.623046875 0.455078125 0.623046875 0.470703125 0.625 0.474609375 0.625 0.572265625 0.6279296875 0.578125 0.6328125 0.576171875 0.6376953125 0.5703125 0.6484375 0.568359375 0.6484375 0.564453125 0.640625 0.552734375
4 0.697265625 0.498046875 0.69921875 0.494140625 0.69921875 0.431640625 0.701171875 0.427734375 0.705078125 0.396484375 0.703125 0.392578125 0.703125 0.376953125 0.701171875 0.369140625 0.69140625 0.357421875 0.69140625 0.337890625 0.689453125 0.330078125 0.6826171875 0.3203125 0.6787109375 0.32421875 0.67578125 0.333984375 0.6796875 0.365234375 0.673828125 0.380859375 0.673828125 0.404296875 0.671875 0.408203125 0.671875 0.431640625 0.669921875 0.435546875 0.669921875 0.443359375 0.67578125 0.458984375 0.6796875 0.501953125 0.681640625 0.505859375 0.681640625 0.525390625 0.68359375 0.529296875 0.68359375 0.548828125 0.67578125 0.564453125 0.6865234375 0.56640625 0.6884765625 0.5703125 0.693359375 0.568359375 0.6953125 0.564453125 0.6953125 0.537109375 0.697265625 0.533203125 0.697265625 0.498046875
4 0.544921875 0.404296875 0.546875 0.443359375 0.5498046875 0.44921875 0.55078125 0.447265625 0.5546875 0.431640625 0.5546875 0.404296875 0.5517578125 0.39453125 0.544921875 0.404296875
4 0.564453125 0.404296875 0.5625 0.396484375 0.5595703125 0.39453125 0.5546875 0.408203125 0.5546875 0.427734375 0.556640625 0.431640625 0.556640625 0.443359375 0.5625 0.443359375 0.564453125 0.439453125 0.5625 0.431640625 0.564453125 0.423828125 0.564453125 0.404296875
4 0.57421875 0.408203125 0.576171875 0.439453125 0.5791015625 0.44921875 0.58203125 0.447265625 0.587890625 0.423828125 0.587890625 0.400390625 0.5830078125 0.38671875 0.57421875 0.408203125
7 0.4150390625 0.33984375 0.4169921875 0.3359375 0.4306640625 0.3359375 0.4375 0.345703125 0.4375 0.353515625 0.4404296875 0.359375 0.4462890625 0.34765625 0.4560546875 0.34765625 0.46484375 0.333984375 0.46484375 0.302734375 0.4609375 0.294921875 0.4609375 0.275390625 0.458984375 0.267578125 0.453125 0.259765625 0.451171875 0.244140625 0.44140625 0.228515625 0.439453125 0.216796875 0.435546875 0.208984375 0.435546875 0.201171875 0.4296875 0.189453125 0.427734375 0.173828125 0.4150390625 0.171875 0.4111328125 0.16796875 0.408203125 0.158203125 0.40625 0.138671875 0.4033203125 0.1328125 0.3955078125 0.12890625 0.3916015625 0.13671875 0.3837890625 0.1171875 0.3740234375 0.1171875 0.357421875 0.134765625 0.353515625 0.177734375 0.3505859375 0.18359375 0.34375 0.185546875 0.345703125 0.193359375 0.341796875 0.208984375 0.341796875 0.248046875 0.34765625 0.267578125 0.34765625 0.279296875 0.3564453125 0.296875 0.3623046875 0.296875 0.3681640625 0.30859375 0.3759765625 0.3046875 0.3779296875 0.30859375 0.38671875 0.310546875 0.388671875 0.330078125 0.3916015625 0.3359375 0.3984375 0.337890625 0.3974609375 0.3515625 0.3935546875 0.33984375 0.390625 0.341796875 0.390625 0.357421875 0.3935546875 0.36328125 0.3955078125 0.35546875 0.3984375 0.357421875 0.3984375 0.376953125 0.3955078125 0.37890625 0.3916015625 0.375 0.390625 0.388671875 0.404296875 0.392578125 0.40625 0.388671875 0.40625 0.337890625 0.4091796875 0.328125 0.4150390625 0.33984375
7 0.3447265625 0.34375 0.353515625 0.326171875 0.353515625 0.314453125 0.345703125 0.287109375 0.345703125 0.259765625 0.3388671875 0.24609375 0.3349609375 0.24609375 0.33203125 0.236328125 0.3193359375 0.21484375 0.3115234375 0.21484375 0.310546875 0.240234375 0.318359375 0.255859375 0.318359375 0.353515625 0.3232421875 0.36328125 0.3271484375 0.36328125 0.3291015625 0.3671875 0.33203125 0.365234375 0.337890625 0.357421875 0.337890625 0.349609375 0.3408203125 0.34375 0.3447265625 0.34375
5 0 0.56468724375 0.0029296875 0.57054661875 0.0166015625 0.56664036875 0.01953125 0.57249974375 0.0029296875 0.57445286875 0 0.58031224375 0.0009765625 0.9963278687500001 0.6220703125 0.9963278687500001 0.6240234375 0.9924216187500001 0.6259765625 0.9963278687500001 0.8828125 0.9943747437500001 0.8935546875 0.9924216187500001 0.8955078125 0.9885153687500001 0.9033203125 0.9924216187500001 0.904296875 0.9865622437500001 0.8935546875 0.9846091187500001 0.8896484375 0.9767966187500001 0.8818359375 0.9767966187500001 0.8798828125 0.9728903687500001 0.8486328125 0.9689841187500001 0.8466796875 0.9650778687500001 0.8388671875 0.9650778687500001 0.8349609375 0.9611716187500001 0.8271484375 0.9416403687500001 0.8193359375 0.9338278687500001 0.8076171875 0.9103903687500001 0.7978515625 0.9025778687500001 0.7939453125 0.8908591187500001 0.7783203125 0.8713278687500001 0.7724609375 0.8557028687500001 0.7587890625 0.8361716187500001 0.7578125 0.8303122437500001 0.7451171875 0.8088278687500001 0.7392578125 0.8049216187500001 0.7294921875 0.78539036875 0.7216796875 0.77757786875 0.708984375 0.75218724375 0.7109375 0.74828099375 0.7099609375 0.74632786875 0.7060546875 0.74632786875 0.7001953125 0.73851536875 0.6572265625 0.66429661875 0.6435546875 0.64867161875 0.6162109375 0.59789036875 0.6103515625 0.59398411875 0.5927734375 0.56273411875 0.5849609375 0.55492161875 0.578125 0.53734349375 0.5654296875 0.51976536875 0.5615234375 0.50804661875 0.5517578125 0.50023411875 0.5439453125 0.48460911875 0.5361328125 0.47679661875 0.53125 0.48265599375 0.53125 0.50218724375 0.5283203125 0.50804661875 0.5185546875 0.50804661875 0.5087890625 0.50023411875 0.4853515625 0.50023411875 0.4755859375 0.50804661875 0.4619140625 0.50804661875 0.4599609375 0.50414036875 0.453125 0.50218724375 0.455078125 0.48265599375 0.4501953125 0.46898411875 0.4443359375 0.48460911875 0.4384765625 0.48460911875 0.4365234375 0.48851536875 0.4306640625 0.48851536875 0.4287109375 0.48460911875 0.3876953125 0.48851536875 0.3720703125 0.46507786875 0.3623046875 0.46507786875 0.3603515625 0.46898411875 0.3466796875 0.46898411875 0.3427734375 0.47289036875 0.3388671875 0.48460911875 0.3359375 0.48265599375 0.3349609375 0.46898411875 0.3310546875 0.47679661875 0.3154296875 0.47289036875 0.3115234375 0.48070286875 0.2978515625 0.48070286875 0.2958984375 0.48460911875 0.2783203125 0.48851536875 0.2763671875 0.49242161875 0.2626953125 0.49242161875 0.26171875 0.48656224375 0.2666015625 0.48460911875 0.2666015625 0.47679661875 0.2607421875 0.47679661875 0.2548828125 0.48460911875 0.2529296875 0.48070286875 0.2431640625 0.48070286875 0.2421875 0.47874974375 0.244140625 0.47484349375 0.2392578125 0.47289036875 0.2392578125 0.48070286875 0.2236328125 0.48460911875 0.2216796875 0.48851536875 0.1728515625 0.49242161875 0.169921875 0.49828099375 0.1748046875 0.50023411875 0.1767578125 0.50804661875 0.1865234375 0.50804661875 0.1884765625 0.50414036875 0.1943359375 0.50804661875 0.1962890625 0.50414036875 0.2099609375 0.50414036875 0.2119140625 0.50023411875 0.2353515625 0.50023411875 0.2373046875 0.49632786875 0.244140625 0.49828099375 0.2373046875 0.50414036875 0.2197265625 0.50804661875 0.2177734375 0.51195286875 0.1943359375 0.51585911875 0.1845703125 0.52367161875 0.1611328125 0.52367161875 0.1572265625 0.52757786875 0.154296875 0.52171849375 0.15625 0.50999974375 0.1533203125 0.50414036875 0.1435546875 0.51195286875 0.1416015625 0.50804661875 0.1357421875 0.50804661875 0.1337890625 0.51195286875 0.1318359375 0.50804661875 0.1298828125 0.51195286875 0.1162109375 0.51195286875 0.1142578125 0.51585911875 0.1103515625 0.51585911875 0.1083984375 0.51195286875 0.0986328125 0.51195286875 0.0947265625 0.51585911875 0.091796875 0.50999974375 0.09375 0.50609349375 0.0927734375 0.50023411875 0.0791015625 0.50023411875 0.0771484375 0.50414036875 0.0654296875 0.50023411875 0.0634765625 0.50414036875 0.0556640625 0.50414036875 0.0537109375 0.50804661875 0.0458984375 0.50804661875 0.0439453125 0.51195286875 0.0400390625 0.50804661875 0.0244140625 0.50804661875 0.01953125 0.51390599375 0.0224609375 0.51585911875 0.0244140625 0.52367161875 0.0341796875 0.52367161875 0.0419921875 0.51585911875 0.0458984375 0.51585911875 0.0498046875 0.52367161875 0.0517578125 0.51976536875 0.052734375 0.52171849375 0.0419921875 0.53539036875 0.0380859375 0.53148411875 0.0244140625 0.53148411875 0.0224609375 0.53539036875 0.0126953125 0.53539036875 0.0107421875 0.53929661875 0 0.54124974375 0 0.56468724375