4 0.4384765625 0.4375 0.435546875 0.462890625 0.4375 0.466796875 0.4375 0.478515625 0.44140625 0.478515625 0.443359375 0.474609375 0.4453125 0.451171875 0.443359375 0.443359375 0.4384765625 0.4375
4 0.45703125 0.451171875 0.4521484375 0.43359375 0.44921875 0.435546875 0.4453125 0.455078125 0.4453125 0.486328125 0.447265625 0.486328125 0.44921875 0.482421875 0.44921875 0.462890625 0.4541015625 0.4609375 0.45703125 0.451171875
2 0.3564453125 0.51171875 0.3583984375 0.50390625 0.3759765625 0.50390625 0.3798828125 0.5078125 0.3818359375 0.515625 0.3896484375 0.515625 0.392578125 0.509765625 0.392578125 0.501953125 0.39453125 0.498046875 0.39453125 0.458984375 0.390625 0.443359375 0.3828125 0.431640625 0.3818359375 0.421875 0.3720703125 0.41015625 0.3310546875 0.41015625 0.3212890625 0.41796875 0.3125 0.443359375 0.3076171875 0.4453125 0.30078125 0.458984375 0.296875 0.478515625 0.296875 0.501953125 0.2998046875 0.51171875 0.3076171875 0.51171875 0.3154296875 0.5 0.3173828125 0.50390625 0.3271484375 0.50390625 0.3310546875 0.51953125 0.337890625 0.517578125 0.3408203125 0.515625 0.3447265625 0.50390625 0.3525390625 0.515625 0.3564453125 0.51171875
2 0.1376953125 0.421875 0.1279296875 0.421875 0.1259765625 0.41796875 0.1005859375 0.41796875 0.0986328125 0.421875 0.0888671875 0.42578125 0.0859375 0.431640625 0.0859375 0.439453125 0.08984375 0.451171875 0.08984375 0.462890625 0.0703125 0.470703125 0.0703125 0.482421875 0.0732421875 0.48828125 0.0771484375 0.48828125 0.0830078125 0.48046875 0.0927734375 0.48046875 0.0947265625 0.484375 0.0966796875 0.48046875 0.1005859375 0.48046875 0.1044921875 0.48828125 0.1123046875 0.48828125 0.1162109375 0.48046875 0.1279296875 0.48046875 0.1376953125 0.48828125 0.146484375 0.486328125 0.1484375 0.478515625 0.1484375 0.451171875 0.146484375 0.443359375 0.1376953125 0.421875
6 0.044921875 0.267578125 0.03515625 0.302734375 0.029296875 0.314453125 0.02734375 0.326171875 0.01953125 0.345703125 0.0205078125 0.359375 0.08203125 0.357421875 0.08203125 0.345703125 0.078125 0.330078125 0.0537109375 0.25390625 0.044921875 0.267578125
6 0.0869140625 0.46484375 0.08984375 0.458984375 0.08984375 0.451171875 0.064453125 0.380859375 0.0556640625 0.36328125 0.0546875 0.369140625 0.048828125 0.376953125 0.03515625 0.435546875 0.03125 0.443359375 0.02734375 0.470703125 0.060546875 0.474609375 0.0634765625 0.46875 0.0810546875 0.46875 0.0830078125 0.46484375 0.0869140625 0.46484375
4 0.923828125 0.462890625 0.923828125 0.451171875 0.919921875 0.439453125 0.9189453125 0.42578125 0.9150390625 0.42578125 0.9111328125 0.4375 0.9052734375 0.44140625 0.900390625 0.451171875 0.90234375 0.458984375 0.900390625 0.494140625 0.90234375 0.494140625 0.9033203125 0.484375 0.9072265625 0.484375 0.91015625 0.490234375 0.912109375 0.529296875 0.916015625 0.529296875 0.916015625 0.521484375 0.91796875 0.517578125 0.91796875 0.474609375 0.923828125 0.462890625
1 0.9052734375 0.48046875 0.900390625 0.490234375 0.8984375 0.509765625 0.89453125 0.517578125 0.8955078125 0.53125 0.8994140625 0.53515625 0.904296875 0.533203125 0.912109375 0.501953125 0.912109375 0.490234375 0.9091796875 0.48046875 0.9052734375 0.48046875
2 0.810546875 0.470703125 0.8056640625 0.4609375 0.7998046875 0.4609375 0.7841796875 0.44140625 0.7548828125 0.4375 0.7509765625 0.4453125 0.7490234375 0.44140625 0.7353515625 0.4609375 0.7275390625 0.46484375 0.72265625 0.474609375 0.72265625 0.486328125 0.7294921875 0.49609375 0.7392578125 0.49609375 0.7412109375 0.5 0.79296875 0.501953125 0.7998046875 0.48828125 0.8056640625 0.48828125 0.810546875 0.478515625 0.810546875 0.470703125
2 1 0.482421875 0.9912109375 0.48046875 0.9892578125 0.4765625 0.9716796875 0.4765625 0.958984375 0.490234375 0.9599609375 0.50390625 0.9814453125 0.50390625 0.9833984375 0.5078125 1 0.505859375 1 0.482421875
2 0.8935546875 0.4453125 0.8642578125 0.44140625 0.8486328125 0.45703125 0.84375 0.466796875 0.8466796875 0.4921875 0.8525390625 0.4921875 0.8544921875 0.49609375 0.8818359375 0.49609375 0.8837890625 0.5 0.896484375 0.498046875 0.900390625 0.478515625 0.900390625 0.458984375 0.8984375 0.451171875 0.8935546875 0.4453125
7 0.8154296875 0 0.8095703125 0.01171875 0.8076171875 0.0078125 0.80078125 0.009765625 0.798828125 0.021484375 0.802734375 0.033203125 0.802734375 0.044921875 0.796875 0.060546875 0.796875 0.068359375 0.798828125 0.072265625 0.798828125 0.095703125 0.7919921875 0.1171875 0.7841796875 0.12109375 0.77734375 0.130859375 0.767578125 0.166015625 0.759765625 0.177734375 0.755859375 0.193359375 0.7578125 0.197265625 0.755859375 0.201171875 0.755859375 0.220703125 0.748046875 0.240234375 0.74609375 0.255859375 0.755859375 0.271484375 0.755859375 0.279296875 0.76171875 0.302734375 0.76171875 0.322265625 0.7666015625 0.33984375 0.7705078125 0.3359375 0.7880859375 0.3359375 0.7919921875 0.33984375 0.7998046875 0.32421875 0.8046875 0.333984375 0.802734375 0.361328125 0.794921875 0.380859375 0.794921875 0.408203125 0.796875 0.416015625 0.8037109375 0.42578125 0.8173828125 0.42578125 0.8232421875 0.43359375 0.82421875 0.435546875 0.822265625 0.439453125 0.8251953125 0.44921875 0.828125 0.443359375 0.828125 0.435546875 0.8330078125 0.43359375 0.8359375 0.439453125 0.8359375 0.451171875 0.837890625 0.455078125 0.837890625 0.486328125 0.83984375 0.490234375 0.83984375 0.498046875 0.84375 0.498046875 0.845703125 0.431640625 0.8486328125 0.42578125 0.8662109375 0.42578125 0.8681640625 0.421875 0.8759765625 0.421875 0.8798828125 0.41796875 0.88671875 0.400390625 0.888671875 0.373046875 0.876953125 0.353515625 0.876953125 0.341796875 0.896484375 0.314453125 0.896484375 0.298828125 0.8984375 0.294921875 0.8984375 0.232421875 0.900390625 0.228515625 0.900390625 0.205078125 0.90234375 0.201171875 0.90234375 0.166015625 0.904296875 0.162109375 0.904296875 0.150390625 0.90625 0.146484375 0.908203125 0.126953125 0.90625 0.119140625 0.896484375 0.103515625 0.896484375 0.095703125 0.880859375 0.060546875 0.880859375 0.044921875 0.8701171875 0.02734375 0.8662109375 0.02734375 0.8544921875 0 0.8154296875 0
7 0.9794921875 0 0.974609375 0.025390625 0.96875 0.029296875 0.962890625 0.072265625 0.94921875 0.095703125 0.94921875 0.103515625 0.9345703125 0.12890625 0.9306640625 0.125 0.9189453125 0.125 0.91796875 0.130859375 0.912109375 0.138671875 0.91015625 0.158203125 0.908203125 0.162109375 0.908203125 0.193359375 0.90625 0.197265625 0.90625 0.224609375 0.904296875 0.228515625 0.90625 0.298828125 0.908203125 0.306640625 0.9208984375 0.328125 0.9365234375 0.33203125 0.9462890625 0.3203125 0.953125 0.326171875 0.955078125 0.333984375 0.955078125 0.482421875 0.958984375 0.482421875 0.958984375 0.439453125 0.9609375 0.435546875 0.9609375 0.400390625 0.958984375 0.396484375 0.958984375 0.373046875 0.9609375 0.369140625 0.958984375 0.361328125 0.9609375 0.357421875 0.9609375 0.333984375 0.96875 0.322265625 0.96875 0.283203125 0.9736328125 0.27734375 1 0.275390625 0.9990234375 0 0.9794921875 0
7 0.212890625 0.423828125 0.216796875 0.416015625 0.216796875 0.396484375 0.220703125 0.380859375 0.2353515625 0.35546875 0.2529296875 0.34765625 0.2568359375 0.33984375 0.2626953125 0.3359375 0.2763671875 0.36328125 0.28125 0.357421875 0.28125 0.345703125 0.27734375 0.333984375 0.27734375 0.326171875 0.271484375 0.298828125 0.2734375 0.279296875 0.2646484375 0.265625 0.2568359375 0.265625 0.2509765625 0.25 0.2412109375 0.25 0.2392578125 0.24609375 0.2255859375 0.25 0.2216796875 0.24609375 0.21875 0.240234375 0.220703125 0.216796875 0.2119140625 0.20703125 0.2080078125 0.20703125 0.2060546875 0.2109375 0.1689453125 0.20703125 0.1669921875 0.2109375 0.1494140625 0.21484375 0.14453125 0.224609375 0.14453125 0.251953125 0.146484375 0.255859375 0.146484375 0.263671875 0.1435546875 0.26953125 0.1396484375 0.26953125 0.1328125 0.287109375 0.134765625 0.291015625 0.125 0.330078125 0.125 0.361328125 0.1279296875 0.37109375 0.1376953125 0.375 0.1396484375 0.37890625 0.1552734375 0.37890625 0.1572265625 0.3828125 0.1787109375 0.37890625 0.1806640625 0.3828125 0.1943359375 0.38671875 0.197265625 0.392578125 0.197265625 0.416015625 0.19921875 0.419921875 0.19921875 0.435546875 0.201171875 0.439453125 0.201171875 0.458984375 0.2041015625 0.46484375 0.208984375 0.462890625 0.212890625 0.447265625 0.2109375 0.443359375 0.212890625 0.439453125 0.212890625 0.423828125
7 0.49609375 0.392578125 0.4853515625 0.37890625 0.482421875 0.388671875 0.482421875 0.462890625 0.484375 0.466796875 0.4853515625 0.484375 0.4892578125 0.484375 0.4912109375 0.48046875 0.4931640625 0.484375 0.494140625 0.482421875 0.4970703125 0.48046875 0.5 0.470703125 0.5 0.408203125 0.49609375 0.392578125
7 0.4423828125 0.3828125 0.44140625 0.388671875 0.443359375 0.392578125 0.443359375 0.400390625 0.44140625 0.404296875 0.44140625 0.412109375 0.4375 0.419921875 0.4375 0.431640625 0.4443359375 0.44140625 0.4501953125 0.43359375 0.453125 0.435546875 0.45703125 0.447265625 0.45703125 0.462890625 0.4619140625 0.484375 0.4765625 0.482421875 0.4765625 0.380859375 0.4658203125 0.375 0.4638671875 0.37890625 0.4423828125 0.3828125
5 0.9462890625 0.61328125 0.9443359375 0.609375 0.9306640625 0.609375 0.9287109375 0.60546875 0.9072265625 0.60546875 0.8994140625 0.59765625 0.8759765625 0.59765625 0.8740234375 0.59375 0.8349609375 0.58984375 0.8330078125 0.5859375 0.8212890625 0.5859375 0.8193359375 0.58203125 0.7998046875 0.58203125 0.7939453125 0.57421875 0.7919921875 0.578125 0.7900390625 0.57421875 0.7822265625 0.57421875 0.7822265625 0.56640625 0.7705078125 0.56640625 0.7666015625 0.5703125 0.765625 0.560546875 0.7626953125 0.5546875 0.7607421875 0.55859375 0.7587890625 0.5546875 0.7548828125 0.5546875 0.7529296875 0.55859375 0.75 0.552734375 0.7509765625 0.546875 0.7587890625 0.546875 0.7587890625 0.5390625 0.7509765625 0.5390625 0.7490234375 0.53515625 0.734375 0.529296875 0.7353515625 0.5234375 0.7431640625 0.5234375 0.74609375 0.517578125 0.7451171875 0.515625 0.7197265625 0.515625 0.7177734375 0.51953125 0.6982421875 0.51953125 0.6962890625 0.515625 0.6162109375 0.51953125 0.6142578125 0.515625 0.5869140625 0.515625 0.5849609375 0.51171875 0.5810546875 0.515625 0.5771484375 0.51171875 0.5732421875 0.515625 0.5712890625 0.51171875 0.5498046875 0.51171875 0.544921875 0.517578125 0.544921875 0.521484375 0.548828125 0.525390625 0.5478515625 0.52734375 0.5400390625 0.52734375 0.5400390625 0.51953125 0.5126953125 0.51953125 0.5107421875 0.515625 0.4794921875 0.515625 0.4775390625 0.51171875 0.4423828125 0.51171875 0.4404296875 0.5078125 0.4248046875 0.5078125 0.4228515625 0.50390625 0.3974609375 0.50390625 0.39453125 0.513671875 0.3876953125 0.5234375 0.3837890625 0.5234375 0.3740234375 0.51171875 0.3681640625 0.51171875 0.3662109375 0.5078125 0.3642578125 0.51171875 0.3603515625 0.51171875 0.3564453125 0.51953125 0.3447265625 0.51953125 0.3369140625 0.52734375 0.3193359375 0.5078125 0.3134765625 0.5078125 0.3095703125 0.515625 0.2998046875 0.515625 0.2939453125 0.49609375 0.2626953125 0.49609375 0.2607421875 0.4921875 0.2568359375 0.49609375 0.2529296875 0.4921875 0.2021484375 0.4921875 0.2001953125 0.48828125 0.1611328125 0.48828125 0.1572265625 0.484375 0.1533203125 0.48828125 0.1513671875 0.49609375 0.1005859375 0.49609375 0.0966796875 0.4921875 0.091796875 0.501953125 0.0986328125 0.51171875 0.1064453125 0.51171875 0.1162109375 0.51953125 0.1259765625 0.51953125 0.1337890625 0.52734375 0.1455078125 0.52734375 0.1552734375 0.53515625 0.1650390625 0.53515625 0.1708984375 0.54296875 0.1865234375 0.546875 0.2041015625 0.5625 0.2158203125 0.56640625 0.2197265625 0.57421875 0.2255859375 0.578125 0.234375 0.595703125 0.23828125 0.611328125 0.23828125 0.642578125 0.236328125 0.646484375 0.234375 0.666015625 0.22265625 0.701171875 0.2109375 0.724609375 0.20703125 0.740234375 0.1572265625 0.83984375 0.1474609375 0.8515625 0.14453125 0.861328125 0.1259765625 0.890625 0.1220703125 0.90234375 0.0693359375 0.984375 0.0693359375 0.99609375 1 0.994140625 0.9990234375 0.625 0.9677734375 0.62109375 0.9619140625 0.61328125 0.9462890625 0.61328125