2 0 0.5224609375 0.11767578125 0.4931640625 0.42041015625 0.44140625 0.4970703125 0.447265625 0.54833984375 0.4384765625 0.6240234375 0.447265625 0.67138671875 0.44921875 0.81787109375 0.478515625 0.99853515625 0.5966796875 0.99853515625 0.001953125 0.63818359375 0.001953125 0.63427734375 0.0087890625 0.6337890625 0.0869140625 0.63330078125 0.1416015625 0.61767578125 0.1396484375 0.61376953125 0.146484375 0.61376953125 0.2158203125 0.60693359375 0.2265625 0.60009765625 0.220703125 0.5986328125 0.2314453125 0.60009765625 0.2373046875 0.60009765625 0.2451171875 0.595703125 0.2529296875 0.59619140625 0.27734375 0.595703125 0.2900390625 0.5859375 0.3056640625 0.57666015625 0.3056640625 0.55419921875 0.337890625 0.53857421875 0.3388671875 0.5263671875 0.3427734375 0.52685546875 0.306640625 0.52685546875 0.2587890625 0.525390625 0.2587890625 0.5244140625 0.25390625 0.52099609375 0.24609375 0.51708984375 0.240234375 0.51708984375 0.2255859375 0.4951171875 0.2177734375 0.48291015625 0.2158203125 0.4609375 0.2158203125 0.4609375 0.224609375 0.45556640625 0.224609375 0.447265625 0.2119140625 0.44287109375 0.197265625 0.439453125 0.1826171875 0.43310546875 0.181640625 0.4326171875 0.1689453125 0.4296875 0.1640625 0.42919921875 0.1240234375 0.4326171875 0.1181640625 0.42626953125 0.1044921875 0.42578125 0.083984375 0.427734375 0.0791015625 0.42578125 0.068359375 0.419921875 0.06640625 0.4130859375 0.0146484375 0.39208984375 0.0146484375 0.38720703125 0 0 0.0009765625 0 0.5224609375
21 0.52099609375 0.3154296875 0.51953125 0.3173828125 0.517578125 0.3193359375 0.515625 0.3232421875 0.509765625 0.3212890625 0.5068359375 0.32421875 0.5048828125 0.31640625 0.50341796875 0.314453125 0.501953125 0.318359375 0.5 0.3271484375 0.5 0.3447265625 0.50048828125 0.3515625 0.49853515625 0.36328125 0.4990234375 0.37109375 0.50048828125 0.37890625 0.4990234375 0.3837890625 0.4990234375 0.390625 0.5 0.3974609375 0.501953125 0.4033203125 0.505859375 0.4208984375 0.513671875 0.4208984375 0.52294921875 0.4208984375 0.52978515625 0.4208984375 0.53662109375 0.419921875 0.54296875 0.421875 0.548828125 0.4208984375 0.5537109375 0.4208984375 0.5556640625 0.4228515625 0.5615234375 0.421875 0.564453125 0.4140625 0.57177734375 0.404296875 0.57470703125 0.3974609375 0.5751953125 0.3857421875 0.58056640625 0.3759765625 0.58251953125 0.369140625 0.5849609375 0.3642578125 0.58740234375 0.357421875 0.583984375 0.3544921875 0.5830078125 0.3486328125 0.58251953125 0.3388671875 0.5791015625 0.330078125 0.5703125 0.3251953125 0.568359375 0.3125 0.56494140625 0.3125 0.5615234375 0.3134765625 0.560546875 0.3212890625 0.55908203125 0.32421875 0.5546875 0.3291015625 0.5498046875 0.33984375 0.54833984375 0.345703125 0.5498046875 0.3505859375 0.54833984375 0.3603515625 0.54736328125 0.369140625 0.544921875 0.3701171875 0.54150390625 0.3681640625 0.5400390625 0.3603515625 0.54248046875 0.3525390625 0.54150390625 0.33984375 0.54052734375 0.3359375 0.537109375 0.3330078125 0.53271484375 0.3291015625 0.52734375 0.32421875 0.52490234375 0.31640625 0.5234375 0.3154296875 0.52099609375 0.3154296875
13 0.998046875 0.9970703125 0.998046875 0.59375 0.7333984375 0.4658203125 0.6669921875 0.4443359375 0.63623046875 0.4287109375 0.58154296875 0.4267578125 0.546875 0.4326171875 0.4990234375 0.431640625 0.42431640625 0.572265625 0.125 0.998046875 0.998046875 0.9970703125
13 0 0.8603515625 0.126953125 0.748046875 0.40087890625 0.470703125 0.23193359375 0.4404296875 0.10791015625 0.50390625 0 0.5400390625 0 0.8603515625
15 0.5576171875 0.3876953125 0.55322265625 0.3876953125 0.552734375 0.3994140625 0.55712890625 0.3984375 0.5576171875 0.3876953125
4 0.5478515625 0.4443359375 0.55322265625 0.4423828125 0.5556640625 0.4404296875 0.55712890625 0.4306640625 0.54931640625 0.4306640625 0.54638671875 0.4365234375 0.54541015625 0.44140625 0.5478515625 0.4443359375
4 0.541015625 0.4375 0.54248046875 0.44140625 0.54638671875 0.44140625 0.54833984375 0.4384765625 0.55029296875 0.4326171875 0.55078125 0.4296875 0.55078125 0.423828125 0.55029296875 0.4189453125 0.5478515625 0.4140625 0.5458984375 0.412109375 0.53955078125 0.4091796875 0.5380859375 0.4169921875 0.53857421875 0.427734375 0.541015625 0.4375
4 0.55712890625 0.4501953125 0.5595703125 0.4521484375 0.5634765625 0.44921875 0.56982421875 0.41015625 0.583984375 0.4130859375 0.58349609375 0.400390625 0.578125 0.3955078125 0.5673828125 0.3955078125 0.5615234375 0.400390625 0.55908203125 0.4140625 0.5576171875 0.4248046875 0.55712890625 0.4501953125
4 0.56103515625 0.45703125 0.56494140625 0.4599609375 0.56884765625 0.455078125 0.5771484375 0.451171875 0.587890625 0.4091796875 0.58154296875 0.40625 0.56982421875 0.40625 0.5673828125 0.4072265625 0.56591796875 0.4140625 0.56103515625 0.431640625 0.5595703125 0.4453125 0.560546875 0.4521484375 0.56103515625 0.45703125
21 0.6025390625 0.3515625 0.5927734375 0.361328125 0.58740234375 0.376953125 0.5859375 0.3994140625 0.58740234375 0.4072265625 0.595703125 0.4072265625 0.60205078125 0.408203125 0.607421875 0.4013671875 0.61083984375 0.37890625 0.6220703125 0.3798828125 0.626953125 0.3818359375 0.6279296875 0.3779296875 0.62841796875 0.3720703125 0.6279296875 0.365234375 0.6259765625 0.361328125 0.62109375 0.359375 0.6201171875 0.3505859375 0.61865234375 0.345703125 0.6171875 0.341796875 0.61572265625 0.33984375 0.6142578125 0.3330078125 0.61328125 0.330078125 0.609375 0.326171875 0.60205078125 0.328125 0.59521484375 0.3369140625 0.5966796875 0.345703125 0.6025390625 0.3515625
4 0.64453125 0.4287109375 0.64111328125 0.416015625 0.6328125 0.41796875 0.63427734375 0.443359375 0.64453125 0.4423828125 0.64453125 0.4287109375
16 0.634765625 0.380859375 0.63623046875 0.3837890625 0.6396484375 0.3837890625 0.642578125 0.37890625 0.642578125 0.3720703125 0.6376953125 0.3701171875 0.63525390625 0.3720703125 0.634765625 0.3779296875 0.634765625 0.380859375
14 0.69189453125 0.45703125 0.68310546875 0.4287109375 0.6728515625 0.4287109375 0.64208984375 0.4453125 0.6337890625 0.447265625 0.63232421875 0.453125 0.634765625 0.4580078125 0.65625 0.462890625 0.6669921875 0.46875 0.67919921875 0.4736328125 0.69189453125 0.45703125
14 0 0.5595703125 0.10400390625 0.53125 0.1572265625 0.513671875 0.17578125 0.5087890625 0.1767578125 0.4560546875 0.1474609375 0.4677734375 0.041015625 0.490234375 0 0.498046875 0 0.5595703125
14 0 0.99609375 0.16064453125 0.998046875 0.1845703125 0.9677734375 0.2392578125 0.896484375 0.31689453125 0.7998046875 0.34423828125 0.755859375 0.36767578125 0.7197265625 0.38232421875 0.693359375 0.40771484375 0.6357421875 0.4375 0.5712890625 0.474609375 0.5009765625 0.5 0.451171875 0.50830078125 0.427734375 0.50341796875 0.4208984375 0.4638671875 0.41015625 0.4453125 0.4189453125 0.408203125 0.45703125 0.345703125 0.498046875 0.3330078125 0.5126953125 0.30029296875 0.5556640625 0.2080078125 0.6259765625 0.19091796875 0.64453125 0.11181640625 0.7099609375 0.04052734375 0.7646484375 0 0.7939453125 0 0.99609375
18 0.42919921875 0.283203125 0.42822265625 0.27734375 0.4091796875 0.2744140625 0.40380859375 0.2763671875 0.39990234375 0.28515625 0.4072265625 0.287109375 0.4130859375 0.294921875 0.4140625 0.302734375 0.41455078125 0.3134765625 0.40185546875 0.2958984375 0.392578125 0.287109375 0.376953125 0.2705078125 0.357421875 0.2431640625 0.35888671875 0.2275390625 0.361328125 0.2109375 0.3720703125 0.208984375 0.37548828125 0.205078125 0.3671875 0.189453125 0.33056640625 0.1845703125 0.29345703125 0.517578125 0.2998046875 0.53125 0.32666015625 0.529296875 0.33740234375 0.509765625 0.361328125 0.490234375 0.40185546875 0.46484375 0.423828125 0.4521484375 0.45947265625 0.4375 0.46142578125 0.3916015625 0.46142578125 0.373046875 0.4599609375 0.36328125 0.45703125 0.3505859375 0.447265625 0.345703125 0.4345703125 0.333984375 0.427734375 0.326171875 0.42236328125 0.314453125 0.42529296875 0.3017578125 0.4267578125 0.29296875 0.42919921875 0.283203125
16 0.4853515625 0.34765625 0.4853515625 0.3544921875 0.48779296875 0.357421875 0.48974609375 0.357421875 0.4931640625 0.357421875 0.49560546875 0.3515625 0.4931640625 0.34375 0.490234375 0.341796875 0.4873046875 0.341796875 0.4853515625 0.34765625
9 0.484375 0.3916015625 0.4833984375 0.396484375 0.48388671875 0.4013671875 0.48291015625 0.4072265625 0.48291015625 0.41015625 0.48388671875 0.4130859375 0.48681640625 0.4140625 0.4892578125 0.4140625 0.4912109375 0.4130859375 0.49169921875 0.4111328125 0.49169921875 0.408203125 0.49169921875 0.404296875 0.4892578125 0.3994140625 0.48876953125 0.390625 0.48583984375 0.3896484375 0.484375 0.3916015625
9 0.4423828125 0.3828125 0.44091796875 0.3896484375 0.44384765625 0.39453125 0.44384765625 0.400390625 0.44482421875 0.4072265625 0.44482421875 0.4150390625 0.447265625 0.41796875 0.45263671875 0.4169921875 0.45703125 0.4150390625 0.458984375 0.408203125 0.458984375 0.4013671875 0.45849609375 0.396484375 0.45751953125 0.3876953125 0.45654296875 0.3828125 0.455078125 0.376953125 0.45361328125 0.373046875 0.45361328125 0.3681640625 0.45361328125 0.365234375 0.45263671875 0.361328125 0.44970703125 0.359375 0.4482421875 0.361328125 0.44677734375 0.3681640625 0.44677734375 0.375 0.44482421875 0.37890625 0.4423828125 0.3828125
9 0.43017578125 0.3984375 0.42919921875 0.4033203125 0.42919921875 0.408203125 0.42919921875 0.4169921875 0.43017578125 0.4228515625 0.43505859375 0.4208984375 0.44189453125 0.4208984375 0.4453125 0.4150390625 0.44580078125 0.40625 0.44677734375 0.400390625 0.44580078125 0.390625 0.44287109375 0.3857421875 0.443359375 0.3798828125 0.4423828125 0.373046875 0.4375 0.373046875 0.43505859375 0.3779296875 0.4345703125 0.38671875 0.43017578125 0.3984375
9 0.41455078125 0.3818359375 0.4140625 0.388671875 0.412109375 0.3935546875 0.412109375 0.396484375 0.41357421875 0.400390625 0.41552734375 0.40234375 0.41552734375 0.412109375 0.416015625 0.421875 0.416015625 0.4306640625 0.41650390625 0.4384765625 0.41748046875 0.447265625 0.419921875 0.455078125 0.42333984375 0.4541015625 0.4267578125 0.443359375 0.4267578125 0.423828125 0.42626953125 0.4111328125 0.42529296875 0.4033203125 0.4306640625 0.4052734375 0.43115234375 0.40234375 0.43017578125 0.400390625 0.42822265625 0.3984375 0.42578125 0.39453125 0.42431640625 0.390625 0.42333984375 0.384765625 0.42138671875 0.37890625 0.42041015625 0.373046875 0.41796875 0.3720703125 0.416015625 0.375 0.4150390625 0.376953125 0.41455078125 0.3818359375
15 0.6044921875 0.287109375 0.6044921875 0.29296875 0.6044921875 0.2998046875 0.60888671875 0.2998046875 0.60986328125 0.2890625 0.61083984375 0.2783203125 0.60888671875 0.271484375 0.6025390625 0.271484375 0.60302734375 0.2783203125 0.603515625 0.2841796875 0.6044921875 0.287109375
15 0.658203125 0.404296875 0.658203125 0.3671875 0.65234375 0.3671875 0.65283203125 0.38671875 0.65380859375 0.4072265625 0.658203125 0.404296875
16 0.6611328125 0.376953125 0.66455078125 0.3896484375 0.67041015625 0.3759765625 0.67236328125 0.369140625 0.6689453125 0.3681640625 0.6708984375 0.3642578125 0.6708984375 0.357421875 0.67041015625 0.3525390625 0.66845703125 0.3486328125 0.66552734375 0.349609375 0.66259765625 0.353515625 0.662109375 0.3583984375 0.66259765625 0.3642578125 0.6650390625 0.3681640625 0.662109375 0.3662109375 0.66015625 0.3662109375 0.6611328125 0.376953125
4 0.5029296875 0.404296875 0.50341796875 0.4091796875 0.5078125 0.4150390625 0.53955078125 0.408203125 0.53857421875 0.39453125 0.537109375 0.3896484375 0.53564453125 0.38671875 0.51123046875 0.3876953125 0.50927734375 0.3935546875 0.50732421875 0.4013671875 0.5029296875 0.404296875
4 0.5361328125 0.4619140625 0.537109375 0.4677734375 0.54248046875 0.46875 0.54296875 0.455078125 0.5439453125 0.4306640625 0.541015625 0.4169921875 0.5419921875 0.408203125 0.54150390625 0.4052734375 0.53857421875 0.3994140625 0.53515625 0.3955078125 0.52734375 0.3935546875 0.52001953125 0.392578125 0.509765625 0.3935546875 0.5078125 0.4013671875 0.50439453125 0.40234375 0.50244140625 0.40625 0.50390625 0.41015625 0.505859375 0.41015625 0.50537109375 0.4287109375 0.50341796875 0.4384765625 0.50390625 0.4482421875 0.50390625 0.46484375 0.5087890625 0.466796875 0.509765625 0.4609375 0.5361328125 0.4619140625
4 0.61474609375 0.423828125 0.6181640625 0.4375 0.619140625 0.4521484375 0.623046875 0.453125 0.6240234375 0.458984375 0.6279296875 0.458984375 0.62890625 0.4521484375 0.6298828125 0.4521484375 0.63037109375 0.4609375 0.634765625 0.4609375 0.6357421875 0.4482421875 0.63671875 0.44140625 0.6376953125 0.4267578125 0.6376953125 0.3955078125 0.63671875 0.3798828125 0.63232421875 0.376953125 0.62548828125 0.375 0.6220703125 0.373046875 0.61572265625 0.373046875 0.61181640625 0.373046875 0.6044921875 0.3818359375 0.6025390625 0.40625 0.60986328125 0.4111328125 0.61474609375 0.423828125
4 0.57568359375 0.4189453125 0.5732421875 0.421875 0.5732421875 0.42578125 0.57373046875 0.4267578125 0.5771484375 0.4287109375 0.5751953125 0.4326171875 0.57421875 0.4365234375 0.57470703125 0.4423828125 0.57373046875 0.45703125 0.57373046875 0.466796875 0.576171875 0.46875 0.57861328125 0.4716796875 0.58349609375 0.4697265625 0.58447265625 0.4658203125 0.60693359375 0.4677734375 0.60888671875 0.47265625 0.61279296875 0.474609375 0.61865234375 0.474609375 0.62060546875 0.4716796875 0.62060546875 0.4609375 0.61962890625 0.4365234375 0.62109375 0.4326171875 0.6201171875 0.4267578125 0.6181640625 0.423828125 0.61669921875 0.416015625 0.615234375 0.4091796875 0.60986328125 0.404296875 0.5947265625 0.404296875 0.59033203125 0.40234375 0.58544921875 0.404296875 0.58251953125 0.4091796875 0.580078125 0.4189453125 0.57568359375 0.4189453125
0 0.15283203125 0.4345703125 0.1474609375 0.4443359375 0.14404296875 0.4541015625 0.14306640625 0.4716796875 0.1435546875 0.4794921875 0.1474609375 0.4912109375 0.15673828125 0.4912109375 0.16552734375 0.4853515625 0.16943359375 0.4755859375 0.17236328125 0.46484375 0.17333984375 0.455078125 0.16748046875 0.4384765625 0.17138671875 0.427734375 0.17138671875 0.423828125 0.16845703125 0.4140625 0.16357421875 0.40625 0.16064453125 0.3974609375 0.15576171875 0.39453125 0.15234375 0.4033203125 0.154296875 0.41015625 0.1533203125 0.4228515625 0.15283203125 0.4345703125
16 0.72314453125 0.203125 0.72216796875 0.1494140625 0.67626953125 0.1474609375 0.6767578125 0.2607421875 0.6845703125 0.263671875 0.72314453125 0.203125
3 0.68701171875 0.2333984375 0.68310546875 0.2578125 0.67919921875 0.310546875 0.67529296875 0.310546875 0.6748046875 0.2978515625 0.6689453125 0.2958984375 0.666015625 0.2958984375 0.6650390625 0.3076171875 0.66357421875 0.318359375 0.66357421875 0.32421875 0.6640625 0.337890625 0.67138671875 0.3427734375 0.67578125 0.3291015625 0.67919921875 0.330078125 0.6748046875 0.4912109375 0.6826171875 0.5439453125 0.68701171875 0.5478515625 0.68603515625 0.52734375 0.68994140625 0.529296875 0.6923828125 0.5537109375 0.69580078125 0.5625 0.70166015625 0.59765625 0.73291015625 0.6064453125 0.73828125 0.5791015625 0.7470703125 0.583984375 0.7529296875 0.578125 0.751953125 0.6279296875 0.76220703125 0.6650390625 0.80859375 0.677734375 0.81787109375 0.6318359375 0.8837890625 0.6298828125 0.8955078125 0.6376953125 0.90869140625 0.63671875 0.93115234375 0.6376953125 0.93603515625 0.6640625 0.94140625 0.6943359375 0.99755859375 0.7021484375 0.99755859375 0.0390625 0.9208984375 0.037109375 0.87548828125 0.0400390625 0.84814453125 0.05078125 0.83447265625 0.0576171875 0.80810546875 0.08984375 0.78076171875 0.1220703125 0.75244140625 0.15625 0.7236328125 0.1865234375 0.7099609375 0.203125 0.69921875 0.21484375 0.6904296875 0.2236328125 0.68701171875 0.2333984375
0 0.6396484375 0.4482421875 0.6396484375 0.451171875 0.6416015625 0.453125 0.64404296875 0.4521484375 0.64599609375 0.4521484375 0.6474609375 0.451171875 0.64892578125 0.4423828125 0.6494140625 0.43359375 0.64794921875 0.427734375 0.64501953125 0.427734375 0.642578125 0.4296875 0.64013671875 0.4296875 0.6396484375 0.43359375 0.6396484375 0.44140625 0.6396484375 0.4482421875
0 0.64892578125 0.4453125 0.64892578125 0.451171875 0.6494140625 0.4541015625 0.6513671875 0.4541015625 0.6513671875 0.447265625 0.65234375 0.4375 0.65283203125 0.431640625 0.6513671875 0.4287109375 0.6494140625 0.4306640625 0.6474609375 0.4345703125 0.64794921875 0.439453125 0.64892578125 0.4453125
0 0.650390625 0.435546875 0.64990234375 0.443359375 0.65087890625 0.4482421875 0.6513671875 0.451171875 0.65283203125 0.4521484375 0.65478515625 0.4541015625 0.65771484375 0.455078125 0.66064453125 0.4560546875 0.66162109375 0.451171875 0.66162109375 0.44140625 0.658203125 0.43359375 0.65625 0.4326171875 0.650390625 0.435546875
0 0.66162109375 0.435546875 0.6611328125 0.4453125 0.66357421875 0.455078125 0.666015625 0.453125 0.66748046875 0.455078125 0.6689453125 0.4599609375 0.66943359375 0.4619140625 0.67138671875 0.462890625 0.67138671875 0.458984375 0.6728515625 0.46484375 0.673828125 0.458984375 0.67431640625 0.453125 0.6748046875 0.447265625 0.67529296875 0.44140625 0.67578125 0.43359375 0.6748046875 0.4267578125 0.66845703125 0.427734375 0.6650390625 0.42578125 0.6630859375 0.427734375 0.66162109375 0.435546875
11 0.64111328125 0.4287109375 0.64111328125 0.435546875 0.64111328125 0.4423828125 0.640625 0.4453125 0.640625 0.4482421875 0.640625 0.451171875 0.64306640625 0.453125 0.64501953125 0.451171875 0.64501953125 0.44140625 0.64599609375 0.4365234375 0.6474609375 0.431640625 0.64794921875 0.4267578125 0.64794921875 0.4208984375 0.64794921875 0.4150390625 0.64794921875 0.4111328125 0.64697265625 0.41015625 0.64599609375 0.4072265625 0.64453125 0.4033203125 0.642578125 0.404296875 0.642578125 0.40625 0.6416015625 0.4111328125 0.64013671875 0.416015625 0.638671875 0.421875 0.64013671875 0.4248046875 0.64111328125 0.4287109375
11 0.6474609375 0.42578125 0.64599609375 0.43359375 0.64599609375 0.4404296875 0.64599609375 0.447265625 0.6474609375 0.4501953125 0.64892578125 0.4404296875 0.65087890625 0.431640625 0.6513671875 0.4365234375 0.6533203125 0.4345703125 0.654296875 0.4228515625 0.65576171875 0.4169921875 0.65673828125 0.4052734375 0.65478515625 0.4052734375 0.65478515625 0.400390625 0.65380859375 0.3974609375 0.64990234375 0.3974609375 0.6494140625 0.4033203125 0.64697265625 0.40625 0.64599609375 0.4130859375 0.64599609375 0.4208984375 0.6474609375 0.42578125
11 0.6533203125 0.423828125 0.65380859375 0.4296875 0.6533203125 0.4365234375 0.65380859375 0.4453125 0.6533203125 0.4501953125 0.65283203125 0.4541015625 0.6533203125 0.45703125 0.6552734375 0.4560546875 0.65625 0.453125 0.65771484375 0.4501953125 0.658203125 0.44921875 0.65966796875 0.4462890625 0.65966796875 0.4404296875 0.66162109375 0.431640625 0.6640625 0.4248046875 0.6630859375 0.4169921875 0.66259765625 0.41015625 0.662109375 0.4052734375 0.6611328125 0.4013671875 0.6591796875 0.3974609375 0.6552734375 0.4013671875 0.65478515625 0.408203125 0.6533203125 0.416015625 0.6533203125 0.423828125
11 0.66455078125 0.4189453125 0.6630859375 0.4267578125 0.66552734375 0.4287109375 0.6669921875 0.431640625 0.66748046875 0.4384765625 0.66748046875 0.4443359375 0.66796875 0.451171875 0.671875 0.4482421875 0.67431640625 0.443359375 0.67578125 0.421875 0.67578125 0.412109375 0.67626953125 0.40625 0.6748046875 0.3984375 0.6728515625 0.3955078125 0.67041015625 0.3974609375 0.6689453125 0.40234375 0.66650390625 0.4111328125 0.66455078125 0.4189453125