13 0 0.9990234375 0.99951171875 0.9990234375 0.99951171875 0.5078125 0.828125 0.5 0.56201171875 0.466796875 0.48388671875 0.4462890625 0.45556640625 0.4482421875 0.33837890625 0.47265625 0.2529296875 0.49609375 0 0.52734375 0 0.9990234375
14 0 0.5390625 0.025390625 0.5380859375 0.08740234375 0.5341796875 0.12939453125 0.5322265625 0.171875 0.5302734375 0.19775390625 0.529296875 0.228515625 0.52734375 0.3173828125 0.5234375 0.3525390625 0.5205078125 0.35693359375 0.5185546875 0.365234375 0.513671875 0.37158203125 0.5107421875 0.37451171875 0.5078125 0.3798828125 0.5048828125 0.37890625 0.498046875 0.37451171875 0.4970703125 0.35986328125 0.4951171875 0.2939453125 0.4912109375 0.32861328125 0.482421875 0.34912109375 0.4765625 0.3408203125 0.4638671875 0.19921875 0.4765625 0.02685546875 0.5009765625 0 0.5068359375 0 0.5390625
2 0.615234375 0 0.49462890625 0.3642578125 0.4765625 0.4296875 0.48291015625 0.44921875 0.84375 0.4931640625 0.99951171875 0.4931640625 0.99951171875 0 0.615234375 0
14 0.53759765625 0.509765625 0.54443359375 0.5166015625 0.5576171875 0.51953125 0.58251953125 0.5205078125 0.6142578125 0.5234375 0.66259765625 0.5244140625 0.6748046875 0.525390625 0.6708984375 0.5263671875 0.66650390625 0.52734375 0.666015625 0.5419921875 0.6875 0.5458984375 0.7265625 0.546875 0.76953125 0.546875 0.90966796875 0.541015625 0.99951171875 0.537109375 0.99951171875 0.484375 0.94873046875 0.4716796875 0.91796875 0.46875 0.87060546875 0.470703125 0.85009765625 0.47265625 0.81396484375 0.4736328125 0.7998046875 0.4736328125 0.7734375 0.4658203125 0.7294921875 0.4638671875 0.68603515625 0.4609375 0.63232421875 0.4541015625 0.505859375 0.4541015625 0.4833984375 0.4521484375 0.48583984375 0.46484375 0.49951171875 0.4765625 0.51123046875 0.486328125 0.5263671875 0.5 0.53759765625 0.509765625
16 0.884765625 0.2412109375 0.88525390625 0.27734375 0.8955078125 0.2724609375 0.8955078125 0.2353515625 0.884765625 0.2412109375
16 0.88525390625 0.28125 0.8857421875 0.33984375 0.896484375 0.3369140625 0.89599609375 0.2763671875 0.88525390625 0.28125
16 0.89599609375 0.341796875 0.88525390625 0.3447265625 0.8857421875 0.392578125 0.89697265625 0.3916015625 0.89599609375 0.341796875
15 0.9658203125 0.341796875 0.9716796875 0.3408203125 0.97265625 0.333984375 0.9794921875 0.3310546875 0.98095703125 0.328125 0.98095703125 0.32421875 0.98095703125 0.3212890625 0.97216796875 0.3203125 0.97216796875 0.3134765625 0.978515625 0.310546875 0.98095703125 0.30859375 0.98095703125 0.3046875 0.97998046875 0.30078125 0.97216796875 0.30078125 0.97216796875 0.2919921875 0.97802734375 0.2890625 0.98046875 0.2841796875 0.98046875 0.279296875 0.97265625 0.2783203125 0.970703125 0.2734375 0.96484375 0.2724609375 0.9658203125 0.341796875
15 0.970703125 0.3369140625 0.9716796875 0.330078125 0.970703125 0.3212890625 0.96923828125 0.3193359375 0.97119140625 0.314453125 0.97216796875 0.3056640625 0.9716796875 0.30078125 0.96923828125 0.296875 0.9716796875 0.29296875 0.97216796875 0.287109375 0.97119140625 0.2783203125 0.96875 0.2744140625 0.9658203125 0.2705078125 0.95849609375 0.271484375 0.9599609375 0.341796875 0.96630859375 0.3408203125 0.970703125 0.3369140625
15 0.95166015625 0.3427734375 0.95361328125 0.33984375 0.95458984375 0.333984375 0.95361328125 0.28125 0.953125 0.2734375 0.95263671875 0.2685546875 0.9501953125 0.2666015625 0.93701171875 0.26953125 0.93505859375 0.271484375 0.9345703125 0.2763671875 0.9345703125 0.28125 0.93310546875 0.283203125 0.93115234375 0.28515625 0.9306640625 0.2890625 0.931640625 0.2939453125 0.93408203125 0.296875 0.93408203125 0.310546875 0.931640625 0.3125 0.93115234375 0.31640625 0.931640625 0.3212890625 0.93408203125 0.32421875 0.9345703125 0.33984375 0.935546875 0.3447265625 0.9375 0.345703125 0.95166015625 0.3427734375
16 0.72802734375 0.4111328125 0.73046875 0.4951171875 0.74609375 0.4951171875 0.744140625 0.4111328125 0.72802734375 0.4111328125
16 0.724609375 0.392578125 0.72705078125 0.400390625 0.73046875 0.4072265625 0.73291015625 0.41015625 0.7392578125 0.408203125 0.7431640625 0.4033203125 0.74560546875 0.3935546875 0.74609375 0.380859375 0.744140625 0.369140625 0.740234375 0.3623046875 0.73583984375 0.359375 0.73095703125 0.361328125 0.72802734375 0.365234375 0.72509765625 0.373046875 0.72412109375 0.3837890625 0.724609375 0.392578125
21 0 0 0 0.513671875 0.025390625 0.51171875 0.02880859375 0.50390625 0.03125 0.4921875 0.02978515625 0.44921875 0.06494140625 0.455078125 0.18994140625 0.466796875 0.20654296875 0.490234375 0.2216796875 0.4892578125 0.23291015625 0.486328125 0.25390625 0.4814453125 0.27734375 0.48046875 0.28125 0.48046875 0.30029296875 0.474609375 0.33740234375 0.4716796875 0.435546875 0.455078125 0.46337890625 0.451171875 0.48486328125 0.4580078125 0.49072265625 0.458984375 0.49072265625 0.4609375 0.48876953125 0.462890625 0.49658203125 0.4658203125 0.49853515625 0.4697265625 0.505859375 0.4697265625 0.53466796875 0.4375 0.5322265625 0.431640625 0.52880859375 0.423828125 0.5283203125 0.4072265625 0.52734375 0.384765625 0.52783203125 0.3623046875 0.5341796875 0.373046875 0.54150390625 0.373046875 0.54248046875 0.3828125 0.54638671875 0.3798828125 0.54736328125 0.390625 0.54296875 0.390625 0.5478515625 0.4013671875 0.5419921875 0.408203125 0.5400390625 0.412109375 0.54052734375 0.416015625 0.54736328125 0.416015625 0.546875 0.4326171875 0.5537109375 0.4267578125 0.5546875 0.3984375 0.55615234375 0.388671875 0.55517578125 0.3798828125 0.55615234375 0.3701171875 0.55517578125 0.3623046875 0.556640625 0.35546875 0.556640625 0.3447265625 0.5576171875 0.326171875 0.55810546875 0.3212890625 0.560546875 0.3232421875 0.56103515625 0.3291015625 0.56201171875 0.33984375 0.56201171875 0.3466796875 0.5625 0.3603515625 0.56103515625 0.3876953125 0.5625 0.4013671875 0.56201171875 0.431640625 0.5771484375 0.4267578125 0.5751953125 0.326171875 0.57177734375 0.3212890625 0.57421875 0.3193359375 0.578125 0.3193359375 0.58544921875 0.3154296875 0.59228515625 0.3173828125 0.59716796875 0.3115234375 0.599609375 0.330078125 0.6015625 0.34375 0.60302734375 0.361328125 0.60546875 0.4130859375 0.60546875 0.453125 0.615234375 0.453125 0.61767578125 0.435546875 0.61767578125 0.427734375 0.61572265625 0.3798828125 0.61328125 0.3515625 0.61279296875 0.3359375 0.61181640625 0.31640625 0.61328125 0.2998046875 0.61572265625 0.2958984375 0.61767578125 0.2861328125 0.61962890625 0.2802734375 0.6220703125 0.2705078125 0.62158203125 0.265625 0.623046875 0.26171875 0.62548828125 0.2568359375 0.625 0.2490234375 0.626953125 0.24609375 0.62548828125 0.2421875 0.62646484375 0.2333984375 0.634765625 0.234375 0.630859375 0.2236328125 0.63671875 0.22265625 0.6552734375 0.212890625 0.6591796875 0.2373046875 0.65869140625 0.26171875 0.6533203125 0.2841796875 0.658203125 0.287109375 0.66455078125 0.2861328125 0.6669921875 0.26171875 0.66552734375 0.220703125 0.66259765625 0.205078125 0.6669921875 0.19140625 0.6669921875 0.18359375 0.6728515625 0.1826171875 0.6787109375 0.1826171875 0.68017578125 0.171875 0.67431640625 0.1552734375 0.67236328125 0.14453125 0.6865234375 0.15625 0.701171875 0.15625 0.69921875 0.14453125 0.689453125 0.13671875 0.68701171875 0.1279296875 0.7109375 0.1328125 0.71826171875 0.1435546875 0.72509765625 0.1318359375 0.70751953125 0.1083984375 0.7099609375 0.1025390625 0.7255859375 0.1083984375 0.72998046875 0.0810546875 0.72021484375 0.0380859375 0.70654296875 0.033203125 0.69580078125 0 0.4541015625 0 0.45166015625 0 0 0
14 0 0.7333984375 0.05615234375 0.6953125 0.06298828125 0.6875 0.06103515625 0.6591796875 0.05859375 0.6572265625 0.052734375 0.65234375 0.0419921875 0.6494140625 0.0224609375 0.646484375 0 0.6455078125 0 0.7333984375
9 0 0.5126953125 0.00439453125 0.5126953125 0.0068359375 0.494140625 0.00830078125 0.4794921875 0.01318359375 0.4853515625 0.0185546875 0.5029296875 0.0166015625 0.5126953125 0.01953125 0.5126953125 0.02294921875 0.5087890625 0.025390625 0.50390625 0.02197265625 0.4931640625 0.0185546875 0.482421875 0.01513671875 0.4736328125 0.015625 0.458984375 0.01416015625 0.4423828125 0.01171875 0.4130859375 0.009765625 0.40234375 0.00927734375 0.3935546875 0.00830078125 0.390625 0.00537109375 0.390625 0.00244140625 0.3935546875 0 0.3974609375 0 0.5126953125
9 0.02783203125 0.42578125 0.0263671875 0.4326171875 0.025390625 0.4384765625 0.0224609375 0.4384765625 0.02099609375 0.4404296875 0.0205078125 0.4423828125 0.02197265625 0.4443359375 0.0263671875 0.4462890625 0.025390625 0.451171875 0.02685546875 0.4580078125 0.02734375 0.46875 0.02880859375 0.48828125 0.0302734375 0.5048828125 0.029296875 0.5107421875 0.0263671875 0.5126953125 0.02685546875 0.5146484375 0.0341796875 0.5146484375 0.037109375 0.5087890625 0.037109375 0.5029296875 0.0361328125 0.4921875 0.03466796875 0.482421875 0.03466796875 0.46875 0.0361328125 0.4638671875 0.0380859375 0.462890625 0.0380859375 0.443359375 0.03759765625 0.427734375 0.0361328125 0.4208984375 0.03515625 0.41796875 0.0361328125 0.4111328125 0.03515625 0.4033203125 0.033203125 0.4013671875 0.0302734375 0.4013671875 0.02685546875 0.40234375 0.02490234375 0.4052734375 0.02587890625 0.408203125 0.02734375 0.4130859375 0.02783203125 0.42578125
9 0.09130859375 0.4169921875 0.091796875 0.412109375 0.0908203125 0.4072265625 0.0888671875 0.404296875 0.0859375 0.4052734375 0.083984375 0.412109375 0.08447265625 0.4169921875 0.08544921875 0.421875 0.083984375 0.4326171875 0.08349609375 0.4404296875 0.0849609375 0.4658203125 0.0927734375 0.4814453125 0.099609375 0.4931640625 0.10107421875 0.5 0.10302734375 0.5048828125 0.10595703125 0.494140625 0.09619140625 0.474609375 0.095703125 0.4677734375 0.09765625 0.4619140625 0.09765625 0.45703125 0.09619140625 0.451171875 0.095703125 0.4462890625 0.095703125 0.435546875 0.09423828125 0.4248046875 0.09228515625 0.4208984375 0.09130859375 0.4169921875
9 0.06689453125 0.4580078125 0.06787109375 0.4599609375 0.06982421875 0.4599609375 0.06982421875 0.4677734375 0.0703125 0.478515625 0.07080078125 0.482421875 0.07470703125 0.4873046875 0.07568359375 0.5029296875 0.07470703125 0.5068359375 0.0732421875 0.5078125 0.07177734375 0.509765625 0.07080078125 0.51171875 0.0732421875 0.5126953125 0.07861328125 0.51171875 0.0849609375 0.5 0.08447265625 0.490234375 0.08056640625 0.486328125 0.078125 0.4775390625 0.0810546875 0.46484375 0.08544921875 0.46484375 0.0849609375 0.4560546875 0.0830078125 0.4462890625 0.08154296875 0.4404296875 0.083984375 0.4384765625 0.08447265625 0.435546875 0.08349609375 0.4296875 0.08056640625 0.41796875 0.07763671875 0.4140625 0.07861328125 0.41015625 0.076171875 0.400390625 0.07373046875 0.3994140625 0.0703125 0.400390625 0.06884765625 0.40234375 0.06787109375 0.4072265625 0.068359375 0.4150390625 0.06787109375 0.419921875 0.0693359375 0.4228515625 0.06884765625 0.431640625 0.06982421875 0.439453125 0.0693359375 0.443359375 0.0673828125 0.453125 0.06689453125 0.4580078125
9 0.09130859375 0.4091796875 0.0927734375 0.412109375 0.09228515625 0.4169921875 0.09423828125 0.4189453125 0.0947265625 0.421875 0.095703125 0.4228515625 0.09765625 0.427734375 0.09716796875 0.43359375 0.09765625 0.453125 0.0966796875 0.4638671875 0.09814453125 0.46484375 0.0986328125 0.4677734375 0.0966796875 0.4755859375 0.0966796875 0.4794921875 0.09912109375 0.4833984375 0.1025390625 0.4931640625 0.1025390625 0.5029296875 0.1015625 0.5068359375 0.10009765625 0.5107421875 0.1015625 0.513671875 0.1064453125 0.5146484375 0.1103515625 0.5126953125 0.109375 0.5087890625 0.111328125 0.5048828125 0.11376953125 0.498046875 0.10986328125 0.4892578125 0.10791015625 0.4833984375 0.10791015625 0.4736328125 0.10986328125 0.462890625 0.11279296875 0.4609375 0.11376953125 0.453125 0.1162109375 0.4501953125 0.1162109375 0.4423828125 0.1142578125 0.435546875 0.107421875 0.421875 0.10546875 0.41796875 0.10302734375 0.416015625 0.10205078125 0.4140625 0.10107421875 0.4033203125 0.09765625 0.4033203125 0.09375 0.40625 0.09130859375 0.4091796875
15 0.0625 0.3037109375 0.0625 0.3076171875 0.06298828125 0.310546875 0.064453125 0.3125 0.06884765625 0.3134765625 0.06982421875 0.3203125 0.0634765625 0.3212890625 0.06298828125 0.326171875 0.06396484375 0.330078125 0.0703125 0.333984375 0.07080078125 0.33984375 0.064453125 0.3427734375 0.0634765625 0.34765625 0.06494140625 0.3515625 0.072265625 0.35546875 0.07470703125 0.36328125 0.08349609375 0.3642578125 0.08154296875 0.29296875 0.076171875 0.29296875 0.06884765625 0.294921875 0.06884765625 0.2978515625 0.0634765625 0.30078125 0.0625 0.3037109375
15 0.08349609375 0.302734375 0.08349609375 0.306640625 0.0849609375 0.310546875 0.08544921875 0.318359375 0.08447265625 0.3232421875 0.0849609375 0.328125 0.08642578125 0.3330078125 0.08642578125 0.33984375 0.08544921875 0.3466796875 0.0859375 0.353515625 0.08740234375 0.357421875 0.08984375 0.361328125 0.09814453125 0.359375 0.09619140625 0.2919921875 0.095703125 0.291015625 0.08984375 0.291015625 0.0849609375 0.29296875 0.083984375 0.298828125 0.08349609375 0.302734375
16 0.0966796875 0.3037109375 0.09912109375 0.3125 0.10302734375 0.31640625 0.10693359375 0.31640625 0.1103515625 0.3125 0.1123046875 0.3037109375 0.11279296875 0.291015625 0.111328125 0.279296875 0.10693359375 0.2705078125 0.10205078125 0.26953125 0.0986328125 0.2734375 0.09619140625 0.283203125 0.095703125 0.294921875 0.0966796875 0.3037109375
16 0.1025390625 0.3525390625 0.10498046875 0.3544921875 0.10888671875 0.3525390625 0.1103515625 0.34765625 0.111328125 0.3369140625 0.10986328125 0.326171875 0.107421875 0.322265625 0.10400390625 0.322265625 0.10205078125 0.3251953125 0.1005859375 0.333984375 0.1005859375 0.345703125 0.1025390625 0.3525390625
16 0.2373046875 0.330078125 0.23779296875 0.3515625 0.24267578125 0.3525390625 0.2421875 0.3310546875 0.2373046875 0.330078125
16 0.23828125 0.3515625 0.23828125 0.36328125 0.24267578125 0.3642578125 0.2431640625 0.3525390625 0.23828125 0.3515625
16 0.23828125 0.3623046875 0.23828125 0.3740234375 0.2412109375 0.3740234375 0.24365234375 0.3740234375 0.24365234375 0.36328125 0.23828125 0.3623046875
16 0.27880859375 0.369140625 0.27880859375 0.3876953125 0.2841796875 0.3876953125 0.28466796875 0.3701171875 0.27880859375 0.369140625
16 0.2841796875 0.3544921875 0.27880859375 0.3525390625 0.27880859375 0.369140625 0.2841796875 0.3701171875 0.2841796875 0.3544921875
16 0.326171875 0.3779296875 0.32177734375 0.376953125 0.32177734375 0.390625 0.326171875 0.390625 0.326171875 0.3779296875
16 0.326171875 0.40625 0.326171875 0.390625 0.32177734375 0.390625 0.322265625 0.4052734375 0.326171875 0.40625
16 0.31201171875 0.265625 0.3037109375 0.26171875 0.3037109375 0.2822265625 0.31201171875 0.2861328125 0.31201171875 0.265625
15 0.30859375 0.376953125 0.31005859375 0.3671875 0.31005859375 0.3642578125 0.314453125 0.3603515625 0.314453125 0.357421875 0.31396484375 0.3544921875 0.30908203125 0.353515625 0.30908203125 0.3466796875 0.31494140625 0.34375 0.3154296875 0.33984375 0.31396484375 0.3369140625 0.30908203125 0.3359375 0.30859375 0.3291015625 0.31396484375 0.328125 0.31494140625 0.3251953125 0.31494140625 0.322265625 0.31396484375 0.3193359375 0.30859375 0.318359375 0.30859375 0.3115234375 0.30322265625 0.310546875 0.30224609375 0.3134765625 0.3037109375 0.3671875 0.3056640625 0.376953125 0.30859375 0.376953125
6 0.43603515625 0.439453125 0.43359375 0.4375 0.43212890625 0.4345703125 0.427734375 0.435546875 0.42431640625 0.4619140625 0.427734375 0.4697265625 0.435546875 0.46875 0.44580078125 0.462890625 0.447265625 0.4599609375 0.45068359375 0.458984375 0.4541015625 0.4599609375 0.45703125 0.45703125 0.4599609375 0.4541015625 0.4619140625 0.453125 0.4619140625 0.447265625 0.458984375 0.4443359375 0.4560546875 0.44140625 0.4443359375 0.4423828125 0.43896484375 0.4423828125 0.43603515625 0.439453125
16 0.4423828125 0.4150390625 0.4462890625 0.4150390625 0.44384765625 0.4072265625 0.4423828125 0.4150390625
16 0.44287109375 0.42578125 0.4443359375 0.4267578125 0.44580078125 0.42578125 0.4462890625 0.423828125 0.4462890625 0.4228515625 0.4462890625 0.421875 0.4453125 0.4189453125 0.44384765625 0.4189453125 0.44287109375 0.4208984375 0.44287109375 0.42578125
4 0.46630859375 0.4765625 0.466796875 0.47265625 0.4833984375 0.47265625 0.4833984375 0.4765625 0.486328125 0.4765625 0.4873046875 0.4755859375 0.4873046875 0.4638671875 0.4873046875 0.45703125 0.4873046875 0.4541015625 0.48681640625 0.4501953125 0.486328125 0.4482421875 0.4853515625 0.447265625 0.484375 0.4453125 0.4833984375 0.439453125 0.48046875 0.4375 0.4697265625 0.4375 0.46826171875 0.4375 0.46435546875 0.4453125 0.4638671875 0.4462890625 0.4619140625 0.447265625 0.4619140625 0.451171875 0.462890625 0.4521484375 0.46240234375 0.4619140625 0.462890625 0.46875 0.462890625 0.4765625 0.46630859375 0.4765625
4 0.42919921875 0.42578125 0.41552734375 0.4267578125 0.412109375 0.4365234375 0.4228515625 0.4736328125 0.42822265625 0.470703125 0.42919921875 0.4658203125 0.4326171875 0.4638671875 0.43310546875 0.4580078125 0.431640625 0.4384765625 0.4306640625 0.4296875 0.43017578125 0.4267578125 0.42919921875 0.42578125
4 0.42041015625 0.4736328125 0.421875 0.4697265625 0.42578125 0.46875 0.427734375 0.462890625 0.42724609375 0.453125 0.42529296875 0.443359375 0.4228515625 0.4384765625 0.41796875 0.4375 0.4169921875 0.4345703125 0.4169921875 0.4306640625 0.41650390625 0.427734375 0.41552734375 0.42578125 0.4111328125 0.42578125 0.392578125 0.427734375 0.39111328125 0.4306640625 0.41650390625 0.4755859375 0.42041015625 0.4736328125
4 0.41943359375 0.4638671875 0.41796875 0.453125 0.41748046875 0.447265625 0.4150390625 0.4375 0.41015625 0.4326171875 0.40478515625 0.431640625 0.41455078125 0.4736328125 0.41845703125 0.4697265625 0.41943359375 0.4638671875
4 0.37548828125 0.4375 0.38134765625 0.4794921875 0.3857421875 0.482421875 0.390625 0.4794921875 0.39990234375 0.4794921875 0.408203125 0.478515625 0.41162109375 0.478515625 0.41455078125 0.4765625 0.416015625 0.4697265625 0.41455078125 0.4560546875 0.4130859375 0.4443359375 0.41015625 0.4345703125 0.40771484375 0.431640625 0.4033203125 0.4296875 0.40234375 0.4296875 0.39208984375 0.4287109375 0.3857421875 0.4296875 0.37890625 0.431640625 0.37548828125 0.4375
4 0.35205078125 0.4462890625 0.35107421875 0.44921875 0.3486328125 0.451171875 0.34228515625 0.4541015625 0.3369140625 0.4580078125 0.33544921875 0.46484375 0.3359375 0.4716796875 0.337890625 0.4775390625 0.33984375 0.48046875 0.3427734375 0.48046875 0.34765625 0.48046875 0.35986328125 0.4814453125 0.37548828125 0.48046875 0.38037109375 0.482421875 0.39208984375 0.482421875 0.39892578125 0.48046875 0.40283203125 0.474609375 0.40380859375 0.4599609375 0.40185546875 0.4482421875 0.39697265625 0.4423828125 0.39013671875 0.43359375 0.3798828125 0.4326171875 0.37158203125 0.4326171875 0.365234375 0.43359375 0.36083984375 0.4365234375 0.35546875 0.4423828125 0.35205078125 0.4462890625
4 0.50634765625 0.447265625 0.505859375 0.4501953125 0.50537109375 0.4619140625 0.50537109375 0.4697265625 0.50634765625 0.4736328125 0.50830078125 0.474609375 0.5126953125 0.4736328125 0.5166015625 0.455078125 0.51708984375 0.4453125 0.51953125 0.43359375 0.5107421875 0.435546875 0.50830078125 0.44140625 0.5078125 0.4453125 0.50634765625 0.447265625
4 0.51416015625 0.439453125 0.51318359375 0.4453125 0.51123046875 0.4453125 0.5107421875 0.44921875 0.51220703125 0.4501953125 0.51171875 0.4609375 0.51123046875 0.46875 0.51123046875 0.47265625 0.51220703125 0.474609375 0.51513671875 0.4736328125 0.5185546875 0.4658203125 0.52099609375 0.455078125 0.5234375 0.451171875 0.5361328125 0.4345703125 0.53564453125 0.431640625 0.53076171875 0.4306640625 0.52099609375 0.4326171875 0.51611328125 0.435546875 0.51416015625 0.439453125
4 0.53515625 0.4873046875 0.55419921875 0.470703125 0.57763671875 0.4228515625 0.5693359375 0.4189453125 0.55908203125 0.4189453125 0.54736328125 0.4228515625 0.54052734375 0.4267578125 0.52587890625 0.439453125 0.52197265625 0.44140625 0.5205078125 0.4462890625 0.52001953125 0.4521484375 0.52099609375 0.4619140625 0.5224609375 0.474609375 0.52587890625 0.4775390625 0.52978515625 0.4775390625 0.53076171875 0.48046875 0.53271484375 0.484375 0.53515625 0.4873046875
4 0.5576171875 0.42578125 0.55224609375 0.43359375 0.54638671875 0.4482421875 0.5458984375 0.46484375 0.55908203125 0.48046875 0.60595703125 0.4580078125 0.60595703125 0.4287109375 0.60205078125 0.423828125 0.59765625 0.419921875 0.587890625 0.41796875 0.5703125 0.419921875 0.5615234375 0.4228515625 0.5576171875 0.42578125
21 0.55126953125 0.498046875 0.5625 0.49609375 0.56787109375 0.498046875 0.572265625 0.494140625 0.61962890625 0.48828125 0.64306640625 0.484375 0.64453125 0.48046875 0.64111328125 0.474609375 0.63671875 0.4716796875 0.63232421875 0.470703125 0.6328125 0.46875 0.6337890625 0.4619140625 0.63330078125 0.455078125 0.6396484375 0.4541015625 0.6396484375 0.4501953125 0.63623046875 0.4384765625 0.630859375 0.4326171875 0.62451171875 0.4296875 0.62060546875 0.431640625 0.61669921875 0.44140625 0.6123046875 0.451171875 0.60595703125 0.4521484375 0.6044921875 0.439453125 0.6005859375 0.4326171875 0.5927734375 0.4287109375 0.59130859375 0.435546875 0.591796875 0.443359375 0.58837890625 0.439453125 0.5869140625 0.4296875 0.58447265625 0.4296875 0.5703125 0.4404296875 0.5693359375 0.44140625 0.5673828125 0.44921875 0.56494140625 0.4501953125 0.564453125 0.4462890625 0.5673828125 0.4404296875 0.56640625 0.435546875 0.5634765625 0.4326171875 0.5615234375 0.4375 0.55908203125 0.4443359375 0.55615234375 0.443359375 0.5537109375 0.43359375 0.54833984375 0.4287109375 0.54541015625 0.4326171875 0.54296875 0.4345703125 0.53662109375 0.4443359375 0.53271484375 0.451171875 0.53271484375 0.4619140625 0.53369140625 0.4736328125 0.53515625 0.484375 0.5322265625 0.4912109375 0.53271484375 0.4990234375 0.53662109375 0.5 0.55126953125 0.498046875
16 0.5673828125 0.296875 0.56689453125 0.3154296875 0.57275390625 0.3125 0.5732421875 0.29296875 0.5673828125 0.296875
16 0.5673828125 0.271484375 0.5673828125 0.287109375 0.56982421875 0.2880859375 0.56982421875 0.2705078125 0.5673828125 0.271484375
16 0.572265625 0.296875 0.58203125 0.296875 0.58251953125 0.3037109375 0.5830078125 0.3046875 0.59228515625 0.3046875 0.5927734375 0.3017578125 0.5927734375 0.2958984375 0.60009765625 0.2958984375 0.6015625 0.294921875 0.60205078125 0.29296875 0.60205078125 0.283203125 0.60107421875 0.2802734375 0.59814453125 0.279296875 0.572265625 0.279296875 0.572265625 0.296875
14 0.85546875 0.751953125 0.85009765625 0.775390625 0.8505859375 0.80078125 0.85595703125 0.8232421875 0.87255859375 0.8564453125 0.896484375 0.8916015625 0.98291015625 0.9990234375 0.99951171875 0.9990234375 0.99951171875 0.67578125 0.96728515625 0.68359375 0.9228515625 0.6982421875 0.89208984375 0.71484375 0.884765625 0.7197265625 0.86767578125 0.734375 0.85546875 0.751953125