13 0 0.9990234375 0.99951171875 0.9990234375 0.99951171875 0.4794921875 0.7939453125 0.390625 0.2724609375 0.4091796875 0.14013671875 0.439453125 0 0.5732421875 0 0.9990234375
14 0.63818359375 0.4033203125 0.55517578125 0.3818359375 0.47509765625 0.4072265625 0.47412109375 0.4130859375 0.50830078125 0.4130859375 0.5947265625 0.408203125 0.7060546875 0.404296875 0.7080078125 0.4013671875 0.7080078125 0.3798828125 0.63818359375 0.4033203125
21 0 0 0 0.4677734375 0.1728515625 0.4423828125 0.2236328125 0.4130859375 0.22998046875 0.4072265625 0.236328125 0.4130859375 0.25537109375 0.412109375 0.36669921875 0.41015625 0.3876953125 0.392578125 0.43896484375 0.396484375 0.43896484375 0.412109375 0.4775390625 0.4130859375 0.4775390625 0.40625 0.49169921875 0.404296875 0.50634765625 0.404296875 0.517578125 0.4033203125 0.52783203125 0.404296875 0.59619140625 0.4033203125 0.607421875 0.4052734375 0.69482421875 0.3974609375 0.720703125 0.396484375 0.72119140625 0.40234375 0.70458984375 0.4140625 0.6904296875 0.4208984375 0.68505859375 0.423828125 0.6865234375 0.4326171875 0.68896484375 0.439453125 0.697265625 0.4375 0.7001953125 0.4423828125 0.70703125 0.4482421875 0.724609375 0.4404296875 0.73779296875 0.44140625 0.75439453125 0.4384765625 0.76025390625 0.4375 0.7724609375 0.439453125 0.80419921875 0.435546875 0.8984375 0.4609375 0.99951171875 0.42578125 0.99951171875 0 0.19287109375 0 0 0
4 0.25927734375 0.3876953125 0.25537109375 0.3896484375 0.25 0.3916015625 0.248046875 0.3955078125 0.24658203125 0.4052734375 0.24560546875 0.41015625 0.24755859375 0.412109375 0.25537109375 0.4130859375 0.294921875 0.376953125 0.291015625 0.3720703125 0.27197265625 0.373046875 0.26318359375 0.380859375 0.25927734375 0.3876953125
14 0.6748046875 0.48828125 0.669921875 0.501953125 0.669921875 0.5234375 0.67333984375 0.5439453125 0.68310546875 0.560546875 0.7236328125 0.59765625 0.87158203125 0.54296875 0.78173828125 0.431640625 0.7041015625 0.447265625 0.7060546875 0.453125 0.6982421875 0.4638671875 0.68408203125 0.4775390625 0.6748046875 0.48828125
14 0.25390625 0.5166015625 0.26220703125 0.5146484375 0.26806640625 0.5078125 0.2705078125 0.4990234375 0.26904296875 0.490234375 0.26513671875 0.4873046875 0.2578125 0.4833984375 0.24365234375 0.48046875 0.2109375 0.48046875 0.19775390625 0.484375 0.1943359375 0.5087890625 0.2109375 0.515625 0.25390625 0.5166015625
4 0.43701171875 0.408203125 0.439453125 0.4052734375 0.439453125 0.3935546875 0.43896484375 0.392578125 0.43603515625 0.3896484375 0.42919921875 0.384765625 0.4228515625 0.3837890625 0.412109375 0.3740234375 0.40625 0.37109375 0.3955078125 0.3701171875 0.38232421875 0.3701171875 0.37939453125 0.37109375 0.37451171875 0.37890625 0.36962890625 0.388671875 0.36865234375 0.3994140625 0.38671875 0.41015625 0.435546875 0.41015625 0.43701171875 0.408203125
4 0.2041015625 0.44921875 0.205078125 0.451171875 0.20751953125 0.4560546875 0.212890625 0.45703125 0.22265625 0.4560546875 0.22705078125 0.455078125 0.22998046875 0.4541015625 0.23193359375 0.4501953125 0.2333984375 0.4443359375 0.23583984375 0.4443359375 0.2392578125 0.44140625 0.24365234375 0.4375 0.24462890625 0.4267578125 0.24365234375 0.4248046875 0.24072265625 0.4248046875 0.24072265625 0.41015625 0.23876953125 0.408203125 0.23291015625 0.40625 0.205078125 0.4013671875 0.2041015625 0.400390625 0.19970703125 0.3935546875 0.19091796875 0.3818359375 0.18310546875 0.3837890625 0.19384765625 0.44921875 0.20361328125 0.4482421875 0.2041015625 0.44921875
16 0.11376953125 0.341796875 0.11083984375 0.3408203125 0.10693359375 0.3427734375 0.10595703125 0.3466796875 0.10791015625 0.3662109375 0.11572265625 0.35546875 0.115234375 0.3466796875 0.11376953125 0.341796875
16 0.11181640625 0.341796875 0.115234375 0.337890625 0.11572265625 0.3310546875 0.11376953125 0.326171875 0.11279296875 0.32421875 0.1083984375 0.3251953125 0.10693359375 0.330078125 0.1064453125 0.3349609375 0.10791015625 0.3408203125 0.11181640625 0.341796875
16 0.07177734375 0.3583984375 0.07177734375 0.3701171875 0.07958984375 0.3720703125 0.080078125 0.3583984375 0.07177734375 0.3583984375
16 0.078125 0.3583984375 0.0810546875 0.3564453125 0.08203125 0.34765625 0.08154296875 0.3427734375 0.07861328125 0.33984375 0.07568359375 0.33984375 0.072265625 0.34375 0.0712890625 0.3486328125 0.072265625 0.3544921875 0.07373046875 0.357421875 0.078125 0.3583984375
4 0.06982421875 0.400390625 0.0673828125 0.412109375 0.0693359375 0.416015625 0.07470703125 0.4169921875 0.072265625 0.421875 0.06884765625 0.427734375 0.06640625 0.4287109375 0.0634765625 0.43359375 0.0576171875 0.4560546875 0.06298828125 0.513671875 0.07568359375 0.5234375 0.14501953125 0.5283203125 0.14697265625 0.53515625 0.150390625 0.5380859375 0.15380859375 0.5400390625 0.16162109375 0.5400390625 0.166015625 0.5380859375 0.16845703125 0.5302734375 0.169921875 0.5126953125 0.1845703125 0.501953125 0.185546875 0.513671875 0.18798828125 0.5224609375 0.19482421875 0.5224609375 0.197265625 0.521484375 0.19970703125 0.5146484375 0.201171875 0.4873046875 0.20166015625 0.4619140625 0.19873046875 0.416015625 0.19775390625 0.412109375 0.1943359375 0.3974609375 0.18896484375 0.369140625 0.18505859375 0.361328125 0.1748046875 0.35546875 0.15625 0.3505859375 0.1357421875 0.349609375 0.11181640625 0.3525390625 0.10498046875 0.3544921875 0.0986328125 0.361328125 0.0927734375 0.3720703125 0.08154296875 0.3994140625 0.0771484375 0.3994140625 0.072265625 0.3974609375 0.06982421875 0.400390625
4 0 0.58984375 0.03955078125 0.5634765625 0.04052734375 0.564453125 0.0419921875 0.5712890625 0.04345703125 0.580078125 0.046875 0.58984375 0.05029296875 0.5908203125 0.0634765625 0.587890625 0.06787109375 0.583984375 0.0712890625 0.572265625 0.07373046875 0.5478515625 0.072265625 0.5283203125 0.0732421875 0.5224609375 0.07470703125 0.5107421875 0.0732421875 0.4921875 0.07177734375 0.4765625 0.06787109375 0.466796875 0.06494140625 0.4609375 0.0654296875 0.443359375 0.0654296875 0.4326171875 0.0634765625 0.4169921875 0.05712890625 0.396484375 0.04150390625 0.3525390625 0.03662109375 0.34375 0.01611328125 0.333984375 0 0.3310546875 0 0.58984375
4 0.6201171875 0.392578125 0.61865234375 0.396484375 0.61669921875 0.400390625 0.61572265625 0.404296875 0.61669921875 0.435546875 0.61962890625 0.435546875 0.62255859375 0.4365234375 0.630859375 0.4375 0.6435546875 0.3974609375 0.63525390625 0.365234375 0.6298828125 0.365234375 0.6259765625 0.3681640625 0.62158203125 0.3828125 0.6201171875 0.392578125
4 0.630859375 0.3720703125 0.6298828125 0.376953125 0.625 0.3759765625 0.62451171875 0.380859375 0.62451171875 0.3837890625 0.62841796875 0.3837890625 0.62744140625 0.3857421875 0.6259765625 0.3955078125 0.6259765625 0.447265625 0.62744140625 0.4501953125 0.62890625 0.453125 0.63525390625 0.4541015625 0.6357421875 0.451171875 0.63623046875 0.4423828125 0.673828125 0.443359375 0.673828125 0.4501953125 0.67919921875 0.4501953125 0.6796875 0.4541015625 0.68701171875 0.4541015625 0.68701171875 0.4326171875 0.68798828125 0.390625 0.6865234375 0.3828125 0.68603515625 0.376953125 0.6845703125 0.3759765625 0.68212890625 0.3740234375 0.6806640625 0.361328125 0.67919921875 0.353515625 0.67724609375 0.349609375 0.671875 0.3486328125 0.6494140625 0.34765625 0.64013671875 0.349609375 0.63623046875 0.3544921875 0.630859375 0.3720703125
4 0.833984375 0.3369140625 0.8115234375 0.3798828125 0.80615234375 0.3876953125 0.79638671875 0.392578125 0.7919921875 0.4033203125 0.794921875 0.419921875 0.7939453125 0.4248046875 0.787109375 0.4365234375 0.7763671875 0.4482421875 0.771484375 0.4609375 0.7685546875 0.48828125 0.76806640625 0.521484375 0.77001953125 0.5322265625 0.77197265625 0.5859375 0.77587890625 0.607421875 0.78173828125 0.6142578125 0.79736328125 0.615234375 0.80224609375 0.6123046875 0.8056640625 0.599609375 0.80908203125 0.5869140625 0.87939453125 0.6220703125 0.88232421875 0.6572265625 0.89013671875 0.6787109375 0.896484375 0.6884765625 0.927734375 0.69140625 0.93310546875 0.677734375 0.93798828125 0.65625 0.94140625 0.6435546875 0.9482421875 0.6376953125 0.9736328125 0.6298828125 0.99072265625 0.626953125 0.99951171875 0.626953125 0.99951171875 0.2744140625 0.9208984375 0.2841796875 0.8759765625 0.2958984375 0.85595703125 0.3076171875 0.833984375 0.3369140625
15 0.7373046875 0.291015625 0.736328125 0.294921875 0.73583984375 0.3232421875 0.74267578125 0.3232421875 0.74267578125 0.291015625 0.7373046875 0.291015625
16 0.74560546875 0.259765625 0.7373046875 0.259765625 0.7314453125 0.2607421875 0.73095703125 0.263671875 0.73828125 0.2880859375 0.73974609375 0.2900390625 0.7451171875 0.2763671875 0.74560546875 0.259765625
15 0.8037109375 0.2392578125 0.8046875 0.2138671875 0.8037109375 0.212890625 0.79931640625 0.212890625 0.798828125 0.208984375 0.794921875 0.2109375 0.7939453125 0.2451171875 0.79931640625 0.2451171875 0.80029296875 0.2431640625 0.8037109375 0.2392578125
16 0.76025390625 0.328125 0.7666015625 0.328125 0.7705078125 0.322265625 0.77294921875 0.3095703125 0.771484375 0.30078125 0.767578125 0.296875 0.76220703125 0.2958984375 0.7568359375 0.2998046875 0.75537109375 0.3076171875 0.7548828125 0.318359375 0.75732421875 0.32421875 0.76025390625 0.328125
16 0.75830078125 0.2783203125 0.75390625 0.2783203125 0.75390625 0.296875 0.77734375 0.2978515625 0.77734375 0.2802734375 0.75830078125 0.2783203125
15 0.7841796875 0.3310546875 0.78369140625 0.3125 0.78076171875 0.310546875 0.77978515625 0.3095703125 0.77734375 0.310546875 0.77734375 0.333984375 0.78076171875 0.333984375 0.78076171875 0.33203125 0.7841796875 0.3310546875
16 0.455078125 0.42578125 0.4609375 0.4267578125 0.4658203125 0.421875 0.47021484375 0.412109375 0.47119140625 0.3994140625 0.46826171875 0.3876953125 0.462890625 0.3818359375 0.45654296875 0.380859375 0.45263671875 0.384765625 0.44970703125 0.390625 0.447265625 0.40234375 0.44775390625 0.4130859375 0.451171875 0.419921875 0.455078125 0.42578125
15 0.4833984375 0.294921875 0.48095703125 0.294921875 0.48095703125 0.330078125 0.48681640625 0.330078125 0.48681640625 0.2958984375 0.4833984375 0.294921875
16 0.4892578125 0.2685546875 0.48974609375 0.2626953125 0.48974609375 0.2607421875 0.4755859375 0.26171875 0.47509765625 0.2626953125 0.4755859375 0.265625 0.48193359375 0.287109375 0.48291015625 0.2890625 0.4833984375 0.2890625 0.4892578125 0.2685546875
4 0.32177734375 0.369140625 0.3056640625 0.3701171875 0.28125 0.3759765625 0.2763671875 0.37890625 0.25830078125 0.3916015625 0.25244140625 0.3935546875 0.251953125 0.396484375 0.2509765625 0.412109375 0.25 0.423828125 0.25 0.439453125 0.25439453125 0.4443359375 0.2578125 0.447265625 0.2626953125 0.44921875 0.2705078125 0.44921875 0.27197265625 0.4521484375 0.27490234375 0.4560546875 0.2880859375 0.4560546875 0.291015625 0.4521484375 0.29248046875 0.44921875 0.36083984375 0.4482421875 0.36279296875 0.4482421875 0.36376953125 0.4501953125 0.36572265625 0.453125 0.36962890625 0.4541015625 0.37890625 0.4541015625 0.38134765625 0.453125 0.38427734375 0.4453125 0.39404296875 0.4443359375 0.40087890625 0.4423828125 0.4013671875 0.4384765625 0.4013671875 0.4306640625 0.40283203125 0.427734375 0.40283203125 0.4189453125 0.4013671875 0.4140625 0.39453125 0.40625 0.38330078125 0.400390625 0.37109375 0.3955078125 0.3623046875 0.39453125 0.35546875 0.388671875 0.34765625 0.380859375 0.337890625 0.373046875 0.33349609375 0.3720703125 0.32861328125 0.3701171875 0.32177734375 0.369140625
19 0.517578125 0.3427734375 0.517578125 0.3564453125 0.5185546875 0.3662109375 0.52197265625 0.3701171875 0.52294921875 0.400390625 0.52392578125 0.4013671875 0.52490234375 0.40625 0.5244140625 0.4130859375 0.5244140625 0.41796875 0.5244140625 0.421875 0.5244140625 0.4287109375 0.52587890625 0.4296875 0.52587890625 0.439453125 0.52587890625 0.44140625 0.5390625 0.44140625 0.53955078125 0.4326171875 0.54052734375 0.4296875 0.54296875 0.4326171875 0.5673828125 0.431640625 0.57080078125 0.4296875 0.57080078125 0.439453125 0.572265625 0.44140625 0.58349609375 0.4404296875 0.58349609375 0.4267578125 0.5908203125 0.4248046875 0.5927734375 0.4189453125 0.5927734375 0.4150390625 0.58935546875 0.416015625 0.5849609375 0.4169921875 0.58544921875 0.412109375 0.58740234375 0.4091796875 0.58740234375 0.404296875 0.58935546875 0.4013671875 0.58935546875 0.3974609375 0.591796875 0.3955078125 0.591796875 0.2607421875 0.57080078125 0.2607421875 0.533203125 0.26171875 0.52294921875 0.263671875 0.52294921875 0.314453125 0.52294921875 0.3427734375 0.51904296875 0.3427734375 0.517578125 0.3427734375
16 0.2607421875 0.314453125 0.26416015625 0.314453125 0.2685546875 0.306640625 0.27001953125 0.2978515625 0.26904296875 0.287109375 0.2666015625 0.28125 0.26171875 0.2783203125 0.255859375 0.2822265625 0.25244140625 0.2890625 0.25244140625 0.298828125 0.2548828125 0.3095703125 0.2607421875 0.314453125