13 0 0.9990234375 0.99951171875 0.9990234375 0.99951171875 0.46484375 0.56494140625 0.455078125 0 0.423828125 0 0.4560546875 0 0.9990234375
21 0 0 0 0.3935546875 0.0546875 0.3994140625 0.1298828125 0.4033203125 0.2099609375 0.4033203125 0.255859375 0.41015625 0.31591796875 0.4140625 0.3232421875 0.4208984375 0.4287109375 0.427734375 0.46875 0.431640625 0.51171875 0.435546875 0.580078125 0.439453125 0.5888671875 0.4453125 0.60986328125 0.4443359375 0.66259765625 0.4052734375 0.73193359375 0.416015625 0.8701171875 0.4208984375 0.99951171875 0.423828125 0.99951171875 0.083984375 0.99609375 0.0849609375 0.994140625 0.08984375 0.99365234375 0.09375 0.99365234375 0.0986328125 0.9892578125 0.10546875 0.98583984375 0.1083984375 0.98486328125 0.1142578125 0.984375 0.1181640625 0.9814453125 0.1201171875 0.97802734375 0.1220703125 0.9755859375 0.130859375 0.974609375 0.119140625 0.9716796875 0.1171875 0.970703125 0.1123046875 0.96826171875 0.111328125 0.96337890625 0.1162109375 0.96435546875 0.1064453125 0.9609375 0.1025390625 0.9580078125 0.1005859375 0.95703125 0.095703125 0.955078125 0.0908203125 0.955078125 0.083984375 0.9521484375 0.0830078125 0.9501953125 0.0869140625 0.9501953125 0.0947265625 0.9482421875 0.099609375 0.94677734375 0.091796875 0.9443359375 0.091796875 0.93896484375 0.0908203125 0.93994140625 0.095703125 0.9404296875 0.099609375 0.9384765625 0.1005859375 0.9365234375 0.09765625 0.93115234375 0.0986328125 0.93115234375 0.1044921875 0.9296875 0.107421875 0.92626953125 0.1103515625 0.92431640625 0.111328125 0.923828125 0.1201171875 0.92431640625 0.1279296875 0.92626953125 0.1318359375 0.9287109375 0.1337890625 0.92724609375 0.1396484375 0.9287109375 0.14453125 0.92431640625 0.1474609375 0.92236328125 0.154296875 0.9208984375 0.1630859375 0.91845703125 0.1591796875 0.92041015625 0.150390625 0.91845703125 0.14453125 0.9169921875 0.138671875 0.91796875 0.130859375 0.9169921875 0.1279296875 0.9189453125 0.1142578125 0.916015625 0.1064453125 0.9130859375 0.109375 0.912109375 0.1064453125 0.9150390625 0.095703125 0.91455078125 0.087890625 0.91259765625 0.0810546875 0.912109375 0.072265625 0.91064453125 0.0673828125 0.9072265625 0.06640625 0.908203125 0.0556640625 0.90478515625 0.0517578125 0.90234375 0.044921875 0.89990234375 0.0400390625 0.89794921875 0.0361328125 0.89697265625 0.02734375 0.89453125 0.025390625 0.89208984375 0.0244140625 0.88916015625 0.015625 0.88916015625 0 0 0
9 0.1025390625 0.392578125 0.1025390625 0.400390625 0.1025390625 0.4033203125 0.10498046875 0.4033203125 0.10595703125 0.3955078125 0.10693359375 0.388671875 0.10888671875 0.3798828125 0.10693359375 0.3662109375 0.107421875 0.35546875 0.10595703125 0.353515625 0.10302734375 0.3564453125 0.10107421875 0.361328125 0.09912109375 0.37109375 0.09765625 0.3818359375 0.1005859375 0.3818359375 0.1015625 0.3857421875 0.1025390625 0.392578125
9 0.11572265625 0.40234375 0.11572265625 0.390625 0.1171875 0.3759765625 0.11865234375 0.3740234375 0.119140625 0.3681640625 0.11767578125 0.365234375 0.11669921875 0.3603515625 0.1142578125 0.3544921875 0.1123046875 0.3544921875 0.111328125 0.3583984375 0.11083984375 0.361328125 0.109375 0.3720703125 0.11083984375 0.400390625 0.11328125 0.4013671875 0.11572265625 0.40234375
9 0.1064453125 0.39453125 0.10595703125 0.3974609375 0.1064453125 0.40234375 0.10888671875 0.4033203125 0.11083984375 0.4013671875 0.11181640625 0.396484375 0.1123046875 0.390625 0.11279296875 0.3857421875 0.11328125 0.37890625 0.11328125 0.37109375 0.1123046875 0.3662109375 0.11083984375 0.361328125 0.11083984375 0.357421875 0.109375 0.3525390625 0.107421875 0.3525390625 0.1064453125 0.3564453125 0.10693359375 0.3603515625 0.10546875 0.3662109375 0.103515625 0.37109375 0.10546875 0.376953125 0.10693359375 0.3818359375 0.107421875 0.3876953125 0.1064453125 0.39453125
9 0.1318359375 0.3955078125 0.13232421875 0.4033203125 0.1357421875 0.40234375 0.1376953125 0.396484375 0.14111328125 0.404296875 0.14111328125 0.345703125 0.1376953125 0.345703125 0.13671875 0.3486328125 0.13671875 0.353515625 0.13671875 0.357421875 0.134765625 0.3603515625 0.13525390625 0.3701171875 0.134765625 0.3818359375 0.1357421875 0.390625 0.1318359375 0.3955078125
4 0.99462890625 0.380859375 0.99755859375 0.37890625 0.99755859375 0.373046875 0.9951171875 0.37109375 0.990234375 0.37109375 0.98486328125 0.3720703125 0.984375 0.37890625 0.984375 0.388671875 0.99365234375 0.3896484375 0.994140625 0.3857421875 0.99462890625 0.380859375
14 0 0.474609375 0.0263671875 0.4765625 0.1474609375 0.4775390625 0.24072265625 0.4794921875 0.43408203125 0.4814453125 0.55322265625 0.4853515625 0.701171875 0.486328125 0.81494140625 0.4873046875 0.9609375 0.48828125 0.99951171875 0.48828125 0.99951171875 0.4560546875 0.953125 0.4560546875 0.87060546875 0.4560546875 0.78955078125 0.451171875 0.6884765625 0.4443359375 0.66015625 0.447265625 0.603515625 0.447265625 0.59765625 0.443359375 0.57666015625 0.443359375 0.5166015625 0.4423828125 0.49072265625 0.4384765625 0.4462890625 0.4375 0.40283203125 0.4365234375 0.39501953125 0.4326171875 0.3134765625 0.431640625 0.30615234375 0.42578125 0.248046875 0.4267578125 0.21044921875 0.4189453125 0.154296875 0.419921875 0.10888671875 0.4140625 0.0283203125 0.4052734375 0 0.40234375 0 0.4287109375 0 0.474609375
15 0.15478515625 0.314453125 0.15625 0.310546875 0.15673828125 0.3046875 0.15625 0.2978515625 0.1552734375 0.294921875 0.15087890625 0.2939453125 0.15087890625 0.3134765625 0.15234375 0.31640625 0.15478515625 0.314453125
16 0.31201171875 0.296875 0.2998046875 0.296875 0.29931640625 0.2978515625 0.29931640625 0.322265625 0.2998046875 0.3232421875 0.30419921875 0.3232421875 0.31298828125 0.3232421875 0.3134765625 0.3203125 0.3134765625 0.298828125 0.31201171875 0.296875
16 0.3955078125 0.2294921875 0.3955078125 0.236328125 0.39501953125 0.294921875 0.41455078125 0.294921875 0.4150390625 0.2314453125 0.3955078125 0.2294921875
9 0.81201171875 0.439453125 0.8134765625 0.447265625 0.81103515625 0.44921875 0.80908203125 0.451171875 0.8095703125 0.453125 0.81298828125 0.4541015625 0.8173828125 0.4521484375 0.81787109375 0.4453125 0.81689453125 0.435546875 0.8173828125 0.427734375 0.8193359375 0.4296875 0.8203125 0.4384765625 0.82080078125 0.447265625 0.8193359375 0.4521484375 0.8203125 0.455078125 0.82470703125 0.4541015625 0.826171875 0.4453125 0.82470703125 0.4365234375 0.82373046875 0.423828125 0.8251953125 0.4140625 0.8251953125 0.4052734375 0.82470703125 0.3857421875 0.82373046875 0.37890625 0.822265625 0.373046875 0.82275390625 0.3681640625 0.82080078125 0.3623046875 0.8173828125 0.361328125 0.81494140625 0.365234375 0.814453125 0.3701171875 0.81494140625 0.3740234375 0.81591796875 0.37890625 0.81494140625 0.384765625 0.81494140625 0.3916015625 0.81103515625 0.3916015625 0.80908203125 0.3935546875 0.8095703125 0.396484375 0.8115234375 0.3994140625 0.81396484375 0.3994140625 0.81396484375 0.40625 0.81396484375 0.412109375 0.8115234375 0.4208984375 0.810546875 0.42578125 0.81103515625 0.4287109375 0.81201171875 0.439453125
9 0.87060546875 0.416015625 0.87060546875 0.4208984375 0.87060546875 0.4306640625 0.87060546875 0.439453125 0.86962890625 0.4482421875 0.86767578125 0.451171875 0.86767578125 0.455078125 0.87060546875 0.4560546875 0.87353515625 0.4560546875 0.8740234375 0.453125 0.8740234375 0.447265625 0.87451171875 0.4375 0.87548828125 0.4287109375 0.87744140625 0.427734375 0.87841796875 0.4365234375 0.87939453125 0.44140625 0.87939453125 0.447265625 0.87744140625 0.451171875 0.876953125 0.455078125 0.87890625 0.45703125 0.8818359375 0.4560546875 0.8828125 0.453125 0.88330078125 0.4443359375 0.88330078125 0.4375 0.88525390625 0.435546875 0.88720703125 0.43359375 0.88720703125 0.4140625 0.88671875 0.4013671875 0.88671875 0.3935546875 0.8857421875 0.3876953125 0.88330078125 0.3857421875 0.8828125 0.3798828125 0.8818359375 0.3740234375 0.88037109375 0.3720703125 0.876953125 0.3720703125 0.87548828125 0.3740234375 0.8759765625 0.380859375 0.87548828125 0.3857421875 0.873046875 0.3896484375 0.87109375 0.39453125 0.8701171875 0.404296875 0.8681640625 0.41015625 0.86865234375 0.4150390625 0.87060546875 0.416015625
15 0.89013671875 0.3134765625 0.89306640625 0.3125 0.89453125 0.30078125 0.8984375 0.30078125 0.8984375 0.2958984375 0.900390625 0.2666015625 0.9013671875 0.25 0.88623046875 0.2490234375 0.88623046875 0.25390625 0.89111328125 0.2568359375 0.892578125 0.259765625 0.8916015625 0.2666015625 0.884765625 0.2666015625 0.88427734375 0.271484375 0.88671875 0.2734375 0.890625 0.28125 0.89013671875 0.287109375 0.8828125 0.287109375 0.88134765625 0.2890625 0.8818359375 0.2939453125 0.88427734375 0.296875 0.88720703125 0.2998046875 0.8876953125 0.3046875 0.8876953125 0.3115234375 0.89013671875 0.3134765625
9 0.66552734375 0.474609375 0.66552734375 0.4853515625 0.6640625 0.4912109375 0.662109375 0.49609375 0.65966796875 0.5 0.65625 0.5009765625 0.6552734375 0.5029296875 0.6552734375 0.5068359375 0.65673828125 0.5087890625 0.669921875 0.5087890625 0.67041015625 0.5048828125 0.669921875 0.4990234375 0.67138671875 0.4892578125 0.6728515625 0.4755859375 0.6728515625 0.4677734375 0.6767578125 0.4716796875 0.68017578125 0.478515625 0.68359375 0.484375 0.68603515625 0.4873046875 0.6884765625 0.4912109375 0.689453125 0.49609375 0.689453125 0.5009765625 0.68896484375 0.5078125 0.69189453125 0.5078125 0.69384765625 0.5 0.6953125 0.4814453125 0.6943359375 0.4794921875 0.69091796875 0.478515625 0.68408203125 0.46484375 0.6796875 0.4599609375 0.67919921875 0.4521484375 0.6787109375 0.443359375 0.67919921875 0.4375 0.6806640625 0.435546875 0.68212890625 0.4296875 0.68359375 0.404296875 0.6845703125 0.408203125 0.685546875 0.419921875 0.6865234375 0.431640625 0.685546875 0.4375 0.6865234375 0.443359375 0.689453125 0.4443359375 0.69140625 0.4423828125 0.69287109375 0.43359375 0.6923828125 0.431640625 0.69091796875 0.427734375 0.689453125 0.41015625 0.6884765625 0.3994140625 0.68798828125 0.3896484375 0.68701171875 0.3798828125 0.68603515625 0.3671875 0.68212890625 0.359375 0.6796875 0.35546875 0.67919921875 0.3525390625 0.68017578125 0.3447265625 0.6796875 0.3369140625 0.67822265625 0.333984375 0.6748046875 0.330078125 0.67138671875 0.330078125 0.66796875 0.3330078125 0.666015625 0.3408203125 0.66650390625 0.3466796875 0.6689453125 0.3525390625 0.67138671875 0.357421875 0.67138671875 0.3603515625 0.66796875 0.3662109375 0.66748046875 0.373046875 0.66748046875 0.384765625 0.66796875 0.392578125 0.6689453125 0.400390625 0.66796875 0.4091796875 0.6669921875 0.4140625 0.666015625 0.41796875 0.66552734375 0.4248046875 0.66552734375 0.4296875 0.6669921875 0.43359375 0.66748046875 0.439453125 0.6650390625 0.4521484375 0.66455078125 0.4599609375 0.6650390625 0.46484375 0.66552734375 0.474609375
21 0.01953125 0 0.01953125 0.009765625 0.017578125 0.015625 0.01171875 0.0185546875 0.0078125 0.0234375 0.005859375 0.0302734375 0.005859375 0.037109375 0.0078125 0.044921875 0.0107421875 0.0458984375 0.01123046875 0.0498046875 0.005859375 0.0556640625 0.0048828125 0.0634765625 0.00390625 0.07421875 0.00244140625 0.083984375 0.00439453125 0.09375 0.00341796875 0.103515625 0.00341796875 0.1123046875 0.0048828125 0.1181640625 0.00244140625 0.1220703125 0.005859375 0.130859375 0.0068359375 0.140625 0.01171875 0.15234375 0.017578125 0.158203125 0.0244140625 0.16015625 0.03076171875 0.1591796875 0.0322265625 0.1669921875 0.03564453125 0.1689453125 0.04052734375 0.169921875 0.041015625 0.177734375 0.0380859375 0.1796875 0.03515625 0.1865234375 0.0322265625 0.19140625 0.03125 0.1953125 0.0302734375 0.2060546875 0.03466796875 0.208984375 0.033203125 0.2138671875 0.0322265625 0.2216796875 0.03466796875 0.2255859375 0.03759765625 0.2294921875 0.03955078125 0.2373046875 0.03759765625 0.2431640625 0.03955078125 0.2431640625 0.04345703125 0.2421875 0.04736328125 0.240234375 0.05029296875 0.2431640625 0.05224609375 0.248046875 0.05712890625 0.25 0.05908203125 0.2431640625 0.05859375 0.236328125 0.06005859375 0.2275390625 0.0615234375 0.21875 0.06494140625 0.216796875 0.06689453125 0.2119140625 0.0712890625 0.2109375 0.07470703125 0.212890625 0.076171875 0.21875 0.07666015625 0.236328125 0.0771484375 0.2646484375 0.0771484375 0.28515625 0.0771484375 0.3232421875 0.07666015625 0.388671875 0.07666015625 0.42578125 0.0751953125 0.44921875 0.0810546875 0.44921875 0.0859375 0.4482421875 0.0859375 0.318359375 0.0859375 0.2802734375 0.08544921875 0.248046875 0.0849609375 0.22265625 0.0849609375 0.216796875 0.0908203125 0.2158203125 0.09912109375 0.2158203125 0.10302734375 0.21484375 0.1064453125 0.21875 0.10791015625 0.2158203125 0.111328125 0.2158203125 0.11572265625 0.21875 0.11865234375 0.2138671875 0.11767578125 0.2060546875 0.12255859375 0.2001953125 0.12451171875 0.189453125 0.1259765625 0.1796875 0.1259765625 0.1748046875 0.13134765625 0.1669921875 0.14208984375 0.130859375 0.14794921875 0.1103515625 0.15283203125 0.109375 0.15673828125 0.1083984375 0.16259765625 0.10546875 0.16162109375 0.09765625 0.158203125 0.09765625 0.15576171875 0.0908203125 0.1552734375 0.0810546875 0.1572265625 0.07421875 0.15869140625 0.064453125 0.154296875 0.0634765625 0.15234375 0.0595703125 0.1552734375 0.0517578125 0.15234375 0.0478515625 0.14794921875 0.04296875 0.15087890625 0.0390625 0.15478515625 0.0341796875 0.1533203125 0.0302734375 0.15283203125 0.0263671875 0.154296875 0.0205078125 0.158203125 0.0146484375 0.15966796875 0.009765625 0.1611328125 0.0029296875 0.15966796875 0 0.01953125 0
16 0.103515625 0.19140625 0.1044921875 0.181640625 0.10302734375 0.1787109375 0.09521484375 0.173828125 0.09375 0.17578125 0.09423828125 0.185546875 0.0966796875 0.2197265625 0.0986328125 0.2333984375 0.10009765625 0.2314453125 0.103515625 0.19140625
16 0.1015625 0.234375 0.0947265625 0.2314453125 0.09375 0.2353515625 0.09375 0.2421875 0.0947265625 0.2470703125 0.095703125 0.25 0.0986328125 0.2490234375 0.1015625 0.25 0.1025390625 0.2431640625 0.10205078125 0.2373046875 0.1015625 0.234375
9 0.2373046875 0.3505859375 0.23291015625 0.3447265625 0.23095703125 0.3408203125 0.2275390625 0.3359375 0.22412109375 0.337890625 0.22119140625 0.345703125 0.22412109375 0.3564453125 0.22802734375 0.3916015625 0.23779296875 0.3837890625 0.2392578125 0.3720703125 0.2373046875 0.3505859375
9 0.2216796875 0.4423828125 0.2236328125 0.453125 0.22265625 0.458984375 0.2197265625 0.4609375 0.21875 0.4638671875 0.220703125 0.466796875 0.2275390625 0.466796875 0.2314453125 0.4677734375 0.23291015625 0.46484375 0.2333984375 0.45703125 0.23388671875 0.4482421875 0.234375 0.439453125 0.23388671875 0.4306640625 0.23388671875 0.4248046875 0.234375 0.41796875 0.23583984375 0.412109375 0.2373046875 0.4052734375 0.240234375 0.404296875 0.24365234375 0.40625 0.24365234375 0.3955078125 0.24169921875 0.3828125 0.23974609375 0.37109375 0.2373046875 0.3642578125 0.2333984375 0.3564453125 0.22998046875 0.3525390625 0.228515625 0.3466796875 0.2255859375 0.34375 0.22412109375 0.34375 0.22119140625 0.3466796875 0.22119140625 0.353515625 0.2216796875 0.359375 0.2216796875 0.3662109375 0.220703125 0.373046875 0.22021484375 0.3798828125 0.2216796875 0.384765625 0.22265625 0.390625 0.2216796875 0.4013671875 0.220703125 0.4150390625 0.2197265625 0.42578125 0.220703125 0.43359375 0.2216796875 0.4423828125
9 0.2431640625 0.4599609375 0.23974609375 0.4609375 0.23779296875 0.4619140625 0.240234375 0.46484375 0.244140625 0.466796875 0.24853515625 0.4677734375 0.25244140625 0.462890625 0.25537109375 0.458984375 0.25537109375 0.455078125 0.25390625 0.4443359375 0.25341796875 0.43359375 0.251953125 0.4248046875 0.25146484375 0.4189453125 0.25439453125 0.41015625 0.2568359375 0.4033203125 0.2578125 0.3974609375 0.25927734375 0.3955078125 0.26318359375 0.39453125 0.265625 0.3876953125 0.265625 0.380859375 0.26416015625 0.373046875 0.26171875 0.3671875 0.25830078125 0.3603515625 0.25830078125 0.3525390625 0.25732421875 0.345703125 0.2548828125 0.34375 0.25146484375 0.341796875 0.248046875 0.341796875 0.24853515625 0.3349609375 0.24853515625 0.3291015625 0.24609375 0.32421875 0.24365234375 0.322265625 0.24072265625 0.322265625 0.2392578125 0.32421875 0.23828125 0.3291015625 0.23876953125 0.3349609375 0.23974609375 0.34375 0.24169921875 0.3466796875 0.244140625 0.34765625 0.2421875 0.3505859375 0.2421875 0.361328125 0.24169921875 0.37109375 0.23974609375 0.3720703125 0.23974609375 0.3779296875 0.24267578125 0.3818359375 0.244140625 0.3876953125 0.24267578125 0.392578125 0.24169921875 0.3994140625 0.24072265625 0.4091796875 0.2421875 0.416015625 0.2431640625 0.4248046875 0.24462890625 0.4375 0.2451171875 0.443359375 0.2451171875 0.451171875 0.2431640625 0.4599609375
16 0.1328125 0.1904296875 0.134765625 0.19921875 0.13671875 0.203125 0.13916015625 0.2041015625 0.142578125 0.1982421875 0.14453125 0.1884765625 0.14697265625 0.1748046875 0.1474609375 0.1572265625 0.14697265625 0.1435546875 0.14501953125 0.1259765625 0.142578125 0.1162109375 0.13916015625 0.1142578125 0.13623046875 0.1171875 0.13330078125 0.1259765625 0.1318359375 0.1416015625 0.13134765625 0.1552734375 0.130859375 0.166015625 0.1318359375 0.1767578125 0.1328125 0.1904296875
21 0.48095703125 0 0.48046875 0.033203125 0.4794921875 0.0673828125 0.4794921875 0.08984375 0.4794921875 0.1083984375 0.478515625 0.1259765625 0.47802734375 0.1396484375 0.4775390625 0.1806640625 0.4765625 0.19921875 0.4755859375 0.205078125 0.474609375 0.216796875 0.4755859375 0.2294921875 0.4765625 0.2490234375 0.4755859375 0.2939453125 0.47607421875 0.3173828125 0.47705078125 0.3466796875 0.4775390625 0.3828125 0.4775390625 0.431640625 0.4775390625 0.5009765625 0.47705078125 0.533203125 0.47705078125 0.5400390625 0.4833984375 0.5439453125 0.49072265625 0.5458984375 0.50048828125 0.54296875 0.50146484375 0.5390625 0.4990234375 0.4912109375 0.498046875 0.4609375 0.49853515625 0.419921875 0.49755859375 0.34765625 0.49658203125 0.2802734375 0.49853515625 0.24609375 0.49853515625 0.22265625 0.498046875 0.154296875 0.49951171875 0.111328125 0.50146484375 0.0615234375 0.50439453125 0 0.48095703125 0