13 0 0.9990234375 0.99951171875 0.9990234375 0.99951171875 0.953125 0.92626953125 0.806640625 0.7548828125 0.55859375 0.75537109375 0.4755859375 0.7666015625 0.453125 0.75927734375 0.4375 0.74853515625 0.4326171875 0.6953125 0.427734375 0.64990234375 0.4208984375 0.64794921875 0.4150390625 0.61962890625 0.419921875 0.578125 0.439453125 0.4287109375 0.513671875 0 0.73046875 0 0.9990234375
13 0.63916015625 0.4580078125 0.61474609375 0.4541015625 0.59033203125 0.4560546875 0.57568359375 0.443359375 0.56787109375 0.4443359375 0.5673828125 0.4453125 0.587890625 0.4794921875 0.6005859375 0.4873046875 0.6015625 0.4873046875 0.63916015625 0.4580078125
14 0.58740234375 0.4912109375 0.5908203125 0.4912109375 0.5947265625 0.4912109375 0.59765625 0.4912109375 0.60107421875 0.48828125 0.599609375 0.4755859375 0.5947265625 0.4765625 0.587890625 0.4765625 0.564453125 0.4501953125 0.56396484375 0.4921875 0.5751953125 0.4921875 0.58740234375 0.4912109375
2 0.255859375 0 0.41748046875 0.380859375 0.5439453125 0.435546875 0.6796875 0.421875 0.75048828125 0.43359375 0.76025390625 0.4326171875 0.75732421875 0.50390625 0.81982421875 0.705078125 0.99951171875 0.8486328125 0.99951171875 0 0.255859375 0
14 0.72412109375 0.474609375 0.7158203125 0.4814453125 0.71240234375 0.4853515625 0.708984375 0.490234375 0.70849609375 0.4970703125 0.71044921875 0.5078125 0.7294921875 0.572265625 0.7666015625 0.69921875 0.83349609375 0.919921875 0.85498046875 0.9990234375 0.99951171875 0.9990234375 0.99951171875 0.77734375 0.984375 0.7724609375 0.951171875 0.740234375 0.81787109375 0.572265625 0.8134765625 0.5673828125 0.8134765625 0.556640625 0.80029296875 0.5390625 0.79736328125 0.5380859375 0.7939453125 0.53515625 0.787109375 0.5361328125 0.7822265625 0.52734375 0.77978515625 0.5224609375 0.76025390625 0.490234375 0.76025390625 0.474609375 0.76025390625 0.447265625 0.7578125 0.4482421875 0.7490234375 0.453125 0.73193359375 0.466796875 0.72412109375 0.474609375
14 0.66455078125 0.439453125 0.6689453125 0.439453125 0.67529296875 0.4365234375 0.6826171875 0.43359375 0.68212890625 0.4306640625 0.6767578125 0.4296875 0.66650390625 0.427734375 0.658203125 0.427734375 0.6533203125 0.427734375 0.6376953125 0.4140625 0.64111328125 0.4326171875 0.65625 0.4384765625 0.66455078125 0.439453125
14 0.599609375 0.4609375 0.61328125 0.458984375 0.625 0.45703125 0.62841796875 0.4560546875 0.62841796875 0.4501953125 0.603515625 0.4384765625 0.59326171875 0.42578125 0.583984375 0.4306640625 0.54296875 0.4150390625 0.57666015625 0.4609375 0.58984375 0.4609375 0.599609375 0.4609375
21 0.314453125 0 0.31640625 0.033203125 0.3251953125 0.095703125 0.37158203125 0.109375 0.396484375 0.15234375 0.42724609375 0.1591796875 0.439453125 0.1279296875 0.44091796875 0.1201171875 0.4443359375 0.1103515625 0.4365234375 0.107421875 0.42919921875 0.0966796875 0.42041015625 0.0869140625 0.41064453125 0.0791015625 0.41552734375 0.0751953125 0.421875 0.0751953125 0.42626953125 0.072265625 0.43310546875 0.083984375 0.44189453125 0.0908203125 0.44384765625 0.083984375 0.43994140625 0.0703125 0.43896484375 0.0556640625 0.4365234375 0.037109375 0.44287109375 0.0390625 0.45263671875 0.0498046875 0.4599609375 0.05859375 0.46923828125 0.0595703125 0.46826171875 0.0517578125 0.462890625 0.0390625 0.455078125 0.0234375 0.4384765625 0 0.314453125 0
4 0.64794921875 0.4140625 0.6474609375 0.3974609375 0.6455078125 0.390625 0.64306640625 0.3857421875 0.6416015625 0.37890625 0.638671875 0.376953125 0.63525390625 0.3759765625 0.6298828125 0.3759765625 0.6171875 0.376953125 0.60693359375 0.3798828125 0.6044921875 0.4013671875 0.6357421875 0.423828125 0.64794921875 0.4140625
4 0.6005859375 0.3837890625 0.5986328125 0.3896484375 0.59716796875 0.3955078125 0.59423828125 0.40625 0.59326171875 0.4150390625 0.59130859375 0.423828125 0.591796875 0.4375 0.59326171875 0.4482421875 0.59375 0.451171875 0.59912109375 0.451171875 0.62890625 0.44921875 0.63623046875 0.44921875 0.63720703125 0.4501953125 0.63720703125 0.4541015625 0.638671875 0.455078125 0.64208984375 0.455078125 0.6435546875 0.4541015625 0.64404296875 0.4521484375 0.64453125 0.4501953125 0.6474609375 0.451171875 0.6484375 0.4501953125 0.6494140625 0.4482421875 0.64990234375 0.443359375 0.650390625 0.4326171875 0.65087890625 0.4267578125 0.650390625 0.4150390625 0.6494140625 0.408203125 0.64794921875 0.4033203125 0.6474609375 0.400390625 0.64453125 0.39453125 0.642578125 0.3955078125 0.64111328125 0.390625 0.63818359375 0.3857421875 0.63623046875 0.380859375 0.630859375 0.376953125 0.61962890625 0.376953125 0.60986328125 0.37890625 0.6064453125 0.37890625 0.6025390625 0.3798828125 0.6005859375 0.3837890625
4 0.52197265625 0.48046875 0.5439453125 0.4921875 0.55029296875 0.4931640625 0.5537109375 0.4951171875 0.5537109375 0.498046875 0.55517578125 0.5029296875 0.55615234375 0.5087890625 0.5576171875 0.51171875 0.55908203125 0.5126953125 0.56640625 0.5126953125 0.5673828125 0.5126953125 0.56884765625 0.5107421875 0.5693359375 0.5068359375 0.5703125 0.498046875 0.5703125 0.4912109375 0.57080078125 0.490234375 0.57470703125 0.4892578125 0.57470703125 0.4931640625 0.57568359375 0.4990234375 0.57666015625 0.5009765625 0.5849609375 0.5009765625 0.5869140625 0.4990234375 0.5869140625 0.4951171875 0.58740234375 0.4833984375 0.5869140625 0.4599609375 0.5869140625 0.447265625 0.5869140625 0.4375 0.583984375 0.4267578125 0.5810546875 0.41796875 0.58154296875 0.4169921875 0.5830078125 0.4169921875 0.5869140625 0.4169921875 0.58837890625 0.416015625 0.5888671875 0.4140625 0.587890625 0.4091796875 0.5859375 0.40625 0.5791015625 0.40625 0.578125 0.408203125 0.5771484375 0.408203125 0.572265625 0.3955078125 0.5673828125 0.3828125 0.5654296875 0.3759765625 0.5595703125 0.373046875 0.552734375 0.3701171875 0.54150390625 0.3681640625 0.51416015625 0.3681640625 0.50341796875 0.373046875 0.50341796875 0.3779296875 0.5166015625 0.4384765625 0.52197265625 0.48046875
4 0.45947265625 0.5341796875 0.48193359375 0.533203125 0.49267578125 0.5341796875 0.49658203125 0.53515625 0.49658203125 0.5478515625 0.4990234375 0.5615234375 0.5009765625 0.568359375 0.5126953125 0.568359375 0.515625 0.5673828125 0.517578125 0.560546875 0.517578125 0.5517578125 0.51806640625 0.54296875 0.51806640625 0.5322265625 0.52001953125 0.5283203125 0.5283203125 0.5234375 0.52880859375 0.52734375 0.52880859375 0.537109375 0.53173828125 0.5390625 0.5361328125 0.5400390625 0.5439453125 0.5390625 0.54541015625 0.533203125 0.54638671875 0.5126953125 0.54638671875 0.48828125 0.54736328125 0.48046875 0.5478515625 0.466796875 0.54736328125 0.4560546875 0.5458984375 0.443359375 0.54296875 0.431640625 0.5380859375 0.4267578125 0.53515625 0.4208984375 0.53759765625 0.419921875 0.53955078125 0.4169921875 0.5400390625 0.408203125 0.537109375 0.4052734375 0.53515625 0.4013671875 0.53125 0.400390625 0.53076171875 0.408203125 0.52978515625 0.412109375 0.52783203125 0.400390625 0.521484375 0.380859375 0.51513671875 0.3681640625 0.5107421875 0.359375 0.50537109375 0.35546875 0.4990234375 0.353515625 0.47705078125 0.349609375 0.4580078125 0.349609375 0.4296875 0.353515625 0.4130859375 0.3583984375 0.408203125 0.3662109375 0.400390625 0.37890625 0.39794921875 0.4912109375 0.4384765625 0.537109375 0.45947265625 0.5341796875
4 0.2109375 0.3310546875 0.20703125 0.3359375 0.20263671875 0.3408203125 0.19873046875 0.349609375 0.189453125 0.3662109375 0.1787109375 0.392578125 0.17138671875 0.41796875 0.16650390625 0.4453125 0.162109375 0.4716796875 0.16064453125 0.4921875 0.16015625 0.513671875 0.15966796875 0.515625 0.15576171875 0.525390625 0.154296875 0.537109375 0.140625 0.5517578125 0.10107421875 0.6953125 0.19140625 0.7099609375 0.1953125 0.6943359375 0.19775390625 0.6884765625 0.20068359375 0.6806640625 0.2021484375 0.669921875 0.2041015625 0.6630859375 0.20703125 0.6630859375 0.21044921875 0.662109375 0.21484375 0.654296875 0.2216796875 0.6494140625 0.23828125 0.6474609375 0.25341796875 0.6494140625 0.27392578125 0.65234375 0.30908203125 0.6494140625 0.33447265625 0.6455078125 0.341796875 0.64453125 0.3447265625 0.646484375 0.345703125 0.6513671875 0.34716796875 0.6650390625 0.35107421875 0.6875 0.3544921875 0.6953125 0.35986328125 0.697265625 0.37255859375 0.6943359375 0.3759765625 0.689453125 0.37744140625 0.677734375 0.380859375 0.658203125 0.38134765625 0.6396484375 0.3818359375 0.630859375 0.38671875 0.6259765625 0.41552734375 0.607421875 0.419921875 0.60546875 0.42041015625 0.615234375 0.42333984375 0.6240234375 0.4267578125 0.626953125 0.4384765625 0.6259765625 0.4423828125 0.623046875 0.44580078125 0.6142578125 0.447265625 0.59765625 0.44775390625 0.56640625 0.44970703125 0.5439453125 0.44873046875 0.5185546875 0.447265625 0.50390625 0.44384765625 0.486328125 0.44091796875 0.4765625 0.43798828125 0.4638671875 0.43408203125 0.451171875 0.4306640625 0.4423828125 0.43310546875 0.44140625 0.43896484375 0.4365234375 0.439453125 0.4208984375 0.43701171875 0.412109375 0.43212890625 0.408203125 0.42626953125 0.40625 0.423828125 0.4130859375 0.42431640625 0.4267578125 0.4228515625 0.41796875 0.41552734375 0.392578125 0.40625 0.3681640625 0.392578125 0.3408203125 0.3798828125 0.32421875 0.3701171875 0.31640625 0.3564453125 0.3125 0.32568359375 0.3095703125 0.28515625 0.3115234375 0.255859375 0.3134765625 0.228515625 0.3212890625 0.224609375 0.3232421875 0.2216796875 0.3251953125 0.2109375 0.3310546875
4 0 0.9541015625 0.1005859375 0.873046875 0.111328125 0.8642578125 0.11279296875 0.865234375 0.11328125 0.869140625 0.1181640625 0.896484375 0.125 0.908203125 0.1328125 0.9150390625 0.14306640625 0.9150390625 0.1533203125 0.91015625 0.16015625 0.9052734375 0.16748046875 0.8974609375 0.17236328125 0.8837890625 0.17529296875 0.869140625 0.177734375 0.8544921875 0.18017578125 0.83203125 0.18212890625 0.80859375 0.18212890625 0.7880859375 0.18310546875 0.7861328125 0.18603515625 0.7724609375 0.1904296875 0.74609375 0.1923828125 0.7001953125 0.19189453125 0.654296875 0.185546875 0.6201171875 0.1796875 0.599609375 0.1767578125 0.5830078125 0.1689453125 0.5625 0.16162109375 0.546875 0.15478515625 0.5400390625 0.15087890625 0.53515625 0.134765625 0.52734375 0.12060546875 0.5234375 0.10595703125 0.5234375 0.08740234375 0.5205078125 0.0908203125 0.5087890625 0.09375 0.4931640625 0.091796875 0.4794921875 0.08740234375 0.466796875 0.0791015625 0.4609375 0.0712890625 0.455078125 0.06396484375 0.4541015625 0.05712890625 0.45703125 0.05322265625 0.4638671875 0.0380859375 0.427734375 0.02392578125 0.3935546875 0 0.34375 0 0.9541015625