13 0 0.9990234375 0.99951171875 0.9990234375 0.99951171875 0.6865234375 0.72998046875 0.568359375 0.71533203125 0.564453125 0.62841796875 0.521484375 0.33447265625 0.4599609375 0.1572265625 0.4384765625 0.07275390625 0.4267578125 0.02099609375 0.421875 0.01513671875 0.412109375 0.00927734375 0.408203125 0.0029296875 0.41015625 0 0.4130859375 0 0.9990234375
2 0 0 0 0.408203125 0.01708984375 0.419921875 0.109375 0.43359375 0.21337890625 0.4501953125 0.283203125 0.4541015625 0.29833984375 0.451171875 0.4736328125 0.482421875 0.69775390625 0.53515625 0.99951171875 0.634765625 0.99951171875 0 0 0
4 0 0.4130859375 0.00048828125 0.41796875 0.00439453125 0.41796875 0.005859375 0.419921875 0.00634765625 0.4228515625 0.00732421875 0.423828125 0.0087890625 0.4248046875 0.0107421875 0.42578125 0.01220703125 0.423828125 0.0126953125 0.419921875 0.0126953125 0.4169921875 0.013671875 0.4130859375 0.013671875 0.4091796875 0.01318359375 0.4033203125 0.0126953125 0.3974609375 0.00927734375 0.3876953125 0.00830078125 0.384765625 0.00634765625 0.3818359375 0.00390625 0.3779296875 0 0.3779296875 0 0.4130859375
15 0.04150390625 0.318359375 0.04150390625 0.2890625 0.0322265625 0.2890625 0.03173828125 0.3154296875 0.03173828125 0.318359375 0.03955078125 0.318359375 0.04150390625 0.318359375
15 0.03515625 0.3349609375 0.0361328125 0.3349609375 0.037109375 0.333984375 0.03857421875 0.3310546875 0.03955078125 0.326171875 0.0390625 0.3232421875 0.0380859375 0.322265625 0.037109375 0.3203125 0.03369140625 0.322265625 0.0322265625 0.326171875 0.03271484375 0.3291015625 0.03369140625 0.333984375 0.03515625 0.3349609375
15 0.04052734375 0.3349609375 0.04052734375 0.3330078125 0.0322265625 0.33203125 0.0322265625 0.3564453125 0.03271484375 0.359375 0.04052734375 0.359375 0.04052734375 0.3349609375
9 0.0615234375 0.4091796875 0.0615234375 0.40625 0.06201171875 0.404296875 0.0625 0.4013671875 0.0625 0.400390625 0.06298828125 0.3974609375 0.06298828125 0.3935546875 0.0625 0.390625 0.06201171875 0.3876953125 0.0615234375 0.384765625 0.06103515625 0.3828125 0.060546875 0.3798828125 0.0595703125 0.3779296875 0.06005859375 0.3759765625 0.0595703125 0.373046875 0.05908203125 0.37109375 0.0576171875 0.37109375 0.05517578125 0.375 0.0556640625 0.376953125 0.05517578125 0.3779296875 0.0546875 0.3798828125 0.0546875 0.3828125 0.05419921875 0.3857421875 0.05322265625 0.390625 0.052734375 0.392578125 0.052734375 0.3955078125 0.0537109375 0.3974609375 0.0537109375 0.4033203125 0.0537109375 0.404296875 0.05517578125 0.40625 0.05615234375 0.4072265625 0.056640625 0.4072265625 0.056640625 0.408203125 0.056640625 0.41015625 0.05615234375 0.4130859375 0.05615234375 0.416015625 0.05615234375 0.41796875 0.05517578125 0.419921875 0.05712890625 0.423828125 0.05810546875 0.4208984375 0.05810546875 0.41796875 0.05859375 0.41796875 0.05908203125 0.41796875 0.06005859375 0.4189453125 0.06005859375 0.419921875 0.060546875 0.421875 0.0625 0.423828125 0.0654296875 0.4248046875 0.06494140625 0.421875 0.06396484375 0.419921875 0.0625 0.4169921875 0.06201171875 0.412109375 0.0615234375 0.4091796875
9 0.1044921875 0.3955078125 0.10498046875 0.3935546875 0.10498046875 0.392578125 0.1044921875 0.390625 0.103515625 0.388671875 0.103515625 0.38671875 0.10107421875 0.3818359375 0.10009765625 0.3779296875 0.10009765625 0.3759765625 0.10009765625 0.375 0.09716796875 0.375 0.0966796875 0.3779296875 0.0966796875 0.3828125 0.095703125 0.384765625 0.0947265625 0.38671875 0.0947265625 0.388671875 0.09375 0.3916015625 0.09375 0.3955078125 0.09326171875 0.3984375 0.09375 0.400390625 0.0947265625 0.4013671875 0.095703125 0.4013671875 0.0966796875 0.40234375 0.0966796875 0.40625 0.09716796875 0.4150390625 0.09765625 0.41796875 0.09814453125 0.423828125 0.09912109375 0.4248046875 0.1025390625 0.42578125 0.10498046875 0.421875 0.10595703125 0.4189453125 0.10595703125 0.416015625 0.10595703125 0.4091796875 0.10546875 0.404296875 0.10400390625 0.4033203125 0.103515625 0.400390625 0.103515625 0.3974609375 0.1044921875 0.3955078125
15 0.12060546875 0.3818359375 0.1162109375 0.38671875 0.11669921875 0.421875 0.11865234375 0.4267578125 0.12158203125 0.421875 0.12255859375 0.390625 0.12060546875 0.3818359375
15 0.23876953125 0.4443359375 0.240234375 0.4443359375 0.24072265625 0.435546875 0.2412109375 0.4326171875 0.2421875 0.4287109375 0.2421875 0.3935546875 0.24169921875 0.3896484375 0.2373046875 0.390625 0.23583984375 0.392578125 0.2353515625 0.4306640625 0.2373046875 0.4326171875 0.23779296875 0.43359375 0.23876953125 0.4443359375
14 0.1953125 0.19140625 0.197265625 0.19140625 0.19873046875 0.1904296875 0.2001953125 0.1875 0.20068359375 0.1826171875 0.201171875 0.1787109375 0.2060546875 0.1796875 0.20751953125 0.1044921875 0.2099609375 0.103515625 0.21044921875 0.103515625 0.21337890625 0.1005859375 0.21435546875 0.0966796875 0.21435546875 0.087890625 0.21337890625 0.083984375 0.21240234375 0.0810546875 0.21240234375 0.080078125 0.2119140625 0.07421875 0.21337890625 0.0029296875 0.20166015625 0.0009765625 0.17333984375 0 0.1748046875 0.072265625 0.18017578125 0.076171875 0.18017578125 0.158203125 0.18017578125 0.1708984375 0.18017578125 0.173828125 0.1806640625 0.185546875 0.18115234375 0.185546875 0.18359375 0.1875 0.1845703125 0.1904296875 0.185546875 0.1953125 0.18994140625 0.1962890625 0.19140625 0.193359375 0.1923828125 0.19140625 0.1953125 0.19140625
14 0.14306640625 0 0.14013671875 0.00390625 0.13818359375 0.009765625 0.13671875 0.0205078125 0.1376953125 0.025390625 0.13916015625 0.0283203125 0.1416015625 0.03125 0.1435546875 0.056640625 0.14111328125 0.056640625 0.13818359375 0.060546875 0.13671875 0.0693359375 0.13671875 0.076171875 0.138671875 0.0810546875 0.1396484375 0.0830078125 0.142578125 0.0849609375 0.142578125 0.107421875 0.14013671875 0.109375 0.13916015625 0.109375 0.13671875 0.11328125 0.13525390625 0.12109375 0.134765625 0.12890625 0.13671875 0.1337890625 0.1396484375 0.13671875 0.14111328125 0.1552734375 0.14404296875 0.15625 0.150390625 0.15625 0.14990234375 0.1611328125 0.14990234375 0.1669921875 0.1708984375 0.171875 0.17578125 0.1689453125 0.17529296875 0.1630859375 0.17236328125 0.1611328125 0.16796875 0.16015625 0.16748046875 0.1513671875 0.1689453125 0.021484375 0.16943359375 0 0.16796875 0 0.14990234375 0 0.14306640625 0
15 0.37939453125 0.2939453125 0.37939453125 0.33984375 0.38037109375 0.341796875 0.39013671875 0.3427734375 0.3935546875 0.341796875 0.39403281093750003 0.2958970828125 0.37939453125 0.2939453125
15 0.39111328125 0.2705078125 0.39013671875 0.26953125 0.3876953125 0.267578125 0.3837890625 0.267578125 0.380859375 0.2734375 0.37939453125 0.27734375 0.37939453125 0.2822265625 0.3798828125 0.2861328125 0.38134765625 0.291015625 0.3828125 0.2939453125 0.384765625 0.294921875 0.38720703125 0.294921875 0.390625 0.29296875 0.39306640625 0.287109375 0.39306640625 0.2783203125 0.392578125 0.2734375 0.39111328125 0.2705078125
15 0.6064453125 0.2353515625 0.60546875 0.2392578125 0.6044921875 0.2646484375 0.60693359375 0.265625 0.61865234375 0.26953125 0.619140625 0.2626953125 0.62109375 0.2421875 0.62109375 0.2373046875 0.607421875 0.234375 0.6064453125 0.2353515625
4 0.6845703125 0.8017578125 0.68212890625 0.7744140625 0.681640625 0.763671875 0.68212890625 0.748046875 0.68408203125 0.7255859375 0.68408203125 0.7041015625 0.68505859375 0.6884765625 0.6845703125 0.6806640625 0.68359375 0.6708984375 0.68212890625 0.6552734375 0.681640625 0.6455078125 0.6796875 0.6337890625 0.67578125 0.623046875 0.6728515625 0.6142578125 0.67041015625 0.6064453125 0.669921875 0.599609375 0.67138671875 0.5986328125 0.67236328125 0.5966796875 0.6650390625 0.552734375 0.65087890625 0.482421875 0.62109375 0.3798828125 0.61572265625 0.3671875 0.611328125 0.3603515625 0.60791015625 0.353515625 0.6025390625 0.349609375 0.5908203125 0.345703125 0.55615234375 0.3388671875 0.50634765625 0.3359375 0.5009765625 0.3349609375 0.50048828125 0.3291015625 0.50048828125 0.1796875 0.49755859375 0.3134765625 0.4951171875 0.3388671875 0.46923828125 0.337890625 0.45361328125 0.3388671875 0.43310546875 0.33984375 0.4130859375 0.34375 0.392578125 0.3505859375 0.3837890625 0.3583984375 0.35986328125 0.43359375 0.3505859375 0.4736328125 0.3505859375 0.4755859375 0.34130859375 0.4775390625 0.33349609375 0.4794921875 0.3291015625 0.4814453125 0.3251953125 0.484375 0.32275390625 0.4912109375 0.322265625 0.5009765625 0.3232421875 0.5087890625 0.3251953125 0.513671875 0.32861328125 0.517578125 0.333984375 0.51953125 0.33837890625 0.51953125 0.3427734375 0.5205078125 0.33642578125 0.5546875 0.33203125 0.56640625 0.330078125 0.5712890625 0.3291015625 0.5751953125 0.32958984375 0.5771484375 0.32861328125 0.58203125 0.3310546875 0.583984375 0.32763671875 0.6044921875 0.326171875 0.61328125 0.32421875 0.6171875 0.31591796875 0.6416015625 0.31591796875 0.650390625 0.3134765625 0.6884765625 0.31396484375 0.7080078125 0.31494140625 0.720703125 0.31640625 0.7265625 0.3173828125 0.7333984375 0.3173828125 0.73828125 0.318359375 0.744140625 0.31982421875 0.75390625 0.318359375 0.7763671875 0.31884765625 0.8037109375 0.31982421875 0.87890625 0.32177734375 0.9072265625 0.32373046875 0.9140625 0.32470703125 0.921875 0.3310546875 0.9248046875 0.34619140625 0.9306640625 0.359375 0.9326171875 0.36669921875 0.9287109375 0.37060546875 0.927734375 0.37548828125 0.919921875 0.3818359375 0.908203125 0.39013671875 0.888671875 0.39404296875 0.8779296875 0.40869140625 0.880859375 0.447265625 0.87890625 0.5048828125 0.873046875 0.54296875 0.8701171875 0.56640625 0.8671875 0.5859375 0.8662109375 0.59912109375 0.86328125 0.62060546875 0.86328125 0.62255859375 0.87890625 0.6259765625 0.890625 0.63525390625 0.912109375 0.64208984375 0.9189453125 0.65771484375 0.9189453125 0.6650390625 0.9169921875 0.67138671875 0.9140625 0.67626953125 0.90625 0.67919921875 0.890625 0.68017578125 0.8779296875 0.6826171875 0.8564453125 0.68359375 0.845703125 0.68408203125 0.826171875 0.6845703125 0.8017578125
15 0.875 0 0.87548828125 0.0009765625 0.876953125 0.0068359375 0.876953125 0.009765625 0.880859375 0.017578125 0.88818359375 0.025390625 0.89599609375 0.02734375 0.9033203125 0.025390625 0.91259765625 0.0166015625 0.91552734375 0.01171875 0.92041015625 0 0.919921875 0 0.875 0
14 0.85986328125 0.0830078125 0.857421875 0.0908203125 0.857421875 0.1005859375 0.86083984375 0.107421875 0.8701171875 0.1142578125 0.87158203125 0.1171875 0.8720703125 0.1220703125 0.8671875 0.1259765625 0.86376953125 0.126953125 0.86083984375 0.126953125 0.859375 0.1318359375 0.859375 0.140625 0.85986328125 0.1455078125 0.86328125 0.15234375 0.8681640625 0.1572265625 0.87109375 0.162109375 0.8740234375 0.1650390625 0.8759765625 0.16796875 0.876953125 0.171875 0.87744140625 0.1748046875 0.87890625 0.1787109375 0.88134765625 0.1796875 0.88720703125 0.1787109375 0.8935546875 0.1787109375 0.89599609375 0.1787109375 0.896484375 0.068359375 0.87841796875 0.0673828125 0.876953125 0.072265625 0.8759765625 0.076171875 0.87255859375 0.080078125 0.86865234375 0.0810546875 0.85986328125 0.0830078125
14 0.89453125 0.0478515625 0.8935546875 0.05859375 0.8916015625 0.068359375 0.89404296875 0.0830078125 0.89453125 0.2265625 0.9189453125 0.232421875 0.91943359375 0.22265625 0.92041015625 0.1826171875 0.9208984375 0.13671875 0.923828125 0.1376953125 0.9267578125 0.13671875 0.9267578125 0.1083984375 0.927734375 0.1044921875 0.92919921875 0.095703125 0.92919921875 0.0908203125 0.92724609375 0.0849609375 0.92724609375 0.07421875 0.9228515625 0.0703125 0.9150390625 0.0673828125 0.91162109375 0.060546875 0.912109375 0.046875 0.912109375 0.0439453125 0.8974609375 0.0419921875 0.89453125 0.0478515625
15 0.212890625 0.392578125 0.20654296875 0.392578125 0.20703125 0.4345703125 0.208984375 0.435546875 0.20947265625 0.4423828125 0.2109375 0.435546875 0.212890625 0.4345703125 0.212890625 0.392578125