18 0.552734375 0.4765625 0.65869140625 0.4853515625 0.7041015625 0.416015625 0.697265625 0.328125 0.68408203125 0.3310546875 0.67724609375 0.33984375 0.6708984375 0.3408203125 0.66552734375 0.3369140625 0.6611328125 0.333984375 0.65771484375 0.333984375 0.65087890625 0.333984375 0.6455078125 0.326171875 0.642578125 0.3251953125 0.63525390625 0.328125 0.63427734375 0.333984375 0.6328125 0.337890625 0.6298828125 0.3349609375 0.62939453125 0.330078125 0.625 0.328125 0.61962890625 0.328125 0.61767578125 0.3291015625 0.61328125 0.33203125 0.607421875 0.3330078125 0.60205078125 0.330078125 0.59814453125 0.3271484375 0.59521484375 0.3271484375 0.58447265625 0.3310546875 0.5693359375 0.33984375 0.55078125 0.3505859375 0.54931640625 0.4521484375 0.552734375 0.4765625
13 0 0.9990234375 0.99951171875 0.9990234375 0.99951171875 0.6845703125 0.66357421875 0.4658203125 0.630859375 0.4775390625 0.611328125 0.4775390625 0.595703125 0.474609375 0.5830078125 0.4736328125 0.5322265625 0.466796875 0 0.5078125 0 0.9990234375
2 0.7080078125 0 0.7041015625 0.0234375 0.70166015625 0.0263671875 0.6962890625 0.056640625 0.69140625 0.11328125 0.689453125 0.1396484375 0.685546875 0.138671875 0.68359375 0.1669921875 0.6806640625 0.19921875 0.68505859375 0.19921875 0.6845703125 0.2138671875 0.681640625 0.2216796875 0.67919921875 0.228515625 0.6806640625 0.2333984375 0.681640625 0.259765625 0.67822265625 0.2626953125 0.67919921875 0.2666015625 0.6796875 0.3330078125 0.68310546875 0.345703125 0.68408203125 0.3974609375 0.69140625 0.4306640625 0.708984375 0.4794921875 0.99951171875 0.5908203125 0.99951171875 0 0.7080078125 0
4 0.6298828125 0.4521484375 0.6298828125 0.4658203125 0.63037109375 0.4775390625 0.63330078125 0.4794921875 0.634765625 0.4765625 0.6435546875 0.47265625 0.64013671875 0.4453125 0.6376953125 0.4384765625 0.6318359375 0.44140625 0.6298828125 0.4521484375
4 0.63623046875 0.4384765625 0.63720703125 0.455078125 0.638671875 0.470703125 0.6455078125 0.4736328125 0.65625 0.4658203125 0.6572265625 0.4189453125 0.638671875 0.421875 0.63623046875 0.42578125 0.63623046875 0.4306640625 0.63623046875 0.4384765625
15 0.7041015625 0.345703125 0.69775390625 0.3671875 0.701171875 0.3681640625 0.716796875 0.365234375 0.7177734375 0.3603515625 0.70849609375 0.33203125 0.7060546875 0.3330078125 0.7060546875 0.3369140625 0.7041015625 0.345703125
18 0.76025390625 0.3974609375 0.76123046875 0.37109375 0.76025390625 0.359375 0.75634765625 0.3505859375 0.75341796875 0.33203125 0.74755859375 0.3310546875 0.74267578125 0.33203125 0.7353515625 0.3408203125 0.72998046875 0.34765625 0.72607421875 0.3583984375 0.72314453125 0.373046875 0.72314453125 0.3876953125 0.72314453125 0.3994140625 0.72314453125 0.4189453125 0.73046875 0.4423828125 0.76171875 0.4404296875 0.76220703125 0.412109375 0.76025390625 0.3974609375
4 0.64892578125 0.4208984375 0.64501953125 0.43359375 0.64306640625 0.4326171875 0.6416015625 0.435546875 0.64208984375 0.439453125 0.6435546875 0.44140625 0.64306640625 0.4501953125 0.64306640625 0.4619140625 0.6435546875 0.482421875 0.6474609375 0.48828125 0.650390625 0.48046875 0.6572265625 0.478515625 0.6650390625 0.4140625 0.66162109375 0.4150390625 0.65185546875 0.41796875 0.64892578125 0.4208984375
18 0.697265625 0.37109375 0.69580078125 0.3603515625 0.69384765625 0.3447265625 0.6884765625 0.34375 0.6826171875 0.3466796875 0.67578125 0.34765625 0.65966796875 0.3408203125 0.64892578125 0.3427734375 0.640625 0.3515625 0.6357421875 0.3662109375 0.6318359375 0.384765625 0.6318359375 0.396484375 0.63525390625 0.404296875 0.64599609375 0.4140625 0.65185546875 0.41796875 0.65576171875 0.419921875 0.662109375 0.4296875 0.69482421875 0.392578125 0.697265625 0.3828125 0.697265625 0.37109375
4 0.66015625 0.4228515625 0.65673828125 0.42578125 0.65234375 0.42578125 0.6513671875 0.4326171875 0.65478515625 0.44140625 0.6533203125 0.4658203125 0.6513671875 0.4775390625 0.64990234375 0.4892578125 0.64990234375 0.509765625 0.6533203125 0.52734375 0.65771484375 0.5341796875 0.65771484375 0.541015625 0.658203125 0.5458984375 0.662109375 0.546875 0.66845703125 0.5458984375 0.67041015625 0.544921875 0.67041015625 0.5341796875 0.67041015625 0.525390625 0.67626953125 0.525390625 0.68505859375 0.521484375 0.693359375 0.5185546875 0.69775390625 0.5185546875 0.70263671875 0.5205078125 0.7080078125 0.5205078125 0.712890625 0.517578125 0.72607421875 0.513671875 0.744140625 0.453125 0.7392578125 0.4287109375 0.7353515625 0.416015625 0.728515625 0.396484375 0.7216796875 0.3828125 0.7197265625 0.3828125 0.71484375 0.3837890625 0.7060546875 0.3837890625 0.68603515625 0.384765625 0.669921875 0.3876953125 0.66552734375 0.3955078125 0.66357421875 0.4033203125 0.662109375 0.412109375 0.66015625 0.4228515625
15 0.80810546875 0.2919921875 0.8134765625 0.298828125 0.83642578125 0.296875 0.8388671875 0.2919921875 0.83837890625 0.2392578125 0.8359375 0.234375 0.8095703125 0.2353515625 0.80615234375 0.2412109375 0.80810546875 0.2919921875
15 0.80615234375 0.232421875 0.81005859375 0.236328125 0.833984375 0.2353515625 0.837890625 0.2265625 0.83642578125 0.1708984375 0.83251953125 0.16796875 0.80712890625 0.171875 0.8046875 0.1826171875 0.80615234375 0.232421875
9 0.8798828125 0.375 0.87939453125 0.380859375 0.87939453125 0.3857421875 0.8779296875 0.392578125 0.87744140625 0.4150390625 0.87744140625 0.439453125 0.90673828125 0.4267578125 0.90673828125 0.390625 0.90185546875 0.376953125 0.90087890625 0.3671875 0.90087890625 0.3525390625 0.8974609375 0.3447265625 0.888671875 0.3466796875 0.88671875 0.359375 0.88330078125 0.3642578125 0.88232421875 0.3662109375 0.8798828125 0.375
1 0.91552734375 0.427734375 0.91015625 0.4306640625 0.904296875 0.4306640625 0.8994140625 0.4267578125 0.89794921875 0.421875 0.8984375 0.412109375 0.8955078125 0.408203125 0.8984375 0.40234375 0.91162109375 0.40234375 0.91650390625 0.396484375 0.916015625 0.3876953125 0.90966796875 0.3876953125 0.8974609375 0.39453125 0.8955078125 0.3857421875 0.8916015625 0.384765625 0.888671875 0.392578125 0.88671875 0.3984375 0.88623046875 0.4091796875 0.8837890625 0.42578125 0.89013671875 0.43359375 0.89453125 0.4462890625 0.89306640625 0.453125 0.88671875 0.4541015625 0.8740234375 0.4541015625 0.86962890625 0.4501953125 0.86962890625 0.4482421875 0.869140625 0.443359375 0.8623046875 0.443359375 0.86083984375 0.439453125 0.85693359375 0.43359375 0.85107421875 0.435546875 0.8466796875 0.4384765625 0.83984375 0.4365234375 0.83349609375 0.4345703125 0.82470703125 0.43359375 0.822265625 0.431640625 0.81689453125 0.431640625 0.81201171875 0.4326171875 0.80419921875 0.421875 0.8076171875 0.41796875 0.81005859375 0.408203125 0.8046875 0.408203125 0.794921875 0.4169921875 0.7998046875 0.4287109375 0.79736328125 0.4384765625 0.7958984375 0.455078125 0.7939453125 0.4609375 0.78955078125 0.4560546875 0.79052734375 0.4501953125 0.791015625 0.439453125 0.78564453125 0.4326171875 0.78125 0.4296875 0.7802734375 0.4248046875 0.783203125 0.419921875 0.78662109375 0.4111328125 0.78369140625 0.4033203125 0.7744140625 0.3994140625 0.76904296875 0.400390625 0.77294921875 0.40625 0.779296875 0.4091796875 0.77783203125 0.4130859375 0.7744140625 0.416015625 0.76806640625 0.41796875 0.75927734375 0.4189453125 0.751953125 0.4189453125 0.74853515625 0.423828125 0.7421875 0.423828125 0.73974609375 0.4267578125 0.7451171875 0.4296875 0.7392578125 0.43359375 0.73388671875 0.4375 0.72900390625 0.44921875 0.7265625 0.4638671875 0.7080078125 0.4658203125 0.7060546875 0.46875 0.70654296875 0.4716796875 0.708984375 0.4794921875 0.705078125 0.4892578125 0.69970703125 0.509765625 0.69921875 0.53125 0.69677734375 0.556640625 0.69873046875 0.5771484375 0.70361328125 0.5888671875 0.708984375 0.5947265625 0.71484375 0.5947265625 0.72265625 0.587890625 0.72998046875 0.57421875 0.73193359375 0.587890625 0.736328125 0.599609375 0.736328125 0.611328125 0.73876953125 0.6318359375 0.74609375 0.650390625 0.75830078125 0.6650390625 0.7744140625 0.6669921875 0.78857421875 0.65625 0.796875 0.642578125 0.80224609375 0.650390625 0.8076171875 0.65234375 0.810546875 0.6708984375 0.81396484375 0.6904296875 0.81787109375 0.708984375 0.82861328125 0.72265625 0.84130859375 0.732421875 0.85205078125 0.732421875 0.859375 0.7490234375 0.86669921875 0.76171875 0.88623046875 0.7763671875 0.90576171875 0.7724609375 0.9287109375 0.7470703125 0.99951171875 0.642578125 0.99951171875 0.484375 0.994140625 0.4765625 0.99072265625 0.466796875 0.98583984375 0.4619140625 0.9638671875 0.458984375 0.95068359375 0.4658203125 0.95068359375 0.4541015625 0.93359375 0.4326171875 0.92236328125 0.419921875 0.91845703125 0.4169921875 0.91552734375 0.421875 0.91552734375 0.427734375
0 0.9697265625 0.4365234375 0.97119140625 0.4609375 0.9755859375 0.474609375 0.98046875 0.4794921875 0.97607421875 0.4794921875 0.97314453125 0.4931640625 0.97998046875 0.4921875 0.97998046875 0.51171875 0.9755859375 0.509765625 0.96923828125 0.513671875 0.96923828125 0.525390625 0.9716796875 0.5341796875 0.9736328125 0.546875 0.9736328125 0.5673828125 0.9716796875 0.576171875 0.96484375 0.5771484375 0.947265625 0.58203125 0.9326171875 0.5927734375 0.91552734375 0.607421875 0.90576171875 0.62890625 0.89697265625 0.66796875 0.896484375 0.6923828125 0.89892578125 0.724609375 0.9072265625 0.7646484375 0.92919921875 0.7890625 0.9453125 0.796875 0.97265625 0.7919921875 0.9892578125 0.77734375 0.9990234375 0.759765625 0.99951171875 0.6845703125 0.99951171875 0.607421875 0.9970703125 0.59765625 0.98876953125 0.5888671875 0.982421875 0.5830078125 0.98291015625 0.5615234375 0.990234375 0.4873046875 0.990234375 0.4794921875 0.98974609375 0.470703125 0.9833984375 0.4638671875 0.978515625 0.4453125 0.97802734375 0.4404296875 0.99658203125 0.4306640625 0.99462890625 0.4208984375 0.97705078125 0.427734375 0.9716796875 0.4296875 0.97119140625 0.4306640625 0.9697265625 0.4365234375
18 0 0.5 0.08935546875 0.5263671875 0.11328125 0.5185546875 0.13427734375 0.5078125 0.1318359375 0.525390625 0.13134765625 0.529296875 0.138671875 0.529296875 0.1552734375 0.529296875 0.15966796875 0.5283203125 0.15869140625 0.5166015625 0.15869140625 0.5107421875 0.1669921875 0.5107421875 0.16943359375 0.51171875 0.16943359375 0.517578125 0.1748046875 0.517578125 0.17724609375 0.5068359375 0.1962890625 0.5068359375 0.20263671875 0.505859375 0.2021484375 0.515625 0.2119140625 0.517578125 0.21728515625 0.513671875 0.216796875 0.509765625 0.2158203125 0.5009765625 0.216796875 0.5009765625 0.2529296875 0.4970703125 0.26171875 0.49609375 0.39208984375 0.4736328125 0.42578125 0.4765625 0.46240234375 0.4736328125 0.46240234375 0.48046875 0.4716796875 0.48046875 0.47314453125 0.4765625 0.4765625 0.4755859375 0.4765625 0.4775390625 0.48876953125 0.4775390625 0.48974609375 0.474609375 0.498046875 0.474609375 0.50537109375 0.474609375 0.52294921875 0.474609375 0.591796875 0.4716796875 0.6181640625 0.447265625 0.6181640625 0.427734375 0.615234375 0.4169921875 0.61328125 0.40625 0.611328125 0.3818359375 0.6044921875 0.3623046875 0.599609375 0.3466796875 0.59912109375 0.330078125 0.6015625 0.3193359375 0.6015625 0.3154296875 0.60546875 0.3095703125 0.609375 0.3037109375 0.611328125 0.2861328125 0.60986328125 0.27734375 0.61572265625 0.271484375 0.61962890625 0.2744140625 0.625 0.2685546875 0.62646484375 0.2548828125 0.62060546875 0.2529296875 0.61865234375 0.24609375 0.62255859375 0.23828125 0.62255859375 0.22265625 0.62548828125 0.2119140625 0.62744140625 0.2060546875 0.62451171875 0.2001953125 0.6220703125 0.1953125 0.6162109375 0.1845703125 0.61669921875 0.173828125 0.61962890625 0.162109375 0.615234375 0.1435546875 0.611328125 0.1357421875 0.60546875 0.130859375 0.599609375 0.123046875 0.5947265625 0.1162109375 0.59326171875 0.1025390625 0.591796875 0.0908203125 0.5908203125 0.0810546875 0.5908203125 0.07421875 0.59130859375 0.056640625 0.58935546875 0.046875 0.587890625 0.037109375 0.58447265625 0.03515625 0.5849609375 0.025390625 0.58447265625 0.0126953125 0.58154296875 0.0048828125 0.58154296875 0.001953125 0 0.0009765625 0 0.5
4 0.53466796875 0.3896484375 0.533203125 0.3935546875 0.5302734375 0.400390625 0.52734375 0.4169921875 0.5244140625 0.435546875 0.52001953125 0.4375 0.51708984375 0.439453125 0.5166015625 0.44921875 0.52197265625 0.4541015625 0.51806640625 0.4755859375 0.51708984375 0.4951171875 0.51708984375 0.5302734375 0.51708984375 0.560546875 0.52099609375 0.56640625 0.52783203125 0.5693359375 0.529296875 0.5673828125 0.5302734375 0.5498046875 0.537109375 0.548828125 0.55126953125 0.5498046875 0.55908203125 0.5498046875 0.57177734375 0.5498046875 0.58056640625 0.5498046875 0.587890625 0.55078125 0.59375 0.552734375 0.6005859375 0.552734375 0.6005859375 0.5537109375 0.60107421875 0.5625 0.6025390625 0.5732421875 0.6103515625 0.5732421875 0.61328125 0.5693359375 0.61376953125 0.5556640625 0.61376953125 0.5185546875 0.61572265625 0.4765625 0.61572265625 0.4609375 0.61865234375 0.458984375 0.6201171875 0.453125 0.61865234375 0.443359375 0.6123046875 0.44140625 0.60986328125 0.4345703125 0.60546875 0.4033203125 0.60400390625 0.39453125 0.60009765625 0.3916015625 0.60009765625 0.388671875 0.6044921875 0.3837890625 0.6044921875 0.380859375 0.5302734375 0.3759765625 0.53076171875 0.3818359375 0.53271484375 0.384765625 0.53466796875 0.3896484375
4 0.2919921875 0.4169921875 0.2880859375 0.42578125 0.28662109375 0.431640625 0.28466796875 0.4384765625 0.28125 0.447265625 0.2734375 0.4658203125 0.265625 0.4638671875 0.26025390625 0.46875 0.2568359375 0.4765625 0.25830078125 0.482421875 0.26513671875 0.4853515625 0.26123046875 0.494140625 0.25732421875 0.50390625 0.25048828125 0.5205078125 0.24658203125 0.5478515625 0.24560546875 0.59375 0.25 0.6337890625 0.25439453125 0.64453125 0.26708984375 0.6416015625 0.27099609375 0.640625 0.2734375 0.6220703125 0.28173828125 0.6220703125 0.287109375 0.6220703125 0.29248046875 0.623046875 0.2998046875 0.6240234375 0.3076171875 0.623046875 0.3173828125 0.6220703125 0.3310546875 0.62109375 0.3740234375 0.6171875 0.37548828125 0.62109375 0.38037109375 0.6337890625 0.3876953125 0.6396484375 0.39599609375 0.63671875 0.3984375 0.626953125 0.39990234375 0.611328125 0.39990234375 0.6005859375 0.40234375 0.59375 0.408203125 0.5888671875 0.408203125 0.5908203125 0.40869140625 0.599609375 0.41064453125 0.6025390625 0.4169921875 0.6025390625 0.4228515625 0.6015625 0.42529296875 0.59375 0.42578125 0.55078125 0.42529296875 0.5400390625 0.42529296875 0.5234375 0.4208984375 0.48828125 0.41943359375 0.4755859375 0.4169921875 0.4609375 0.40771484375 0.4296875 0.3984375 0.4072265625 0.3857421875 0.396484375 0.34814453125 0.396484375 0.3291015625 0.3984375 0.3076171875 0.4013671875 0.30517578125 0.4033203125 0.30224609375 0.40625 0.2919921875 0.4169921875
4 0 0.7197265625 0.001953125 0.716796875 0.00732421875 0.71484375 0.00927734375 0.7138671875 0.01171875 0.712890625 0.01806640625 0.7099609375 0.021484375 0.708984375 0.033203125 0.7021484375 0.0361328125 0.701171875 0.03857421875 0.7099609375 0.04296875 0.728515625 0.04833984375 0.7373046875 0.0625 0.7373046875 0.08203125 0.7333984375 0.0888671875 0.7119140625 0.09521484375 0.6884765625 0.09814453125 0.65234375 0.1015625 0.642578125 0.10888671875 0.609375 0.10986328125 0.5654296875 0.1064453125 0.529296875 0.10205078125 0.5068359375 0.09326171875 0.4873046875 0.08544921875 0.4833984375 0.07275390625 0.4755859375 0.06689453125 0.46875 0.0498046875 0.4345703125 0.03662109375 0.4169921875 0.0205078125 0.40234375 0.00341796875 0.39453125 0.0009765625 0.39453125 0 0.3935546875 0 0.7197265625