13 0 0.9990234375 0.99951171875 0.9990234375 0.99951171875 0.923828125 0.888671875 0.3349609375 0.6689453125 0.3828125 0.361328125 0.3662109375 0 0.3671875 0 0.9990234375
2 0.51708984375 0.474609375 0.56640625 0.4755859375 0.5576171875 0.265625 0.52880859375 0.283203125 0.525390625 0.279296875 0.48779296875 0.2802734375 0.470703125 0.2724609375 0.470703125 0.4716796875 0.51708984375 0.474609375
18 0.49658203125 0.416015625 0.49560546875 0.4208984375 0.49267578125 0.4287109375 0.4921875 0.4453125 0.49462890625 0.45703125 0.50830078125 0.462890625 0.509765625 0.4521484375 0.50927734375 0.427734375 0.509765625 0.3828125 0.50830078125 0.3828125 0.50390625 0.3876953125 0.5009765625 0.39453125 0.5 0.404296875 0.49658203125 0.416015625
18 0.484375 0.4296875 0.484375 0.4130859375 0.48681640625 0.41015625 0.49169921875 0.40625 0.494140625 0.392578125 0.49169921875 0.3828125 0.48583984375 0.380859375 0.48193359375 0.380859375 0.48193359375 0.373046875 0.484375 0.36328125 0.4873046875 0.35546875 0.48974609375 0.337890625 0.48779296875 0.3291015625 0.484375 0.326171875 0.48095703125 0.328125 0.47802734375 0.3564453125 0.4775390625 0.4306640625 0.484375 0.4296875
6 0.47802734375 0.4462890625 0.4765625 0.4580078125 0.47705078125 0.4755859375 0.484375 0.4755859375 0.49072265625 0.4755859375 0.49560546875 0.4755859375 0.5029296875 0.4755859375 0.50927734375 0.4697265625 0.51123046875 0.4677734375 0.51123046875 0.4599609375 0.51025390625 0.4541015625 0.50830078125 0.447265625 0.50390625 0.4462890625 0.49853515625 0.447265625 0.49609375 0.4462890625 0.4931640625 0.4443359375 0.48974609375 0.443359375 0.4873046875 0.4423828125 0.48193359375 0.443359375 0.48046875 0.443359375 0.47802734375 0.4462890625
4 0.52001953125 0.4541015625 0.51806640625 0.46484375 0.52001953125 0.47265625 0.52783203125 0.478515625 0.53369140625 0.478515625 0.5400390625 0.478515625 0.54638671875 0.478515625 0.55078125 0.4755859375 0.55029296875 0.4638671875 0.5478515625 0.4580078125 0.54443359375 0.4541015625 0.54248046875 0.4521484375 0.5400390625 0.4501953125 0.5390625 0.4501953125 0.53515625 0.4482421875 0.5263671875 0.4482421875 0.521484375 0.44921875 0.52001953125 0.4541015625
2 0.28466796875 0 0.28369140625 0.529296875 0.32080078125 0.53125 0.392578125 0.533203125 0.40625 0.5322265625 0.41552734375 0.521484375 0.4228515625 0.5205078125 0.4384765625 0.517578125 0.45166015625 0.5078125 0.44921875 0.5029296875 0.451171875 0.4931640625 0.4619140625 0.4931640625 0.47021484375 0.4951171875 0.4814453125 0.48828125 0.482421875 0.310546875 0.48291015625 0.302734375 0.4833984375 0.259765625 0.48193359375 0.2578125 0.482421875 0.076171875 0.48583984375 0.06640625 0.48291015625 0.0478515625 0.4833984375 0.0439453125 0.4794921875 0.0439453125 0.4794921875 0.0400390625 0.47998046875 0.0068359375 0.48046875 0.0029296875 0.48046875 0 0.28466796875 0
10 0.482421875 0.4638671875 0.4814453125 0.4580078125 0.47802734375 0.458984375 0.4765625 0.4638671875 0.4775390625 0.47265625 0.4775390625 0.4794921875 0.4775390625 0.48828125 0.48046875 0.4912109375 0.48388671875 0.4931640625 0.48779296875 0.4931640625 0.48779296875 0.4833984375 0.48876953125 0.4794921875 0.4892578125 0.482421875 0.48974609375 0.4931640625 0.4912109375 0.4912109375 0.4921875 0.4765625 0.4921875 0.4638671875 0.49169921875 0.455078125 0.49169921875 0.44921875 0.48974609375 0.4462890625 0.486328125 0.447265625 0.486328125 0.451171875 0.48291015625 0.4560546875 0.48291015625 0.462890625 0.482421875 0.4638671875
9 0.4970703125 0.453125 0.49755859375 0.455078125 0.49462890625 0.4638671875 0.49365234375 0.47265625 0.49365234375 0.4775390625 0.49658203125 0.4775390625 0.49658203125 0.4794921875 0.498046875 0.494140625 0.49853515625 0.5068359375 0.49853515625 0.51953125 0.50341796875 0.5185546875 0.50634765625 0.517578125 0.50634765625 0.5126953125 0.5068359375 0.484375 0.51025390625 0.4814453125 0.51220703125 0.4794921875 0.51171875 0.46875 0.5107421875 0.45703125 0.50830078125 0.45703125 0.50634765625 0.4541015625 0.5048828125 0.453125 0.50439453125 0.44921875 0.50390625 0.4423828125 0.501953125 0.4404296875 0.49951171875 0.44140625 0.49755859375 0.4423828125 0.4970703125 0.4453125 0.4970703125 0.453125
9 0.5126953125 0.4423828125 0.5126953125 0.447265625 0.51220703125 0.44921875 0.509765625 0.4501953125 0.5087890625 0.45703125 0.5078125 0.4658203125 0.50830078125 0.474609375 0.51171875 0.4853515625 0.51171875 0.48828125 0.51220703125 0.5078125 0.513671875 0.5146484375 0.51416015625 0.517578125 0.5166015625 0.517578125 0.51806640625 0.515625 0.51904296875 0.5126953125 0.5205078125 0.509765625 0.52099609375 0.5068359375 0.5205078125 0.49609375 0.521484375 0.490234375 0.5224609375 0.4833984375 0.52392578125 0.4765625 0.5234375 0.4716796875 0.5234375 0.4609375 0.5234375 0.4521484375 0.521484375 0.44921875 0.5185546875 0.4482421875 0.5185546875 0.443359375 0.517578125 0.4384765625 0.51708984375 0.4365234375 0.51513671875 0.4365234375 0.51220703125 0.439453125 0.5126953125 0.4404296875 0.5126953125 0.4423828125
9 0.53857421875 0.529296875 0.5390625 0.5234375 0.53662109375 0.5146484375 0.53125 0.5068359375 0.53125 0.5029296875 0.5341796875 0.4970703125 0.53662109375 0.490234375 0.53759765625 0.4833984375 0.53759765625 0.466796875 0.53759765625 0.4580078125 0.5322265625 0.453125 0.5322265625 0.447265625 0.53173828125 0.439453125 0.53125 0.4326171875 0.52783203125 0.4326171875 0.52392578125 0.439453125 0.52294921875 0.4443359375 0.5244140625 0.4501953125 0.52587890625 0.455078125 0.52587890625 0.45703125 0.5234375 0.4619140625 0.5234375 0.46875 0.5205078125 0.4814453125 0.51953125 0.490234375 0.521484375 0.4931640625 0.52392578125 0.4931640625 0.5224609375 0.5029296875 0.5234375 0.5068359375 0.5263671875 0.513671875 0.5263671875 0.5234375 0.52490234375 0.53125 0.52197265625 0.5322265625 0.52197265625 0.5390625 0.529296875 0.541015625 0.53466796875 0.5390625 0.53857421875 0.529296875
2 0.548828125 0 0.548828125 0.0009765625 0.54833984375 0.01171875 0.54833984375 0.0341796875 0.54541015625 0.037109375 0.54443359375 0.07421875 0.548828125 0.07421875 0.54833984375 0.12890625 0.5439453125 0.134765625 0.5439453125 0.154296875 0.546875 0.158203125 0.5478515625 0.16015625 0.54638671875 0.4892578125 0.5546875 0.501953125 0.5673828125 0.529296875 0.5859375 0.5302734375 0.7041015625 0.529296875 0.75341796875 0.5322265625 0.775390625 0.529296875 0.7822265625 0 0.548828125 0
15 0.56103515625 0.33984375 0.55810546875 0.33984375 0.55517578125 0.3408203125 0.55419921875 0.34375 0.552734375 0.3466796875 0.5517578125 0.3505859375 0.5517578125 0.3564453125 0.55322265625 0.36328125 0.556640625 0.3662109375 0.5595703125 0.3681640625 0.56201171875 0.365234375 0.56396484375 0.361328125 0.5654296875 0.3564453125 0.56591796875 0.3505859375 0.56396484375 0.3447265625 0.56396484375 0.34375 0.56103515625 0.33984375
15 0.552734375 0.3671875 0.552734375 0.3857421875 0.5654296875 0.38671875 0.5654296875 0.3671875 0.552734375 0.3671875
15 0.4189453125 0.388671875 0.43798828125 0.3876953125 0.4384765625 0.349609375 0.41845703125 0.3486328125 0.4189453125 0.388671875
0 0.302734375 0.48828125 0.3046875 0.4873046875 0.3076171875 0.482421875 0.30322265625 0.48046875 0.30029296875 0.4775390625 0.29736328125 0.4775390625 0.29443359375 0.48828125 0.2919921875 0.5 0.2919921875 0.517578125 0.2919921875 0.5458984375 0.29638671875 0.548828125 0.30078125 0.5419921875 0.3017578125 0.5390625 0.30322265625 0.53515625 0.306640625 0.53515625 0.306640625 0.54296875 0.30908203125 0.5439453125 0.31005859375 0.5390625 0.31005859375 0.5341796875 0.3115234375 0.5322265625 0.310546875 0.5263671875 0.310546875 0.5244140625 0.31396484375 0.5166015625 0.31640625 0.50390625 0.32080078125 0.49609375 0.322265625 0.501953125 0.3212890625 0.5068359375 0.3203125 0.51171875 0.31787109375 0.521484375 0.31787109375 0.53125 0.3203125 0.541015625 0.32275390625 0.544921875 0.3291015625 0.546875 0.33447265625 0.5458984375 0.33837890625 0.5419921875 0.3408203125 0.5341796875 0.3408203125 0.525390625 0.3388671875 0.5146484375 0.3369140625 0.5078125 0.33251953125 0.5048828125 0.32763671875 0.5029296875 0.32666015625 0.490234375 0.32861328125 0.48046875 0.32861328125 0.474609375 0.32177734375 0.4775390625 0.31787109375 0.4794921875 0.314453125 0.490234375 0.30859375 0.4951171875 0.3056640625 0.49609375 0.3037109375 0.498046875 0.302734375 0.48828125
2 0 0 0 0.8515625 0.0361328125 0.8154296875 0.1923828125 0.7001953125 0.30078125 0.6396484375 0.30078125 0.6142578125 0.298828125 0.5478515625 0.3017578125 0.3544921875 0.302734375 0.291015625 0.30419921875 0.021484375 0.30419921875 0.001953125 0.30419921875 0 0 0
2 0.75732421875 0 0.7568359375 0.001953125 0.7568359375 0.109375 0.7568359375 0.384765625 0.7568359375 0.591796875 0.75537109375 0.6318359375 0.81103515625 0.658203125 0.99755859375 0.7783203125 0.99951171875 0.7802734375 0.99951171875 0 0.75732421875 0
15 0.75244140625 0.1162109375 0.75244140625 0.0966796875 0.74072265625 0.1103515625 0.7412109375 0.1318359375 0.75244140625 0.1162109375
15 0.69091796875 0.130859375 0.68994140625 0.22265625 0.736328125 0.2216796875 0.7353515625 0.12890625 0.69091796875 0.130859375
15 0.69140625 0.22265625 0.68994140625 0.2919921875 0.73681640625 0.29296875 0.736328125 0.22265625 0.69140625 0.22265625
9 0.6337890625 0.486328125 0.63720703125 0.5068359375 0.6435546875 0.509765625 0.6455078125 0.5126953125 0.64794921875 0.5341796875 0.6455078125 0.5556640625 0.64501953125 0.57421875 0.6455078125 0.5908203125 0.646484375 0.60546875 0.6494140625 0.61328125 0.6572265625 0.61328125 0.6572265625 0.6015625 0.65478515625 0.5791015625 0.65625 0.5595703125 0.6591796875 0.5439453125 0.6591796875 0.52734375 0.66015625 0.5478515625 0.66015625 0.5673828125 0.66015625 0.5859375 0.66064453125 0.6044921875 0.66259765625 0.6171875 0.6669921875 0.6171875 0.67333984375 0.6142578125 0.67578125 0.607421875 0.67236328125 0.6015625 0.67138671875 0.5888671875 0.67236328125 0.5615234375 0.67236328125 0.546875 0.673828125 0.5205078125 0.673828125 0.5126953125 0.67919921875 0.51171875 0.68115234375 0.505859375 0.68115234375 0.4931640625 0.67919921875 0.470703125 0.67822265625 0.4521484375 0.67724609375 0.4365234375 0.67626953125 0.4228515625 0.67236328125 0.4169921875 0.66796875 0.412109375 0.6689453125 0.4033203125 0.66943359375 0.3916015625 0.66943359375 0.3837890625 0.67041015625 0.3779296875 0.66748046875 0.375 0.66162109375 0.3720703125 0.6572265625 0.375 0.65380859375 0.3779296875 0.6513671875 0.384765625 0.6513671875 0.3916015625 0.65185546875 0.3984375 0.65185546875 0.41015625 0.64599609375 0.4150390625 0.64208984375 0.4248046875 0.6376953125 0.4638671875 0.6337890625 0.486328125
9 0.396484375 0.466796875 0.396484375 0.486328125 0.3974609375 0.5068359375 0.3994140625 0.5205078125 0.400390625 0.5341796875 0.40087890625 0.5498046875 0.396484375 0.5615234375 0.3916015625 0.5732421875 0.38916015625 0.5849609375 0.3955078125 0.59375 0.400390625 0.6103515625 0.4072265625 0.6142578125 0.42138671875 0.61328125 0.42236328125 0.6064453125 0.41943359375 0.6015625 0.41552734375 0.5986328125 0.4169921875 0.5791015625 0.41748046875 0.5595703125 0.42041015625 0.5546875 0.42431640625 0.546875 0.42236328125 0.5380859375 0.421875 0.5283203125 0.4208984375 0.5078125 0.4208984375 0.4990234375 0.423828125 0.4794921875 0.423828125 0.466796875 0.423828125 0.455078125 0.42236328125 0.4423828125 0.4169921875 0.4296875 0.421875 0.4248046875 0.42236328125 0.416015625 0.42236328125 0.404296875 0.42138671875 0.396484375 0.4189453125 0.3935546875 0.4150390625 0.390625 0.4111328125 0.390625 0.40869140625 0.3935546875 0.40673828125 0.400390625 0.40576171875 0.4111328125 0.40380859375 0.416015625 0.40185546875 0.4228515625 0.3984375 0.431640625 0.3974609375 0.447265625 0.396484375 0.466796875