13 0 0.9990234375 0.99951171875 0.9990234375 0.99951171875 0.560546875 0.99951171875 0.5419921875 0.99951171875 0.369140625 0 0.361328125 0 0.9990234375
2 0 0 0 0.404296875 0.05859375 0.4150390625 0.9990234375 0.4287109375 0.99951171875 0.1943359375 0.99951171875 0 0 0
4 0.92724609375 0.3779296875 0.904296875 0.380859375 0.89892578125 0.3828125 0.8857421875 0.3984375 0.88427734375 0.3994140625 0.87353515625 0.40234375 0.86572265625 0.41015625 0.8642578125 0.419921875 0.86328125 0.4287109375 0.86474609375 0.431640625 0.875 0.4443359375 0.9697265625 0.443359375 0.9658203125 0.4208984375 0.96044921875 0.41015625 0.94775390625 0.3828125 0.9443359375 0.3828125 0.94189453125 0.380859375 0.92724609375 0.3779296875
9 0.9482421875 0.484375 0.94140625 0.5166015625 0.9404296875 0.5341796875 0.93994140625 0.5693359375 0.93994140625 0.5751953125 0.93994140625 0.58203125 0.94140625 0.587890625 0.9384765625 0.59765625 0.93505859375 0.6015625 0.93359375 0.6044921875 0.9267578125 0.609375 0.9267578125 0.6142578125 0.92822265625 0.6171875 0.93310546875 0.619140625 0.95703125 0.619140625 0.95703125 0.6142578125 0.95703125 0.5927734375 0.95751953125 0.5849609375 0.95703125 0.5791015625 0.95849609375 0.56640625 0.96044921875 0.55078125 0.96044921875 0.53515625 0.962890625 0.537109375 0.98779296875 0.56640625 0.99169921875 0.5751953125 0.99365234375 0.58203125 0.99560546875 0.587890625 0.99609375 0.5927734375 0.99755859375 0.6083984375 0.99951171875 0.6142578125 0.99951171875 0.5556640625 0.9892578125 0.54296875 0.9736328125 0.5166015625 0.970703125 0.5107421875 0.96923828125 0.501953125 0.9697265625 0.486328125 0.97314453125 0.4755859375 0.9775390625 0.462890625 0.98291015625 0.4521484375 0.984375 0.439453125 0.986328125 0.427734375 0.98681640625 0.3935546875 0.98974609375 0.3486328125 0.98974609375 0.3408203125 0.98779296875 0.3349609375 0.98291015625 0.3251953125 0.98291015625 0.3193359375 0.978515625 0.318359375 0.978515625 0.30859375 0.978515625 0.30078125 0.97900390625 0.2900390625 0.9775390625 0.2841796875 0.97607421875 0.2734375 0.97314453125 0.2705078125 0.962890625 0.271484375 0.9599609375 0.2763671875 0.958984375 0.27734375 0.958984375 0.2822265625 0.95751953125 0.287109375 0.95751953125 0.2919921875 0.95751953125 0.2998046875 0.95849609375 0.302734375 0.9560546875 0.3037109375 0.958984375 0.30859375 0.958984375 0.3134765625 0.9599609375 0.31640625 0.96240234375 0.31640625 0.96533203125 0.318359375 0.96533203125 0.330078125 0.9638671875 0.33203125 0.96240234375 0.3271484375 0.955078125 0.3271484375 0.95361328125 0.3291015625 0.95703125 0.33203125 0.953125 0.337890625 0.9521484375 0.3408203125 0.95458984375 0.3427734375 0.95361328125 0.34765625 0.951171875 0.3642578125 0.95068359375 0.3798828125 0.94970703125 0.3798828125 0.94921875 0.3837890625 0.9482421875 0.3876953125 0.94384765625 0.4013671875 0.9404296875 0.4150390625 0.93310546875 0.44140625 0.93115234375 0.4443359375 0.92822265625 0.44921875 0.92724609375 0.4541015625 0.92724609375 0.4599609375 0.9296875 0.462890625 0.93359375 0.462890625 0.93505859375 0.4599609375 0.93505859375 0.455078125 0.93505859375 0.4521484375 0.93896484375 0.4443359375 0.93994140625 0.4384765625 0.9443359375 0.4306640625 0.94775390625 0.427734375 0.94921875 0.4287109375 0.94970703125 0.435546875 0.95068359375 0.44140625 0.95068359375 0.4462890625 0.95068359375 0.4541015625 0.9482421875 0.470703125 0.94775390625 0.4755859375 0.94921875 0.4814453125 0.9482421875 0.484375
14 0.81884765625 0.31640625 0.81884765625 0.310546875 0.8193359375 0.306640625 0.8193359375 0.3037109375 0.8193359375 0.2998046875 0.82080078125 0.2958984375 0.82080078125 0.294921875 0.8193359375 0.2919921875 0.81787109375 0.2900390625 0.81787109375 0.2890625 0.81640625 0.28515625 0.81103515625 0.287109375 0.8095703125 0.2890625 0.8095703125 0.3346819203125 0.8125 0.330078125 0.81884765625 0.3291015625 0.81884765625 0.3212890625 0.8193359375 0.3212890625 0.8193359375 0.3193359375 0.81884765625 0.31640625
14 0.798828125 0.2978515625 0.80419921875 0.310546875 0.80712890625 0.2958984375 0.80615234375 0.2841796875 0.798828125 0.28515625 0.798828125 0.2978515625
14 0.771484375 0.2041015625 0.77294921875 0.189453125 0.77294921875 0.1787109375 0.77294921875 0.169921875 0.7685546875 0.16796875 0.76708984375 0.1650390625 0.76611328125 0.1640625 0.75927734375 0.162109375 0.7578125 0.1650390625 0.7568359375 0.21484375 0.76708984375 0.2109375 0.7685546875 0.2080078125 0.771484375 0.2041015625
14 0.79541015625 0.2333984375 0.7978515625 0.2294921875 0.79931640625 0.2236328125 0.798828125 0.22265625 0.79541015625 0.21875 0.79541015625 0.2158203125 0.798828125 0.212890625 0.80029296875 0.20703125 0.796875 0.205078125 0.79541015625 0.2041015625 0.7978515625 0.19921875 0.798828125 0.1962890625 0.80029296875 0.193359375 0.798828125 0.189453125 0.79638671875 0.1884765625 0.79541015625 0.1865234375 0.78857421875 0.185546875 0.787109375 0.1884765625 0.7861328125 0.234375 0.78857421875 0.236328125 0.79296875 0.236328125 0.79541015625 0.2333984375
14 0.7490234375 0.32421875 0.74755859375 0.322265625 0.74560546875 0.3193359375 0.74072265625 0.3134765625 0.74072265625 0.3505859375 0.7490234375 0.345703125 0.75244140625 0.3291015625 0.7509765625 0.3251953125 0.7490234375 0.32421875
14 0.72900390625 0.3408203125 0.72998046875 0.3408203125 0.736328125 0.3408203125 0.736328125 0.3291015625 0.736328125 0.3193359375 0.7314453125 0.318359375 0.72998046875 0.3193359375 0.72900390625 0.3408203125
0 0.69677734375 0.4794921875 0.69921875 0.486328125 0.69140625 0.4951171875 0.6875 0.498046875 0.68359375 0.501953125 0.6845703125 0.5078125 0.68359375 0.5107421875 0.68115234375 0.5166015625 0.68310546875 0.5234375 0.6845703125 0.5234375 0.68310546875 0.5400390625 0.68310546875 0.55078125 0.68505859375 0.56640625 0.68896484375 0.5791015625 0.69580078125 0.5908203125 0.705078125 0.59765625 0.71533203125 0.59375 0.724609375 0.5830078125 0.73291015625 0.564453125 0.73828125 0.564453125 0.73974609375 0.56640625 0.74365234375 0.58203125 0.75439453125 0.5849609375 0.75537109375 0.580078125 0.7470703125 0.564453125 0.7470703125 0.552734375 0.75244140625 0.55078125 0.7568359375 0.5458984375 0.75830078125 0.54296875 0.76953125 0.498046875 0.77685546875 0.484375 0.77685546875 0.494140625 0.77001953125 0.513671875 0.765625 0.5234375 0.7646484375 0.5322265625 0.76611328125 0.5478515625 0.7685546875 0.564453125 0.77490234375 0.5830078125 0.78076171875 0.5908203125 0.78955078125 0.59375 0.79638671875 0.5927734375 0.80224609375 0.587890625 0.80859375 0.5791015625 0.8125 0.564453125 0.8056640625 0.44921875 0.78466796875 0.478515625 0.78076171875 0.4736328125 0.779296875 0.462890625 0.77685546875 0.4521484375 0.77490234375 0.443359375 0.77783203125 0.44140625 0.77685546875 0.4365234375 0.771484375 0.4365234375 0.771484375 0.43359375 0.771484375 0.427734375 0.76708984375 0.419921875 0.76220703125 0.419921875 0.76171875 0.4208984375 0.76025390625 0.4248046875 0.75830078125 0.427734375 0.76025390625 0.4306640625 0.76611328125 0.4287109375 0.7685546875 0.4306640625 0.7724609375 0.4462890625 0.7724609375 0.4580078125 0.75146484375 0.521484375 0.7431640625 0.5322265625 0.73974609375 0.52734375 0.732421875 0.4677734375 0.734375 0.4599609375 0.734375 0.4541015625 0.72900390625 0.44921875 0.7275390625 0.447265625 0.72314453125 0.4443359375 0.7197265625 0.44921875 0.71923828125 0.4521484375 0.71923828125 0.455078125 0.71044921875 0.443359375 0.70849609375 0.439453125 0.68359375 0.44140625 0.68603515625 0.470703125 0.6875 0.47265625 0.69580078125 0.4765625 0.69677734375 0.4794921875
11 0.734375 0.46484375 0.73779296875 0.478515625 0.7431640625 0.505859375 0.7421875 0.5341796875 0.73974609375 0.56640625 0.73974609375 0.5693359375 0.7392578125 0.5771484375 0.7431640625 0.580078125 0.74755859375 0.580078125 0.75146484375 0.5791015625 0.75634765625 0.580078125 0.75927734375 0.58203125 0.763671875 0.5791015625 0.76318359375 0.572265625 0.7568359375 0.5712890625 0.75146484375 0.560546875 0.7509765625 0.556640625 0.7509765625 0.55078125 0.7509765625 0.529296875 0.7529296875 0.5185546875 0.75390625 0.5 0.75244140625 0.478515625 0.75830078125 0.462890625 0.75439453125 0.45703125 0.75146484375 0.4541015625 0.74560546875 0.4443359375 0.7509765625 0.435546875 0.75146484375 0.431640625 0.75439453125 0.435546875 0.7568359375 0.435546875 0.75927734375 0.435546875 0.7607421875 0.4287109375 0.75927734375 0.4248046875 0.75439453125 0.4228515625 0.75439453125 0.4091796875 0.75927734375 0.4091796875 0.76025390625 0.41015625 0.76171875 0.4150390625 0.76708984375 0.4228515625 0.771484375 0.4287109375 0.7724609375 0.439453125 0.77392578125 0.44140625 0.77685546875 0.4443359375 0.7802734375 0.443359375 0.783203125 0.4443359375 0.78173828125 0.4287109375 0.77490234375 0.4248046875 0.76708984375 0.3955078125 0.76220703125 0.375 0.76220703125 0.373046875 0.76220703125 0.359375 0.76318359375 0.359375 0.76611328125 0.3583984375 0.76708984375 0.3505859375 0.76953125 0.34375 0.767578125 0.337890625 0.765625 0.32421875 0.76220703125 0.314453125 0.7578125 0.3134765625 0.75439453125 0.314453125 0.75 0.322265625 0.74755859375 0.3359375 0.74609375 0.3359375 0.73681640625 0.3427734375 0.732421875 0.3544921875 0.73388671875 0.3662109375 0.72900390625 0.3828125 0.7236328125 0.4140625 0.7236328125 0.4208984375 0.72314453125 0.431640625 0.72314453125 0.443359375 0.728515625 0.447265625 0.734375 0.4541015625 0.734375 0.46484375
9 0.76953125 0.6513671875 0.77294921875 0.6484375 0.77783203125 0.6455078125 0.783203125 0.6455078125 0.7861328125 0.6455078125 0.78759765625 0.6455078125 0.78759765625 0.6201171875 0.78857421875 0.6015625 0.7900390625 0.5537109375 0.796875 0.5234375 0.80029296875 0.529296875 0.8017578125 0.5390625 0.80419921875 0.552734375 0.80615234375 0.564453125 0.81103515625 0.57421875 0.81884765625 0.5849609375 0.8388671875 0.619140625 0.84033203125 0.6220703125 0.83935546875 0.6494140625 0.8408203125 0.6513671875 0.84326171875 0.65234375 0.8466796875 0.6513671875 0.8525390625 0.6357421875 0.85400390625 0.6083984375 0.85498046875 0.59375 0.8525390625 0.5908203125 0.85107421875 0.5908203125 0.84814453125 0.587890625 0.84326171875 0.5830078125 0.837890625 0.57421875 0.82958984375 0.55859375 0.82421875 0.55078125 0.8193359375 0.544921875 0.8193359375 0.5234375 0.8203125 0.5166015625 0.8203125 0.505859375 0.82275390625 0.4912109375 0.82275390625 0.4814453125 0.82421875 0.4765625 0.82421875 0.470703125 0.8271484375 0.46484375 0.830078125 0.447265625 0.8310546875 0.427734375 0.8310546875 0.3720703125 0.82568359375 0.3515625 0.8203125 0.3427734375 0.8154296875 0.3359375 0.8125 0.3291015625 0.81103515625 0.3251953125 0.8095703125 0.30078125 0.8056640625 0.2900390625 0.80078125 0.287109375 0.79248046875 0.2919921875 0.787109375 0.294921875 0.7861328125 0.30078125 0.7861328125 0.3037109375 0.7861328125 0.318359375 0.787109375 0.3193359375 0.7861328125 0.3251953125 0.78564453125 0.330078125 0.787109375 0.3330078125 0.78759765625 0.3359375 0.79150390625 0.3486328125 0.79248046875 0.3564453125 0.78955078125 0.369140625 0.787109375 0.380859375 0.78466796875 0.3935546875 0.779296875 0.4521484375 0.77783203125 0.4873046875 0.78076171875 0.4892578125 0.779296875 0.5 0.77783203125 0.5107421875 0.775390625 0.5234375 0.77490234375 0.5400390625 0.77392578125 0.5615234375 0.7724609375 0.626953125 0.76953125 0.6337890625 0.76611328125 0.6357421875 0.7607421875 0.6416015625 0.7568359375 0.6435546875 0.7607421875 0.6484375 0.7646484375 0.6513671875 0.76953125 0.6513671875
9 0.50146484375 0.7333984375 0.50439453125 0.728515625 0.50439453125 0.71875 0.50390625 0.7109375 0.50439453125 0.7001953125 0.50537109375 0.69140625 0.50927734375 0.6591796875 0.5107421875 0.646484375 0.5146484375 0.6142578125 0.5146484375 0.6044921875 0.51708984375 0.5927734375 0.517578125 0.580078125 0.51953125 0.5771484375 0.521484375 0.5693359375 0.5283203125 0.5498046875 0.533203125 0.5419921875 0.53759765625 0.56640625 0.54150390625 0.5986328125 0.5439453125 0.6044921875 0.548828125 0.6064453125 0.548828125 0.6123046875 0.55029296875 0.619140625 0.55419921875 0.6328125 0.55712890625 0.654296875 0.5595703125 0.68359375 0.56103515625 0.693359375 0.55712890625 0.697265625 0.55712890625 0.7001953125 0.55810546875 0.70703125 0.55419921875 0.71484375 0.548828125 0.7255859375 0.5439453125 0.728515625 0.541015625 0.728515625 0.54150390625 0.7373046875 0.5595703125 0.7392578125 0.58251953125 0.7333984375 0.58251953125 0.7294921875 0.58251953125 0.72265625 0.58203125 0.712890625 0.578125 0.705078125 0.578125 0.7021484375 0.5771484375 0.6962890625 0.578125 0.69140625 0.5732421875 0.6357421875 0.5703125 0.6123046875 0.56689453125 0.5986328125 0.56396484375 0.580078125 0.5634765625 0.5771484375 0.5615234375 0.572265625 0.56005859375 0.5263671875 0.5595703125 0.5107421875 0.56005859375 0.4970703125 0.5625 0.4921875 0.5625 0.4833984375 0.5634765625 0.470703125 0.5615234375 0.4541015625 0.5615234375 0.44921875 0.56494140625 0.419921875 0.56494140625 0.376953125 0.5634765625 0.34375 0.5625 0.31640625 0.5654296875 0.3134765625 0.56640625 0.3056640625 0.5654296875 0.2978515625 0.5634765625 0.2958984375 0.5634765625 0.2841796875 0.56396484375 0.279296875 0.5615234375 0.2763671875 0.55810546875 0.265625 0.55322265625 0.2607421875 0.548828125 0.2587890625 0.54541015625 0.2587890625 0.54638671875 0.2421875 0.544921875 0.2177734375 0.54296875 0.20703125 0.5400390625 0.2021484375 0.5322265625 0.197265625 0.52294921875 0.197265625 0.51708984375 0.2080078125 0.51611328125 0.21875 0.51611328125 0.2294921875 0.515625 0.2373046875 0.51611328125 0.2451171875 0.51708984375 0.2470703125 0.51708984375 0.25 0.51708984375 0.255859375 0.51953125 0.2626953125 0.51953125 0.2705078125 0.51953125 0.2763671875 0.521484375 0.2763671875 0.525390625 0.279296875 0.5283203125 0.28515625 0.52294921875 0.3056640625 0.5185546875 0.33203125 0.51708984375 0.3662109375 0.51220703125 0.41796875 0.51171875 0.462890625 0.513671875 0.46875 0.51220703125 0.484375 0.50927734375 0.4892578125 0.5078125 0.4970703125 0.50634765625 0.5107421875 0.50439453125 0.515625 0.4990234375 0.55078125 0.4970703125 0.560546875 0.49560546875 0.5712890625 0.49462890625 0.58203125 0.49560546875 0.5859375 0.49609375 0.58984375 0.49560546875 0.6015625 0.49462890625 0.6279296875 0.4931640625 0.66015625 0.49169921875 0.669921875 0.49072265625 0.677734375 0.48828125 0.681640625 0.48681640625 0.6865234375 0.4853515625 0.69140625 0.48291015625 0.693359375 0.47607421875 0.6962890625 0.474609375 0.7021484375 0.46923828125 0.705078125 0.466796875 0.705078125 0.46435546875 0.705078125 0.46240234375 0.70703125 0.462890625 0.7109375 0.470703125 0.7236328125 0.4853515625 0.728515625 0.49169921875 0.734375 0.50146484375 0.7333984375
9 0.3193359375 0.40234375 0.31689453125 0.3916015625 0.31640625 0.40625 0.3193359375 0.41796875 0.32080078125 0.419921875 0.3203125 0.42578125 0.32421875 0.4228515625 0.32470703125 0.419921875 0.32275390625 0.41015625 0.3193359375 0.40234375
0 0.29150390625 0.396484375 0.291015625 0.3955078125 0.291015625 0.3935546875 0.28955078125 0.388671875 0.287109375 0.390625 0.2861328125 0.3916015625 0.28857421875 0.3955078125 0.28857421875 0.396484375 0.28857421875 0.3984375 0.28759765625 0.40234375 0.28564453125 0.3994140625 0.2822265625 0.3994140625 0.279296875 0.40234375 0.27685546875 0.41015625 0.27685546875 0.4140625 0.27783203125 0.41796875 0.279296875 0.4228515625 0.283203125 0.427734375 0.28564453125 0.427734375 0.287109375 0.42578125 0.28857421875 0.4248046875 0.29150390625 0.419921875 0.2939453125 0.419921875 0.294921875 0.419921875 0.30029296875 0.4306640625 0.30029296875 0.412109375 0.29931640625 0.3955078125 0.29150390625 0.396484375
18 0.2392578125 0 0.23681640625 0.0107421875 0.2314453125 0.0185546875 0.23046875 0.021484375 0.228515625 0.0205078125 0.228515625 0.021484375 0.2275390625 0.02734375 0.2236328125 0.0322265625 0.22314453125 0.0419921875 0.22607421875 0.0478515625 0.2275390625 0.0556640625 0.23388671875 0.064453125 0.23388671875 0.072265625 0.23046875 0.0751953125 0.22900390625 0.080078125 0.22705078125 0.08203125 0.2236328125 0.0859375 0.21923828125 0.09765625 0.2158203125 0.1015625 0.212890625 0.1220703125 0.20751953125 0.1123046875 0.20703125 0.1201171875 0.20361328125 0.1279296875 0.20361328125 0.140625 0.203125 0.1494140625 0.20458984375 0.15625 0.20703125 0.162109375 0.21240234375 0.1669921875 0.21240234375 0.1806640625 0.2158203125 0.189453125 0.2158203125 0.20703125 0.224609375 0.2080078125 0.22509765625 0.2109375 0.2236328125 0.2255859375 0.2197265625 0.2314453125 0.2236328125 0.2451171875 0.22607421875 0.2470703125 0.22998046875 0.251953125 0.23291015625 0.2578125 0.2353515625 0.2578125 0.2392578125 0.2607421875 0.24365234375 0.2666015625 0.25146484375 0.265625 0.25390625 0.2666015625 0.25537109375 0.271484375 0.2568359375 0.3349609375 0.26025390625 0.3798828125 0.26025390625 0.2255859375 0.26611328125 0.2294921875 0.275390625 0.2294921875 0.27294921875 0.220703125 0.26611328125 0.21484375 0.279296875 0.205078125 0.28173828125 0.2041015625 0.283203125 0.197265625 0.28466796875 0.19140625 0.287109375 0.189453125 0.2900390625 0.189453125 0.29248046875 0.185546875 0.294921875 0.177734375 0.296875 0.1650390625 0.29248046875 0.15625 0.291015625 0.146484375 0.2861328125 0.1484375 0.283203125 0.1494140625 0.28076171875 0.1416015625 0.2783203125 0.1328125 0.28173828125 0.1162109375 0.283203125 0.0986328125 0.28173828125 0.09375 0.2783203125 0.08984375 0.2763671875 0.08203125 0.2783203125 0.0791015625 0.279296875 0.068359375 0.28076171875 0.060546875 0.283203125 0.0556640625 0.283203125 0.0498046875 0.28076171875 0.03515625 0.27294921875 0.03515625 0.27001953125 0.0322265625 0.26953125 0.02734375 0.27294921875 0.021484375 0.2724609375 0.013671875 0.2763671875 0.0107421875 0.2763671875 0.0078125 0.27392578125 0 0.2392578125 0
0 0.212890625 0.4091796875 0.212890625 0.40234375 0.21240234375 0.3994140625 0.21240234375 0.3984375 0.212890625 0.3955078125 0.212890625 0.3935546875 0.2138671875 0.3935546875 0.21435546875 0.3916015625 0.21435546875 0.390625 0.21142578125 0.390625 0.208984375 0.3876953125 0.20703125 0.3837890625 0.205078125 0.3857421875 0.20361328125 0.3857421875 0.20703125 0.390625 0.2060546875 0.3955078125 0.2060546875 0.40234375 0.2060546875 0.40625 0.2060546875 0.4091796875 0.2060546875 0.4150390625 0.2060546875 0.41796875 0.2060546875 0.4208984375 0.20703125 0.4287109375 0.21044921875 0.427734375 0.21240234375 0.419921875 0.212890625 0.412109375 0.212890625 0.4091796875
0 0.20361328125 0.4072265625 0.205078125 0.40234375 0.205078125 0.3984375 0.20361328125 0.3994140625 0.20361328125 0.3984375 0.203125 0.390625 0.20458984375 0.390625 0.205078125 0.388671875 0.20703125 0.3876953125 0.2060546875 0.3857421875 0.20361328125 0.3876953125 0.201171875 0.388671875 0.19921875 0.388671875 0.19677734375 0.390625 0.1943359375 0.388671875 0.19384765625 0.3916015625 0.19677734375 0.3935546875 0.1982421875 0.3916015625 0.19970703125 0.3935546875 0.20068359375 0.3955078125 0.19970703125 0.4013671875 0.19970703125 0.40625 0.19921875 0.4091796875 0.19921875 0.42578125 0.19970703125 0.42578125 0.20068359375 0.427734375 0.201171875 0.4287109375 0.203125 0.431640625 0.20361328125 0.4228515625 0.20458984375 0.419921875 0.20458984375 0.4140625 0.20361328125 0.4072265625
0 0.171875 0.4287109375 0.173828125 0.4306640625 0.17578125 0.4306640625 0.1767578125 0.4287109375 0.17822265625 0.4306640625 0.1796875 0.4287109375 0.1796875 0.4208984375 0.1796875 0.41015625 0.1796875 0.40625 0.1796875 0.404296875 0.1796875 0.40234375 0.17919921875 0.4013671875 0.17822265625 0.3994140625 0.1767578125 0.40234375 0.17529296875 0.4013671875 0.17529296875 0.3994140625 0.17529296875 0.3935546875 0.17578125 0.3935546875 0.1767578125 0.390625 0.17822265625 0.3876953125 0.17822265625 0.3857421875 0.17529296875 0.3876953125 0.17431640625 0.388671875 0.173828125 0.388671875 0.171875 0.3876953125 0.1689453125 0.390625 0.16650390625 0.3916015625 0.16748046875 0.3935546875 0.169921875 0.3935546875 0.17041015625 0.3935546875 0.17138671875 0.3955078125 0.17138671875 0.396484375 0.17041015625 0.3994140625 0.17041015625 0.404296875 0.169921875 0.4091796875 0.169921875 0.4208984375 0.17138671875 0.4248046875 0.171875 0.4248046875 0.171875 0.4287109375
15 0.076171875 0.41796875 0.076171875 0.412109375 0.07568359375 0.40234375 0.07421875 0.40234375 0.07421875 0.427734375 0.076171875 0.42578125 0.076171875 0.4248046875 0.076171875 0.41796875
14 0.05615234375 0 0.05712890625 0.0078125 0.0595703125 0.0126953125 0.0625 0.021484375 0.06640625 0.0244140625 0.06689453125 0.029296875 0.06884765625 0.044921875 0.0625 0.0498046875 0.06005859375 0.0537109375 0.05712890625 0.060546875 0.05615234375 0.0712890625 0.05810546875 0.0771484375 0.06005859375 0.080078125 0.06689453125 0.08984375 0.06689453125 0.1142578125 0.07958984375 0.1123046875 0.07958984375 0.1142578125 0.07958984375 0.119140625 0.08203125 0.123046875 0.1064453125 0.126953125 0.10791015625 0.1201171875 0.107421875 0.1044921875 0.1064453125 0.064453125 0.1103515625 0.0634765625 0.11962890625 0.0634765625 0.12744140625 0.0634765625 0.12744140625 0.060546875 0.1279296875 0.0556640625 0.13525390625 0.0537109375 0.138671875 0.052734375 0.14208984375 0.052734375 0.14111328125 0 0.05615234375 0