13 0 0.9990234375 0.99951171875 0.9990234375 0.99951171875 0.4931640625 0.0009765625 0.396484375 0 0.4033203125 0.00048828125 0.46875 0 0.6650390625 0 0.9990234375
2 0.5185546875 0.2431640625 0.509765625 0.439453125 0.576171875 0.4423828125 0.57373046875 0.19921875 0.5634765625 0.208984375 0.5439453125 0.2216796875 0.53173828125 0.220703125 0.529296875 0.2333984375 0.521484375 0.234375 0.51953125 0.2392578125 0.52197265625 0.2431640625 0.5185546875 0.2431640625
10 0.52783203125 0.4140625 0.52783203125 0.4228515625 0.52783203125 0.431640625 0.53271484375 0.4345703125 0.537109375 0.4345703125 0.53857421875 0.4267578125 0.53857421875 0.4189453125 0.537109375 0.412109375 0.53466796875 0.4150390625 0.53173828125 0.4140625 0.52978515625 0.412109375 0.52783203125 0.4140625
4 0.5556640625 0.412109375 0.548828125 0.4189453125 0.54345703125 0.4267578125 0.5400390625 0.4404296875 0.5400390625 0.4443359375 0.53759765625 0.4580078125 0.53857421875 0.4677734375 0.54541015625 0.47265625 0.5478515625 0.48046875 0.55517578125 0.4833984375 0.576171875 0.4873046875 0.58984375 0.482421875 0.6044921875 0.4833984375 0.60693359375 0.4462890625 0.5849609375 0.4169921875 0.57861328125 0.412109375 0.56982421875 0.4111328125 0.5625 0.4111328125 0.5556640625 0.412109375
2 0.5654296875 0.2158203125 0.5654296875 0.2216796875 0.56689453125 0.22265625 0.56494140625 0.34375 0.56396484375 0.4248046875 0.630859375 0.46875 0.6396484375 0 0.5947265625 0.0009765625 0.5654296875 0.1806640625 0.56396484375 0.1826171875 0.560546875 0.201171875 0.56298828125 0.2080078125 0.56201171875 0.212890625 0.5654296875 0.2158203125
2 0.6015625 0.48828125 0.630859375 0.494140625 0.65869140625 0.5029296875 0.69384765625 0.5126953125 0.794921875 0.5224609375 0.857421875 0.52734375 0.93017578125 0.5341796875 0.99951171875 0.5400390625 0.99951171875 0.26953125 0.9990234375 0 0.6064453125 0.001953125 0.6064453125 0.0322265625 0.6015625 0.0419921875 0.60302734375 0.0595703125 0.6044921875 0.0546875 0.6044921875 0.189453125 0.60107421875 0.1904296875 0.6015625 0.2236328125 0.60595703125 0.2236328125 0.60302734375 0.3125 0.6005859375 0.3515625 0.6044921875 0.353515625 0.6044921875 0.3955078125 0.60400390625 0.4033203125 0.603515625 0.419921875 0.6015625 0.48828125
2 0.00830078125 0.4169921875 0.0341796875 0.419921875 0.07177734375 0.4248046875 0.25439453125 0.439453125 0.48583984375 0.44921875 0.501953125 0.4501953125 0.50244140625 0.447265625 0.50439453125 0.4443359375 0.50537109375 0.439453125 0.50830078125 0.43359375 0.51708984375 0.43359375 0.51806640625 0.345703125 0.52099609375 0.2353515625 0.52197265625 0.1240234375 0.52490234375 0.1201171875 0.52490234375 0.1162109375 0.53515625 0.115234375 0.5341796875 0.0703125 0.5234375 0.072265625 0.521484375 0.0654296875 0.52197265625 0.0244140625 0.51025390625 0.021484375 0.509765625 0.0009765625 0.0009765625 0.0009765625 0 0.4130859375 0.00390625 0.416015625 0.00830078125 0.4169921875
18 0.45556640625 0.4462890625 0.462890625 0.4462890625 0.462890625 0.3779296875 0.4697265625 0.3740234375 0.47119140625 0.37109375 0.47607421875 0.3720703125 0.48193359375 0.375 0.48681640625 0.3623046875 0.49169921875 0.3486328125 0.49658203125 0.3349609375 0.4970703125 0.3232421875 0.4931640625 0.3115234375 0.498046875 0.29296875 0.5 0.27734375 0.4990234375 0.271484375 0.490234375 0.2685546875 0.48876953125 0.25 0.4931640625 0.232421875 0.48974609375 0.21875 0.48681640625 0.216796875 0.4853515625 0.20703125 0.48095703125 0.2119140625 0.47509765625 0.21484375 0.47216796875 0.2060546875 0.47265625 0.197265625 0.474609375 0.1845703125 0.47412109375 0.177734375 0.4716796875 0.1640625 0.4658203125 0.16796875 0.4619140625 0.173828125 0.45849609375 0.1806640625 0.45556640625 0.189453125 0.44921875 0.19921875 0.44384765625 0.208984375 0.4384765625 0.2177734375 0.4375 0.22265625 0.4423828125 0.2236328125 0.44921875 0.23046875 0.44189453125 0.2392578125 0.435546875 0.248046875 0.42919921875 0.2578125 0.4267578125 0.2646484375 0.42529296875 0.2763671875 0.4267578125 0.28515625 0.4296875 0.2939453125 0.43017578125 0.30078125 0.42919921875 0.302734375 0.42626953125 0.3056640625 0.42333984375 0.3115234375 0.419921875 0.3173828125 0.4189453125 0.328125 0.42236328125 0.3310546875 0.42333984375 0.3408203125 0.42236328125 0.3564453125 0.42529296875 0.37109375 0.43212890625 0.3759765625 0.44140625 0.3681640625 0.4423828125 0.357421875 0.44677734375 0.3544921875 0.45068359375 0.35546875 0.45361328125 0.359375 0.45751953125 0.365234375 0.4599609375 0.369140625 0.458984375 0.384765625 0.45654296875 0.4248046875 0.45556640625 0.4462890625
15 0.5126953125 0.2939453125 0.52392578125 0.3271484375 0.5263671875 0.326171875 0.5400390625 0.302734375 0.5400390625 0.2978515625 0.529296875 0.2705078125 0.525390625 0.271484375 0.51220703125 0.2890625 0.5126953125 0.2939453125
10 0.34130859375 0.3974609375 0.34033203125 0.390625 0.33740234375 0.384765625 0.3359375 0.384765625 0.33154296875 0.384765625 0.3310546875 0.392578125 0.32958984375 0.400390625 0.32958984375 0.40625 0.32958984375 0.4208984375 0.33837890625 0.4267578125 0.33935546875 0.4140625 0.34130859375 0.3974609375
18 0.03515625 0.4072265625 0.03076171875 0.416015625 0.0322265625 0.4248046875 0.033203125 0.4267578125 0.0380859375 0.4296875 0.0546875 0.43359375 0.09423828125 0.4375 0.14892578125 0.4443359375 0.23974609375 0.453125 0.30224609375 0.455078125 0.34423828125 0.4609375 0.4423828125 0.466796875 0.47998046875 0.4716796875 0.48193359375 0.4462890625 0.48046875 0.4306640625 0.4765625 0.4267578125 0.47021484375 0.4267578125 0.462890625 0.4306640625 0.4501953125 0.4287109375 0.44091796875 0.4267578125 0.4345703125 0.421875 0.4208984375 0.419921875 0.4150390625 0.412109375 0.40966796875 0.40625 0.404296875 0.4033203125 0.39892578125 0.41015625 0.39404296875 0.4150390625 0.38916015625 0.416015625 0.380859375 0.41796875 0.37060546875 0.4150390625 0.35986328125 0.4130859375 0.34765625 0.4189453125 0.328125 0.4169921875 0.3154296875 0.4091796875 0.310546875 0.4111328125 0.30517578125 0.416015625 0.2978515625 0.4248046875 0.2939453125 0.41796875 0.28564453125 0.4091796875 0.27685546875 0.404296875 0.26416015625 0.4111328125 0.2587890625 0.41015625 0.25634765625 0.41796875 0.25732421875 0.43359375 0.25 0.431640625 0.2490234375 0.42578125 0.24609375 0.41796875 0.2421875 0.4091796875 0.23193359375 0.40234375 0.2265625 0.40234375 0.22216796875 0.4052734375 0.2158203125 0.4130859375 0.16455078125 0.396484375 0.15869140625 0.3935546875 0.15234375 0.3896484375 0.14111328125 0.396484375 0.125 0.3916015625 0.11962890625 0.3896484375 0.11328125 0.3896484375 0.10302734375 0.3916015625 0.08447265625 0.392578125 0.07861328125 0.392578125 0.072265625 0.390625 0.0595703125 0.39453125 0.0439453125 0.396484375 0.041015625 0.396484375 0.0380859375 0.400390625 0.03515625 0.4072265625
15 0.01416015625 0.2275390625 0.0166015625 0.2236328125 0.01318359375 0.2080078125 0.01904296875 0.2041015625 0.017578125 0.1923828125 0.0068359375 0.1982421875 0.00390625 0.1875 0.00244140625 0.2177734375 0.005859375 0.2119140625 0.01416015625 0.2275390625
15 0.03466796875 0.333984375 0.03271484375 0.3369140625 0.03271484375 0.3447265625 0.03369140625 0.3525390625 0.0380859375 0.357421875 0.04150390625 0.357421875 0.04541015625 0.3515625 0.04541015625 0.3466796875 0.044921875 0.3359375 0.04150390625 0.3310546875 0.03662109375 0.3310546875 0.03466796875 0.333984375
9 0.57763671875 0.4013671875 0.57763671875 0.408203125 0.576171875 0.4140625 0.57373046875 0.4296875 0.5732421875 0.4423828125 0.5751953125 0.482421875 0.57666015625 0.5078125 0.57958984375 0.5205078125 0.58251953125 0.5224609375 0.58349609375 0.517578125 0.58154296875 0.51171875 0.58203125 0.5068359375 0.58349609375 0.5107421875 0.5869140625 0.517578125 0.58984375 0.5146484375 0.58935546875 0.498046875 0.587890625 0.396484375 0.58447265625 0.3876953125 0.5810546875 0.3896484375 0.5791015625 0.39453125 0.57763671875 0.4013671875
9 0.5966796875 0.4658203125 0.59765625 0.490234375 0.59912109375 0.5078125 0.599609375 0.521484375 0.6044921875 0.52734375 0.6083984375 0.525390625 0.60888671875 0.5146484375 0.60888671875 0.5048828125 0.615234375 0.4716796875 0.61572265625 0.455078125 0.619140625 0.4560546875 0.62109375 0.4541015625 0.61962890625 0.41015625 0.61669921875 0.39453125 0.61181640625 0.3857421875 0.60986328125 0.3818359375 0.60888671875 0.3720703125 0.60693359375 0.3662109375 0.60498046875 0.3623046875 0.60302734375 0.3623046875 0.6005859375 0.3681640625 0.6005859375 0.37890625 0.6005859375 0.384765625 0.59619140625 0.3916015625 0.5966796875 0.4228515625 0.5966796875 0.4658203125
9 0.5791015625 0.408203125 0.5791015625 0.419921875 0.5771484375 0.4326171875 0.57470703125 0.4453125 0.57373046875 0.4521484375 0.57861328125 0.4560546875 0.58154296875 0.453125 0.58203125 0.43359375 0.58203125 0.4482421875 0.58447265625 0.4716796875 0.58447265625 0.4873046875 0.58447265625 0.5078125 0.58447265625 0.5185546875 0.58544921875 0.525390625 0.58984375 0.5263671875 0.59326171875 0.5244140625 0.59326171875 0.51953125 0.59521484375 0.5029296875 0.5966796875 0.4921875 0.59716796875 0.4853515625 0.59814453125 0.4716796875 0.6005859375 0.447265625 0.6025390625 0.4365234375 0.60302734375 0.4228515625 0.60302734375 0.412109375 0.60107421875 0.400390625 0.60107421875 0.39453125 0.6005859375 0.38671875 0.59814453125 0.373046875 0.5947265625 0.3701171875 0.59130859375 0.37109375 0.58642578125 0.37890625 0.58349609375 0.3916015625 0.57958984375 0.400390625 0.5791015625 0.408203125
9 0.63037109375 0.4560546875 0.6318359375 0.462890625 0.6318359375 0.4716796875 0.6318359375 0.4794921875 0.6318359375 0.48828125 0.6318359375 0.5009765625 0.63232421875 0.5087890625 0.634765625 0.5205078125 0.63720703125 0.53125 0.64111328125 0.533203125 0.642578125 0.529296875 0.64453125 0.5224609375 0.646484375 0.51171875 0.6474609375 0.5048828125 0.6513671875 0.4775390625 0.6513671875 0.4619140625 0.65234375 0.4560546875 0.65673828125 0.4521484375 0.65869140625 0.4365234375 0.65869140625 0.4267578125 0.65673828125 0.4169921875 0.6552734375 0.412109375 0.65380859375 0.404296875 0.65185546875 0.3984375 0.64697265625 0.3984375 0.64697265625 0.390625 0.64697265625 0.3837890625 0.6455078125 0.3779296875 0.64404296875 0.375 0.640625 0.375 0.63916015625 0.3759765625 0.6376953125 0.3798828125 0.63623046875 0.384765625 0.63623046875 0.3916015625 0.63623046875 0.3955078125 0.6318359375 0.400390625 0.62890625 0.41796875 0.6279296875 0.431640625 0.6279296875 0.44140625 0.62890625 0.451171875 0.63037109375 0.4560546875
4 0.1611328125 0.4697265625 0.16259765625 0.4658203125 0.1728515625 0.46875 0.17431640625 0.47265625 0.1787109375 0.478515625 0.1826171875 0.478515625 0.185546875 0.4765625 0.1943359375 0.474609375 0.19775390625 0.474609375 0.19970703125 0.474609375 0.20458984375 0.474609375 0.20751953125 0.474609375 0.2109375 0.474609375 0.2158203125 0.474609375 0.2197265625 0.474609375 0.2216796875 0.474609375 0.22314453125 0.4775390625 0.22412109375 0.4814453125 0.22705078125 0.482421875 0.22998046875 0.482421875 0.23193359375 0.48046875 0.23388671875 0.46875 0.234375 0.4560546875 0.234375 0.44140625 0.23291015625 0.43359375 0.2265625 0.4228515625 0.22607421875 0.416015625 0.22314453125 0.412109375 0.2080078125 0.39453125 0.18603515625 0.388671875 0.1767578125 0.388671875 0.16943359375 0.3896484375 0.1630859375 0.3935546875 0.15478515625 0.404296875 0.15185546875 0.412109375 0.1474609375 0.4326171875 0.1474609375 0.443359375 0.1474609375 0.453125 0.14892578125 0.46875 0.15185546875 0.47265625 0.158203125 0.4716796875 0.1611328125 0.4697265625
9 0.5517578125 0.44140625 0.55126953125 0.451171875 0.55322265625 0.4677734375 0.55322265625 0.486328125 0.55322265625 0.5068359375 0.55517578125 0.5234375 0.55810546875 0.5263671875 0.5634765625 0.5263671875 0.56396484375 0.5234375 0.5634765625 0.513671875 0.56396484375 0.5 0.56640625 0.4912109375 0.56787109375 0.478515625 0.56787109375 0.46484375 0.568359375 0.4619140625 0.57373046875 0.462890625 0.58056640625 0.4638671875 0.58154296875 0.4609375 0.58056640625 0.451171875 0.5751953125 0.451171875 0.57177734375 0.4482421875 0.56884765625 0.4404296875 0.5673828125 0.431640625 0.56640625 0.42578125 0.564453125 0.4189453125 0.5625 0.416015625 0.56103515625 0.4169921875 0.55859375 0.4228515625 0.55712890625 0.4248046875 0.5537109375 0.435546875 0.5517578125 0.44140625