13 0 0.9990234375 0.99951171875 0.9990234375 0.99951171875 0.380859375 0.22216796875 0.40234375 0 0.4267578125 0 0.9990234375
2 0 0 0.00048828125 0.45703125 0.1201171875 0.4619140625 0.224609375 0.4423828125 0.513671875 0.3349609375 0.99951171875 0.4248046875 0.99951171875 0 0.70751953125 0 0.70751953125 0.0244140625 0.61572265625 0.03125 0.59423828125 0.1259765625 0.59619140625 0.1884765625 0.58935546875 0.193359375 0.56884765625 0.2705078125 0.47705078125 0.275390625 0.47705078125 0.2578125 0.46630859375 0.236328125 0.4599609375 0.228515625 0.4541015625 0.2216796875 0.43017578125 0.1630859375 0.4306640625 0.150390625 0.42529296875 0.1435546875 0.42431640625 0.1318359375 0.4189453125 0.130859375 0.41748046875 0.109375 0.41015625 0.109375 0.40087890625 0.0927734375 0.40087890625 0.0146484375 0.4033203125 0.013671875 0.39794921875 0 0 0
14 0.90966796875 0.3046875 0.912109375 0.30078125 0.91455078125 0.2998046875 0.916015625 0.296875 0.9189453125 0.2958984375 0.9208984375 0.2958984375 0.92138671875 0.291015625 0.9189453125 0.2880859375 0.91845703125 0.287109375 0.916015625 0.28515625 0.916015625 0.2802734375 0.91748046875 0.2783203125 0.92041015625 0.28125 0.92138671875 0.275390625 0.9208984375 0.2734375 0.91845703125 0.271484375 0.916015625 0.2705078125 0.916015625 0.2666015625 0.91552734375 0.265625 0.92138671875 0.2646484375 0.92138671875 0.2607421875 0.9208984375 0.259765625 0.91748046875 0.2578125 0.9140625 0.2578125 0.9130859375 0.2529296875 0.90673828125 0.2529296875 0.90673828125 0.2978515625 0.9072265625 0.302734375 0.90966796875 0.3046875
14 0.837890625 0.22265625 0.837890625 0.216796875 0.83447265625 0.21484375 0.83447265625 0.208984375 0.83837890625 0.2109375 0.83837890625 0.2060546875 0.833984375 0.2041015625 0.8349609375 0.19921875 0.83837890625 0.2001953125 0.83837890625 0.1923828125 0.83544921875 0.1904296875 0.833984375 0.1904296875 0.83203125 0.1884765625 0.828125 0.1904296875 0.82861328125 0.2255859375 0.83251953125 0.228515625 0.833984375 0.2236328125 0.837890625 0.22265625
14 0.85791015625 0.2041015625 0.86083984375 0.205078125 0.861328125 0.2041015625 0.86181640625 0.19921875 0.86083984375 0.197265625 0.85791015625 0.1953125 0.8583984375 0.193359375 0.86083984375 0.19140625 0.861328125 0.1884765625 0.861328125 0.1865234375 0.85791015625 0.18359375 0.857421875 0.1826171875 0.85791015625 0.1806640625 0.859375 0.1787109375 0.86083984375 0.1767578125 0.86083984375 0.173828125 0.8583984375 0.169921875 0.8564453125 0.169921875 0.85205078125 0.1689453125 0.85009765625 0.1669921875 0.849609375 0.208984375 0.85302734375 0.208984375 0.85595703125 0.2060546875 0.85791015625 0.2041015625
14 0.740234375 0.2822265625 0.73828125 0.28515625 0.73779296875 0.29296875 0.73974609375 0.2958984375 0.7421875 0.2978515625 0.74462890625 0.296875 0.74609375 0.2939453125 0.74658203125 0.291015625 0.74658203125 0.2861328125 0.74462890625 0.2822265625 0.7431640625 0.27734375 0.74462890625 0.27734375 0.74560546875 0.2744140625 0.74609375 0.26953125 0.74560546875 0.2646484375 0.7431640625 0.26171875 0.7392578125 0.2626953125 0.73779296875 0.2685546875 0.73828125 0.2744140625 0.7392578125 0.2763671875 0.740234375 0.2822265625
15 0.7939453125 0.2548828125 0.7939453125 0.2646484375 0.7958984375 0.271484375 0.798828125 0.2734375 0.80029296875 0.2685546875 0.7998046875 0.2412109375 0.798828125 0.234375 0.79638671875 0.2373046875 0.79541015625 0.2431640625 0.7939453125 0.2548828125
15 0.79931640625 0.2890625 0.794921875 0.2890625 0.794921875 0.359375 0.79931640625 0.359375 0.79931640625 0.2890625
9 0.07470703125 0.451171875 0.07666015625 0.443359375 0.0771484375 0.447265625 0.078125 0.447265625 0.07861328125 0.4482421875 0.0791015625 0.455078125 0.0810546875 0.455078125 0.08251953125 0.44921875 0.08154296875 0.44140625 0.0810546875 0.4326171875 0.0810546875 0.427734375 0.080078125 0.421875 0.07958984375 0.412109375 0.07861328125 0.3994140625 0.0771484375 0.3974609375 0.07763671875 0.3955078125 0.078125 0.3955078125 0.07958984375 0.392578125 0.07958984375 0.384765625 0.07861328125 0.3837890625 0.0771484375 0.384765625 0.07568359375 0.390625 0.07275390625 0.396484375 0.0712890625 0.4013671875 0.07080078125 0.404296875 0.07080078125 0.4091796875 0.07080078125 0.4150390625 0.07080078125 0.419921875 0.0703125 0.4248046875 0.07080078125 0.427734375 0.072265625 0.431640625 0.07275390625 0.4375 0.07080078125 0.447265625 0.0693359375 0.4560546875 0.072265625 0.45703125 0.0732421875 0.4560546875 0.07470703125 0.451171875
14 0.0712890625 0.3046875 0.06640625 0.3046875 0.0654296875 0.310546875 0.0673828125 0.3125 0.07177734375 0.3173828125 0.06884765625 0.31640625 0.06591796875 0.3212890625 0.06787109375 0.328125 0.0712890625 0.3310546875 0.0771484375 0.333984375 0.07666015625 0.302734375 0.07470703125 0.3017578125 0.0712890625 0.3046875
15 0.10009765625 0.365234375 0.10009765625 0.34765625 0.1005859375 0.3359375 0.0947265625 0.33203125 0.0986328125 0.3251953125 0.10009765625 0.3203125 0.099609375 0.310546875 0.0966796875 0.296875 0.09521484375 0.2939453125 0.091796875 0.29296875 0.0888671875 0.2939453125 0.0869140625 0.296875 0.08544921875 0.30078125 0.08447265625 0.3115234375 0.0859375 0.3212890625 0.09033203125 0.333984375 0.08740234375 0.3359375 0.0869140625 0.365234375 0.095703125 0.365234375 0.10009765625 0.365234375
14 0.18896484375 0 0.18994140625 0.0166015625 0.19140625 0.0322265625 0.19580078125 0.041015625 0.20068359375 0.0390625 0.2060546875 0.0322265625 0.2080078125 0.0205078125 0.20849609375 0 0.18896484375 0
15 0.11474609375 0.3486328125 0.11083984375 0.34765625 0.10986328125 0.3828125 0.11474609375 0.3828125 0.11474609375 0.3486328125
14 0.1630859375 0.349609375 0.16259765625 0.345703125 0.1640625 0.341796875 0.162109375 0.33203125 0.16162109375 0.33203125 0.16015625 0.330078125 0.158203125 0.33203125 0.15625 0.333984375 0.15576171875 0.3359375 0.15869140625 0.3427734375 0.1572265625 0.34375 0.15625 0.3486328125 0.15673828125 0.3525390625 0.15869140625 0.35546875 0.158203125 0.3564453125 0.15673828125 0.3564453125 0.15673828125 0.361328125 0.15966796875 0.3642578125 0.162109375 0.3662109375 0.1650390625 0.3603515625 0.1640625 0.3564453125 0.1630859375 0.349609375