13 0 0.9990234375 0.99951171875 0.9990234375 0.99951171875 0.6376953125 0.6240234375 0.3974609375 0.41162109375 0.3984375 0 0.5419921875 0 0.9990234375
2 0 0 0 0.5419921875 0.34326171875 0.453125 0.40673828125 0.4404296875 0.43017578125 0.421875 0.4677734375 0.4169921875 0.6201171875 0.4365234375 0.99951171875 0.6396484375 0.99951171875 0 0.64453125 0 0.646484375 0.0322265625 0.6064453125 0.080078125 0.599609375 0.1015625 0.59521484375 0.1083984375 0.59033203125 0.1142578125 0.57177734375 0.115234375 0.572265625 0.138671875 0.56494140625 0.1474609375 0.56201171875 0.166015625 0.56494140625 0.1728515625 0.56640625 0.2021484375 0.56201171875 0.197265625 0.55859375 0.2158203125 0.5615234375 0.228515625 0.56201171875 0.244140625 0.55615234375 0.2470703125 0.53125 0.296875 0.53173828125 0.3115234375 0.48486328125 0.3095703125 0.47607421875 0.3056640625 0.47509765625 0.294921875 0.46826171875 0.294921875 0.443359375 0.26953125 0.4326171875 0.2705078125 0.43212890625 0.2451171875 0.4384765625 0.236328125 0.43603515625 0.2314453125 0.41650390625 0.193359375 0.4169921875 0.169921875 0.4150390625 0.1630859375 0.40283203125 0.16796875 0.3681640625 0.083984375 0.3505859375 0.06640625 0.30322265625 0 0 0
14 0.35888671875 0.3505859375 0.35302734375 0.3486328125 0.3583984375 0.34375 0.3583984375 0.3369140625 0.34912109375 0.3359375 0.349609375 0.3603515625 0.35888671875 0.3583984375 0.35888671875 0.3505859375
14 0.32373046875 0.3583984375 0.32421875 0.353515625 0.3232421875 0.3447265625 0.31689453125 0.345703125 0.3173828125 0.349609375 0.32080078125 0.353515625 0.3212890625 0.3564453125 0.3173828125 0.3564453125 0.3173828125 0.361328125 0.32080078125 0.361328125 0.32177734375 0.3662109375 0.3173828125 0.3671875 0.31689453125 0.3671875 0.3203125 0.3720703125 0.322265625 0.3759765625 0.32568359375 0.375 0.33349609375 0.373046875 0.33251953125 0.353515625 0.32666015625 0.3544921875 0.3251953125 0.3583984375 0.32373046875 0.3583984375
4 0.31884765625 0.431640625 0.3447265625 0.484375 0.3505859375 0.4921875 0.35546875 0.4912109375 0.35888671875 0.486328125 0.36181640625 0.48828125 0.365234375 0.4853515625 0.36669921875 0.4775390625 0.3671875 0.4619140625 0.3662109375 0.4462890625 0.36572265625 0.435546875 0.3642578125 0.427734375 0.361328125 0.423828125 0.35791015625 0.4111328125 0.349609375 0.3994140625 0.3369140625 0.3984375 0.3232421875 0.3984375 0.32080078125 0.40625 0.31884765625 0.431640625
4 0.3046875 0.44140625 0.3125 0.4921875 0.3349609375 0.4892578125 0.3349609375 0.501953125 0.34130859375 0.4990234375 0.3427734375 0.4736328125 0.34326171875 0.455078125 0.34033203125 0.4423828125 0.34619140625 0.44140625 0.34521484375 0.4365234375 0.33935546875 0.43359375 0.3388671875 0.4384765625 0.33154296875 0.40625 0.31103515625 0.40234375 0.30224609375 0.4033203125 0.2998046875 0.4052734375 0.3046875 0.44140625
4 0.2763671875 0.498046875 0.27880859375 0.515625 0.2822265625 0.5224609375 0.28857421875 0.5234375 0.29150390625 0.5224609375 0.29443359375 0.5126953125 0.29638671875 0.4990234375 0.30224609375 0.4970703125 0.3056640625 0.5078125 0.31396484375 0.5078125 0.31494140625 0.5009765625 0.31640625 0.4853515625 0.31884765625 0.46875 0.3173828125 0.443359375 0.314453125 0.44140625 0.31201171875 0.4365234375 0.30322265625 0.4052734375 0.27587890625 0.400390625 0.2705078125 0.40234375 0.26806640625 0.4970703125 0.2763671875 0.498046875
4 0.0859375 0.3154296875 0.0693359375 0.384765625 0.0673828125 0.3740234375 0.0595703125 0.3798828125 0.05859375 0.3876953125 0.05810546875 0.3984375 0.1064453125 0.55859375 0.177734375 0.560546875 0.18896484375 0.576171875 0.203125 0.5751953125 0.20947265625 0.5703125 0.21240234375 0.556640625 0.21533203125 0.5361328125 0.24462890625 0.517578125 0.24560546875 0.5390625 0.25048828125 0.548828125 0.26123046875 0.546875 0.263671875 0.5361328125 0.26611328125 0.51953125 0.26611328125 0.4990234375 0.27099609375 0.494140625 0.27294921875 0.470703125 0.27294921875 0.439453125 0.2734375 0.3974609375 0.271484375 0.353515625 0.26806640625 0.318359375 0.26025390625 0.2861328125 0.2109375 0.2705078125 0.19873046875 0.2685546875 0.1484375 0.267578125 0.12158203125 0.267578125 0.1005859375 0.2724609375 0.0859375 0.3154296875
4 0 0.685546875 0.0048828125 0.6884765625 0.01025390625 0.681640625 0.0166015625 0.666015625 0.021484375 0.646484375 0.02392578125 0.630859375 0.07666015625 0.607421875 0.08203125 0.626953125 0.0869140625 0.6328125 0.10107421875 0.6328125 0.10595703125 0.6259765625 0.109375 0.611328125 0.10986328125 0.5751953125 0.109375 0.53515625 0.109375 0.51953125 0.10791015625 0.4873046875 0.1015625 0.4619140625 0.0966796875 0.4560546875 0.08447265625 0.412109375 0.06298828125 0.3935546875 0.03662109375 0.38671875 0 0.380859375 0 0.685546875
14 0.4013671875 0.375 0.40185546875 0.3720703125 0.40478515625 0.3701171875 0.404296875 0.3544921875 0.39794921875 0.353515625 0.39794921875 0.373046875 0.4013671875 0.375
15 0.4375 0.376953125 0.4375 0.380859375 0.4384765625 0.3837890625 0.44091796875 0.3828125 0.44140625 0.3818359375 0.44189453125 0.375 0.4404296875 0.3740234375 0.439453125 0.373046875 0.4384765625 0.3740234375 0.4375 0.376953125
6 0.4501953125 0.4345703125 0.46044921875 0.4306640625 0.466796875 0.4111328125 0.466796875 0.3994140625 0.45703125 0.400390625 0.44921875 0.400390625 0.44775390625 0.4150390625 0.4501953125 0.4345703125
4 0.42626953125 0.40234375 0.42626953125 0.408203125 0.427734375 0.408203125 0.42626953125 0.421875 0.4267578125 0.435546875 0.43212890625 0.4365234375 0.4326171875 0.4296875 0.44775390625 0.4306640625 0.44873046875 0.4345703125 0.45068359375 0.43359375 0.4521484375 0.41796875 0.45068359375 0.408203125 0.45361328125 0.408203125 0.453125 0.404296875 0.45166015625 0.404296875 0.4501953125 0.3896484375 0.43115234375 0.390625 0.4296875 0.390625 0.4287109375 0.40234375 0.42626953125 0.40234375
4 0.45703125 0.44140625 0.478515625 0.4404296875 0.482421875 0.4052734375 0.4814453125 0.3994140625 0.47509765625 0.3984375 0.4619140625 0.4013671875 0.4609375 0.4052734375 0.45849609375 0.4130859375 0.45654296875 0.4248046875 0.45703125 0.44140625
14 0.529296875 0.3486328125 0.52587890625 0.3486328125 0.52587890625 0.3603515625 0.529296875 0.3603515625 0.529296875 0.3486328125
15 0.56884765625 0.333984375 0.5498046875 0.337890625 0.55224609375 0.3828125 0.5712890625 0.3779296875 0.56884765625 0.333984375
14 0.57568359375 0.3603515625 0.57275390625 0.361328125 0.572265625 0.36328125 0.578125 0.37109375 0.578125 0.3515625 0.572265625 0.3515625 0.57275390625 0.35546875 0.5751953125 0.3564453125 0.57568359375 0.3603515625
15 0.61474609375 0.29296875 0.60888671875 0.28125 0.60302734375 0.294921875 0.609375 0.3056640625 0.61474609375 0.29296875
14 0.6064453125 0.3251953125 0.60107421875 0.326171875 0.6025390625 0.33203125 0.60595703125 0.3330078125 0.6064453125 0.3388671875 0.60107421875 0.33984375 0.6005859375 0.3427734375 0.60546875 0.3466796875 0.60693359375 0.3486328125 0.60693359375 0.353515625 0.61083984375 0.3544921875 0.61328125 0.349609375 0.61279296875 0.3115234375 0.6064453125 0.3115234375 0.60595703125 0.3173828125 0.6064453125 0.3251953125
14 0.5478515625 0.185546875 0.537109375 0.185546875 0.537109375 0.2333984375 0.54931640625 0.232421875 0.5478515625 0.185546875
9 0.64111328125 0.3798828125 0.638671875 0.3837890625 0.63720703125 0.392578125 0.65625 0.3984375 0.654296875 0.3779296875 0.6484375 0.3759765625 0.64892578125 0.369140625 0.64697265625 0.3681640625 0.64453125 0.3681640625 0.64111328125 0.373046875 0.64111328125 0.3798828125
15 0.6416015625 0.2822265625 0.64111328125 0.2919921875 0.64404296875 0.298828125 0.64794921875 0.2998046875 0.6513671875 0.296875 0.654296875 0.2919921875 0.654296875 0.2841796875 0.654296875 0.279296875 0.65234375 0.2744140625 0.6494140625 0.2724609375 0.64697265625 0.271484375 0.64306640625 0.275390625 0.6416015625 0.2822265625
15 0.6748046875 0.330078125 0.67431640625 0.267578125 0.6591796875 0.267578125 0.66015625 0.3310546875 0.6748046875 0.330078125
4 0.59423828125 0.4560546875 0.607421875 0.4619140625 0.63134765625 0.4169921875 0.630859375 0.3876953125 0.62548828125 0.3828125 0.60791015625 0.3837890625 0.591796875 0.38671875 0.58837890625 0.3916015625 0.5859375 0.40234375 0.59423828125 0.4560546875
4 0.59521484375 0.416015625 0.595703125 0.423828125 0.59814453125 0.4248046875 0.595703125 0.4404296875 0.6083984375 0.5048828125 0.6123046875 0.5048828125 0.61279296875 0.4892578125 0.64111328125 0.4892578125 0.65576171875 0.3955078125 0.6513671875 0.3876953125 0.638671875 0.3876953125 0.6298828125 0.3876953125 0.60791015625 0.3916015625 0.60546875 0.3955078125 0.60107421875 0.4150390625 0.59521484375 0.416015625
0 0.740234375 0.3896484375 0.73876953125 0.3916015625 0.73681640625 0.3984375 0.73779296875 0.40625 0.7333984375 0.4072265625 0.73486328125 0.4248046875 0.7421875 0.41796875 0.7421875 0.4228515625 0.74853515625 0.423828125 0.74755859375 0.447265625 0.74658203125 0.462890625 0.748046875 0.4765625 0.7490234375 0.48828125 0.75 0.4873046875 0.75 0.478515625 0.75146484375 0.4716796875 0.75244140625 0.478515625 0.751953125 0.4873046875 0.75341796875 0.486328125 0.755859375 0.4794921875 0.75830078125 0.474609375 0.76025390625 0.482421875 0.7646484375 0.4873046875 0.76611328125 0.484375 0.767578125 0.4775390625 0.76806640625 0.4658203125 0.7685546875 0.458984375 0.76806640625 0.439453125 0.76513671875 0.435546875 0.765625 0.42578125 0.76953125 0.421875 0.77001953125 0.40625 0.755859375 0.4111328125 0.7548828125 0.40625 0.75537109375 0.404296875 0.7568359375 0.4033203125 0.7626953125 0.400390625 0.76220703125 0.3994140625 0.76171875 0.392578125 0.759765625 0.390625 0.7568359375 0.3916015625 0.7548828125 0.3935546875 0.7529296875 0.3974609375 0.74560546875 0.3974609375 0.74462890625 0.3955078125 0.7421875 0.390625 0.740234375 0.3896484375
7 0.7958984375 0.39453125 0.798828125 0.3896484375 0.80419921875 0.3876953125 0.802734375 0.380859375 0.7998046875 0.3818359375 0.79345703125 0.39453125 0.7890625 0.3955078125 0.78662109375 0.3916015625 0.783203125 0.3916015625 0.78076171875 0.390625 0.77685546875 0.3828125 0.77490234375 0.384765625 0.7666015625 0.3818359375 0.76708984375 0.384765625 0.775390625 0.390625 0.7802734375 0.40234375 0.77734375 0.4140625 0.77587890625 0.416015625 0.7734375 0.4248046875 0.77392578125 0.4267578125 0.7744140625 0.4306640625 0.77490234375 0.435546875 0.77490234375 0.4375 0.77490234375 0.4501953125 0.77392578125 0.453125 0.7734375 0.45703125 0.7734375 0.4609375 0.7705078125 0.462890625 0.76953125 0.4638671875 0.771484375 0.4765625 0.7734375 0.4775390625 0.77294921875 0.4833984375 0.77294921875 0.490234375 0.77392578125 0.498046875 0.77587890625 0.5009765625 0.7783203125 0.5029296875 0.783203125 0.498046875 0.783203125 0.4990234375 0.78857421875 0.498046875 0.7890625 0.49609375 0.7890625 0.5009765625 0.7900390625 0.5068359375 0.794921875 0.509765625 0.798828125 0.5078125 0.80029296875 0.50390625 0.80224609375 0.4970703125 0.802734375 0.4814453125 0.80419921875 0.48046875 0.8076171875 0.4736328125 0.80859375 0.4716796875 0.8115234375 0.470703125 0.814453125 0.46875 0.814453125 0.4638671875 0.8134765625 0.4609375 0.8115234375 0.4580078125 0.810546875 0.4580078125 0.80908203125 0.4580078125 0.80712890625 0.4619140625 0.80224609375 0.4609375 0.8017578125 0.451171875 0.8046875 0.44921875 0.80224609375 0.435546875 0.80078125 0.435546875 0.80078125 0.4287109375 0.79833984375 0.41796875 0.7939453125 0.4169921875 0.79345703125 0.4091796875 0.78955078125 0.40625 0.78857421875 0.4013671875 0.7939453125 0.4013671875 0.80322265625 0.4052734375 0.80322265625 0.3994140625 0.7958984375 0.39453125
4 0.64794921875 0.396484375 0.63916015625 0.4248046875 0.6337890625 0.42578125 0.63232421875 0.439453125 0.63623046875 0.439453125 0.62939453125 0.4619140625 0.630859375 0.482421875 0.630859375 0.5078125 0.6318359375 0.5244140625 0.63720703125 0.5283203125 0.642578125 0.52734375 0.64404296875 0.5244140625 0.64404296875 0.5146484375 0.6455078125 0.513671875 0.6455078125 0.517578125 0.64599609375 0.5380859375 0.64794921875 0.5439453125 0.65966796875 0.5439453125 0.6611328125 0.533203125 0.662109375 0.5146484375 0.7275390625 0.505859375 0.728515625 0.517578125 0.73291015625 0.533203125 0.7451171875 0.533203125 0.7470703125 0.5283203125 0.7470703125 0.5078125 0.74658203125 0.4921875 0.74609375 0.4697265625 0.74462890625 0.453125 0.7421875 0.44921875 0.74169921875 0.4423828125 0.7373046875 0.4228515625 0.7294921875 0.3935546875 0.72119140625 0.37890625 0.7080078125 0.376953125 0.68017578125 0.37890625 0.67041015625 0.3818359375 0.65478515625 0.384765625 0.64794921875 0.396484375
4 0.4755859375 0.423828125 0.47314453125 0.4326171875 0.47265625 0.421875 0.46044921875 0.42578125 0.45849609375 0.4375 0.46826171875 0.443359375 0.46435546875 0.4677734375 0.46240234375 0.4794921875 0.4619140625 0.501953125 0.462890625 0.525390625 0.46240234375 0.591796875 0.46484375 0.5986328125 0.47900390625 0.5986328125 0.48095703125 0.5888671875 0.4814453125 0.568359375 0.5009765625 0.5712890625 0.5810546875 0.568359375 0.5859375 0.583984375 0.59375 0.5888671875 0.6064453125 0.5869140625 0.60888671875 0.5693359375 0.6083984375 0.5361328125 0.6103515625 0.4892578125 0.603515625 0.4599609375 0.60205078125 0.4482421875 0.59375 0.423828125 0.58349609375 0.3896484375 0.57763671875 0.37890625 0.5654296875 0.373046875 0.54736328125 0.3720703125 0.5234375 0.37109375 0.51025390625 0.37109375 0.490234375 0.375 0.4755859375 0.423828125