13 0 0.9990234375 0.99951171875 0.9990234375 0.99951171875 0.4697265625 0.68017578125 0.42578125 0 0.427734375 0 0.9990234375
2 0 0 0 0.4970703125 0.23876953125 0.490234375 0.521484375 0.4814453125 0.52001953125 0.4765625 0.5185546875 0.458984375 0.52880859375 0.4599609375 0.52880859375 0.466796875 0.62255859375 0.4736328125 0.77783203125 0.478515625 0.99951171875 0.484375 0.99951171875 0 0 0
9 0.52734375 0.3994140625 0.52490234375 0.404296875 0.5263671875 0.41015625 0.529296875 0.4091796875 0.52978515625 0.3994140625 0.52734375 0.3994140625
4 0.52294921875 0.4638671875 0.52587890625 0.46484375 0.52783203125 0.4697265625 0.53125 0.4697265625 0.5341796875 0.4677734375 0.53515625 0.4638671875 0.53564453125 0.458984375 0.53759765625 0.45703125 0.53955078125 0.4521484375 0.5380859375 0.4326171875 0.5361328125 0.4267578125 0.53125 0.408203125 0.51953125 0.404296875 0.51904296875 0.4619140625 0.521484375 0.4619140625 0.52294921875 0.4638671875
0 0.78564453125 0.443359375 0.7763671875 0.4453125 0.77587890625 0.4482421875 0.76513671875 0.4501953125 0.763671875 0.458984375 0.76611328125 0.4833984375 0.76708984375 0.48046875 0.76904296875 0.484375 0.77490234375 0.4814453125 0.7783203125 0.4765625 0.779296875 0.48046875 0.7861328125 0.4833984375 0.79150390625 0.4794921875 0.796875 0.443359375 0.7890625 0.4404296875 0.787109375 0.4404296875 0.78564453125 0.44140625 0.78564453125 0.443359375
15 0.70361328125 0.341796875 0.69677734375 0.33984375 0.6953125 0.3642578125 0.70263671875 0.3662109375 0.70361328125 0.341796875
4 0.6787109375 0.4287109375 0.6767578125 0.4365234375 0.6689453125 0.4404296875 0.66259765625 0.455078125 0.662109375 0.4599609375 0.66162109375 0.4716796875 0.66259765625 0.484375 0.66748046875 0.4873046875 0.66748046875 0.4912109375 0.67138671875 0.49609375 0.677734375 0.4951171875 0.68017578125 0.48828125 0.68212890625 0.490234375 0.69140625 0.4912109375 0.70361328125 0.4912109375 0.705078125 0.498046875 0.71337890625 0.498046875 0.71533203125 0.4970703125 0.7177734375 0.490234375 0.71875 0.490234375 0.71923828125 0.4931640625 0.7216796875 0.4970703125 0.7255859375 0.4970703125 0.72705078125 0.4921875 0.7294921875 0.48828125 0.75341796875 0.4873046875 0.75341796875 0.48828125 0.75244140625 0.4892578125 0.755859375 0.49609375 0.75830078125 0.4970703125 0.76220703125 0.49609375 0.76513671875 0.4921875 0.767578125 0.4814453125 0.7685546875 0.4765625 0.76904296875 0.4658203125 0.7685546875 0.439453125 0.765625 0.4326171875 0.7607421875 0.412109375 0.7490234375 0.4052734375 0.724609375 0.40234375 0.70068359375 0.404296875 0.69140625 0.416015625 0.68017578125 0.4296875 0.6787109375 0.4287109375
14 0.66259765625 0.3544921875 0.66259765625 0.349609375 0.65966796875 0.349609375 0.65966796875 0.3408203125 0.6630859375 0.337890625 0.6630859375 0.3349609375 0.6591796875 0.333984375 0.65966796875 0.32421875 0.6640625 0.3232421875 0.6640625 0.318359375 0.66015625 0.314453125 0.65380859375 0.3134765625 0.6533203125 0.361328125 0.6591796875 0.3603515625 0.66259765625 0.3544921875
9 0.64208984375 0.4208984375 0.64013671875 0.4306640625 0.64306640625 0.4365234375 0.64306640625 0.439453125 0.64306640625 0.4755859375 0.64208984375 0.4853515625 0.642578125 0.4892578125 0.6474609375 0.4931640625 0.64892578125 0.4912109375 0.65380859375 0.4921875 0.650390625 0.484375 0.6533203125 0.4736328125 0.654296875 0.4560546875 0.65478515625 0.4423828125 0.65576171875 0.4306640625 0.65576171875 0.4267578125 0.6552734375 0.419921875 0.65478515625 0.416015625 0.65380859375 0.412109375 0.654296875 0.40625 0.654296875 0.400390625 0.6513671875 0.396484375 0.64794921875 0.3994140625 0.6474609375 0.41015625 0.64404296875 0.4150390625 0.64208984375 0.4208984375
9 0.501953125 0.380859375 0.49853515625 0.37890625 0.49560546875 0.380859375 0.49560546875 0.3857421875 0.49560546875 0.392578125 0.49267578125 0.39453125 0.49072265625 0.396484375 0.48779296875 0.4091796875 0.4873046875 0.4140625 0.490234375 0.41796875 0.49267578125 0.4189453125 0.49267578125 0.427734375 0.4921875 0.4404296875 0.494140625 0.45703125 0.49462890625 0.4609375 0.4951171875 0.46484375 0.4931640625 0.4697265625 0.49072265625 0.47265625 0.4921875 0.4765625 0.49365234375 0.478515625 0.4951171875 0.4794921875 0.49658203125 0.4794921875 0.49658203125 0.4716796875 0.49853515625 0.4638671875 0.49853515625 0.4775390625 0.49951171875 0.4794921875 0.501953125 0.4794921875 0.50390625 0.478515625 0.50244140625 0.4736328125 0.50146484375 0.4716796875 0.50146484375 0.45703125 0.50146484375 0.4501953125 0.501953125 0.4423828125 0.50244140625 0.4375 0.5107421875 0.4033203125 0.50390625 0.3955078125 0.501953125 0.392578125 0.50244140625 0.3876953125 0.501953125 0.380859375
9 0.50390625 0.408203125 0.50341796875 0.4169921875 0.5048828125 0.4189453125 0.5048828125 0.4267578125 0.50390625 0.435546875 0.5048828125 0.44140625 0.50634765625 0.4501953125 0.5068359375 0.45703125 0.50634765625 0.4599609375 0.50244140625 0.474609375 0.50048828125 0.4775390625 0.50244140625 0.4814453125 0.5078125 0.4833984375 0.50830078125 0.4765625 0.51025390625 0.462890625 0.51318359375 0.4716796875 0.51123046875 0.4794921875 0.5126953125 0.4814453125 0.515625 0.48046875 0.51806640625 0.474609375 0.51708984375 0.466796875 0.51171875 0.4501953125 0.51171875 0.44921875 0.5126953125 0.44140625 0.51513671875 0.431640625 0.515625 0.421875 0.515625 0.41796875 0.51806640625 0.41796875 0.51904296875 0.4169921875 0.5185546875 0.400390625 0.51708984375 0.3955078125 0.51318359375 0.3916015625 0.51171875 0.3896484375 0.51318359375 0.3828125 0.51220703125 0.3798828125 0.51123046875 0.3779296875 0.5068359375 0.380859375 0.50634765625 0.3935546875 0.505859375 0.39453125 0.50390625 0.408203125
9 0.35791015625 0.4287109375 0.35888671875 0.4287109375 0.361328125 0.4375 0.36279296875 0.453125 0.36279296875 0.4677734375 0.35791015625 0.4755859375 0.35986328125 0.4892578125 0.3623046875 0.4921875 0.36474609375 0.4931640625 0.37158203125 0.4951171875 0.37255859375 0.4921875 0.3671875 0.484375 0.3671875 0.4697265625 0.369140625 0.466796875 0.37353515625 0.458984375 0.3740234375 0.4365234375 0.37646484375 0.43359375 0.376953125 0.421875 0.37548828125 0.416015625 0.376953125 0.4150390625 0.37451171875 0.3916015625 0.3740234375 0.384765625 0.37158203125 0.380859375 0.37255859375 0.3759765625 0.373046875 0.3740234375 0.3740234375 0.37109375 0.37255859375 0.3701171875 0.3701171875 0.3642578125 0.3681640625 0.3642578125 0.36669921875 0.3642578125 0.3642578125 0.3671875 0.36181640625 0.3740234375 0.36328125 0.3818359375 0.35205078125 0.400390625 0.3583984375 0.4052734375 0.35986328125 0.4140625 0.35791015625 0.4287109375
9 0.3525390625 0.3740234375 0.3466796875 0.3798828125 0.34423828125 0.390625 0.34375 0.40234375 0.345703125 0.4248046875 0.3486328125 0.4501953125 0.34765625 0.453125 0.34619140625 0.46484375 0.34375 0.4677734375 0.34130859375 0.47265625 0.34130859375 0.4833984375 0.3427734375 0.48828125 0.34521484375 0.490234375 0.34619140625 0.490234375 0.3466796875 0.484375 0.34765625 0.4697265625 0.35107421875 0.4619140625 0.35009765625 0.478515625 0.34912109375 0.484375 0.3486328125 0.490234375 0.34912109375 0.4951171875 0.357421875 0.4951171875 0.357421875 0.4912109375 0.3544921875 0.486328125 0.3544921875 0.484375 0.35546875 0.4736328125 0.35546875 0.462890625 0.357421875 0.4619140625 0.36083984375 0.4501953125 0.35986328125 0.4326171875 0.35693359375 0.4248046875 0.35888671875 0.4150390625 0.36376953125 0.4248046875 0.36865234375 0.4248046875 0.36865234375 0.4169921875 0.3642578125 0.4130859375 0.361328125 0.3955078125 0.3583984375 0.3818359375 0.35791015625 0.3798828125 0.36181640625 0.3701171875 0.361328125 0.361328125 0.35791015625 0.3583984375 0.3544921875 0.3623046875 0.35302734375 0.3671875 0.35302734375 0.369140625 0.3525390625 0.3740234375
9 0.34521484375 0.4130859375 0.34912109375 0.4140625 0.35302734375 0.4140625 0.35595703125 0.4130859375 0.3564453125 0.4091796875 0.35498046875 0.4033203125 0.3515625 0.4052734375 0.3466796875 0.40625 0.34521484375 0.4072265625 0.34521484375 0.4130859375
18 0.98779296875 0.04296875 0.98779296875 0.044921875 0.986328125 0.046875 0.98681640625 0.0498046875 0.98779296875 0.052734375 0.98779296875 0.0556640625 0.984375 0.0556640625 0.9814453125 0.0556640625 0.98046875 0.05859375 0.9775390625 0.060546875 0.9755859375 0.0634765625 0.9755859375 0.0693359375 0.97509765625 0.07421875 0.974609375 0.078125 0.97216796875 0.0791015625 0.9697265625 0.0830078125 0.97021484375 0.091796875 0.97119140625 0.0947265625 0.97021484375 0.0986328125 0.97119140625 0.1064453125 0.97119140625 0.111328125 0.9677734375 0.1005859375 0.962890625 0.1044921875 0.962890625 0.1064453125 0.9580078125 0.107421875 0.95703125 0.103515625 0.9541015625 0.0986328125 0.95263671875 0.0966796875 0.95166015625 0.091796875 0.94873046875 0.0869140625 0.94580078125 0.0830078125 0.9443359375 0.0810546875 0.94384765625 0.07421875 0.9423828125 0.072265625 0.9384765625 0.0732421875 0.935546875 0.0732421875 0.935546875 0.076171875 0.93115234375 0.080078125 0.9306640625 0.083984375 0.9306640625 0.08984375 0.9306640625 0.091796875 0.92724609375 0.09375 0.92626953125 0.09765625 0.92431640625 0.1044921875 0.9248046875 0.1103515625 0.92529296875 0.1162109375 0.919921875 0.1162109375 0.91748046875 0.1201171875 0.9169921875 0.1240234375 0.9169921875 0.1328125 0.91748046875 0.140625 0.9130859375 0.1455078125 0.91650390625 0.1494140625 0.91796875 0.1513671875 0.919921875 0.15625 0.91845703125 0.158203125 0.91796875 0.1630859375 0.91845703125 0.16796875 0.91845703125 0.17578125 0.92041015625 0.1787109375 0.91845703125 0.1904296875 0.91796875 0.1943359375 0.916015625 0.1904296875 0.91650390625 0.181640625 0.91552734375 0.173828125 0.9150390625 0.16796875 0.91455078125 0.1689453125 0.91064453125 0.1767578125 0.90673828125 0.1787109375 0.90283203125 0.181640625 0.9013671875 0.19140625 0.908203125 0.1923828125 0.908203125 0.197265625 0.90625 0.205078125 0.90283203125 0.2060546875 0.9033203125 0.21484375 0.90283203125 0.2197265625 0.900390625 0.2275390625 0.89794921875 0.228515625 0.8974609375 0.2314453125 0.8984375 0.234375 0.90234375 0.2373046875 0.89892578125 0.2421875 0.8955078125 0.2509765625 0.8974609375 0.2568359375 0.900390625 0.2607421875 0.89990234375 0.2666015625 0.9033203125 0.2734375 0.90673828125 0.2802734375 0.91162109375 0.2822265625 0.91552734375 0.291015625 0.9443359375 0.32421875 0.9580078125 0.3486328125 0.9609375 0.3486328125 0.96826171875 0.3466796875 0.97216796875 0.3505859375 0.9794921875 0.3525390625 0.97998046875 0.353515625 0.98095703125 0.4052734375 0.984375 0.40234375 0.986328125 0.349609375 0.98974609375 0.33984375 0.99072265625 0.3359375 0.99951171875 0.333984375 0.99951171875 0.0126953125 0.98828125 0.0244140625 0.98779296875 0.0341796875 0.98779296875 0.0380859375 0.98779296875 0.04296875
18 0 0 0 0.1142578125 0.00439453125 0.1142578125 0.005859375 0.1142578125 0.00439453125 0.1171875 0.00439453125 0.1201171875 0.00390625 0.123046875 0.00439453125 0.1259765625 0.0048828125 0.12890625 0.005859375 0.1298828125 0.00732421875 0.1318359375 0.00830078125 0.1337890625 0.01123046875 0.1357421875 0.01318359375 0.138671875 0.015625 0.138671875 0.01611328125 0.1337890625 0.01611328125 0.1318359375 0.017578125 0.1240234375 0.0185546875 0.119140625 0.01904296875 0.1171875 0.02001953125 0.115234375 0.021484375 0.115234375 0.02587890625 0.1181640625 0.02880859375 0.119140625 0.02978515625 0.123046875 0.03173828125 0.126953125 0.03369140625 0.1279296875 0.03515625 0.1279296875 0.0361328125 0.130859375 0.0380859375 0.1328125 0.04052734375 0.1318359375 0.04345703125 0.1298828125 0.04541015625 0.1240234375 0.0458984375 0.12109375 0.04736328125 0.1181640625 0.04736328125 0.1162109375 0.04638671875 0.1123046875 0.04638671875 0.1103515625 0.04833984375 0.1005859375 0.0498046875 0.09765625 0.05126953125 0.095703125 0.052734375 0.0947265625 0.05517578125 0.0966796875 0.05712890625 0.0986328125 0.05859375 0.099609375 0.0615234375 0.1005859375 0.06689453125 0.0986328125 0.06787109375 0.095703125 0.06787109375 0.0908203125 0.06884765625 0.0859375 0.06640625 0.0859375 0.0654296875 0.0859375 0.06396484375 0.0849609375 0.06005859375 0.08203125 0.0556640625 0.0810546875 0.0556640625 0.0791015625 0.0576171875 0.0791015625 0.0595703125 0.0791015625 0.06005859375 0.0751953125 0.06005859375 0.0712890625 0.06005859375 0.0693359375 0.0654296875 0.064453125 0.06591796875 0.0673828125 0.06640625 0.0712890625 0.06689453125 0.07421875 0.06787109375 0.078125 0.06982421875 0.0810546875 0.07177734375 0.0830078125 0.0771484375 0.0791015625 0.08154296875 0.0703125 0.0810546875 0.064453125 0.080078125 0.0625 0.0810546875 0.05859375 0.08251953125 0.0576171875 0.08740234375 0.0556640625 0.0888671875 0.0546875 0.09033203125 0.052734375 0.09033203125 0.0498046875 0.09130859375 0.0478515625 0.0927734375 0.046875 0.095703125 0.0478515625 0.09619140625 0.0498046875 0.09521484375 0.0517578125 0.09423828125 0.052734375 0.09375 0.0556640625 0.09375 0.0576171875 0.09375 0.0595703125 0.0947265625 0.0615234375 0.09716796875 0.0615234375 0.09765625 0.060546875 0.1005859375 0.0615234375 0.1025390625 0.0615234375 0.1044921875 0.060546875 0.1044921875 0.0576171875 0.1015625 0.052734375 0.10205078125 0.048828125 0.103515625 0.046875 0.10595703125 0.05078125 0.10791015625 0.0517578125 0.11572265625 0.05078125 0.1181640625 0.0458984375 0.11865234375 0.041015625 0.12060546875 0.0283203125 0.11865234375 0.0244140625 0.11328125 0.021484375 0.1123046875 0.021484375 0.1123046875 0.01953125 0.111328125 0.009765625 0.11328125 0.0107421875 0.11572265625 0.0126953125 0.12060546875 0.009765625 0.126953125 0.01171875 0.1298828125 0.01171875 0.13671875 0.0126953125 0.140625 0.0048828125 0.140625 0 0 0
15 0.97412109375 0.439453125 0.95458984375 0.4365234375 0.953125 0.5341796875 0.97216796875 0.537109375 0.97412109375 0.439453125
9 0.8974609375 0.3486328125 0.89404296875 0.3623046875 0.892578125 0.37109375 0.8935546875 0.3740234375 0.888671875 0.3896484375 0.88720703125 0.3935546875 0.88525390625 0.4072265625 0.88232421875 0.4189453125 0.88623046875 0.4208984375 0.88916015625 0.423828125 0.888671875 0.4287109375 0.88427734375 0.439453125 0.8828125 0.4453125 0.88330078125 0.4541015625 0.88916015625 0.455078125 0.8916015625 0.453125 0.8935546875 0.4482421875 0.896484375 0.4375 0.89501953125 0.4521484375 0.8955078125 0.47265625 0.89697265625 0.4892578125 0.8955078125 0.501953125 0.8955078125 0.5107421875 0.89404296875 0.52734375 0.89404296875 0.5380859375 0.89306640625 0.5478515625 0.89306640625 0.5634765625 0.892578125 0.56640625 0.8916015625 0.568359375 0.890625 0.5673828125 0.888671875 0.564453125 0.88671875 0.56640625 0.884765625 0.5703125 0.88427734375 0.5791015625 0.890625 0.5849609375 0.89697265625 0.5908203125 0.8994140625 0.587890625 0.8994140625 0.5712890625 0.8994140625 0.564453125 0.900390625 0.560546875 0.9033203125 0.5458984375 0.904296875 0.5390625 0.90478515625 0.5234375 0.90673828125 0.5146484375 0.9091796875 0.5068359375 0.91015625 0.4921875 0.91064453125 0.486328125 0.912109375 0.4814453125 0.91455078125 0.4716796875 0.9150390625 0.4794921875 0.91552734375 0.5234375 0.9150390625 0.52734375 0.91552734375 0.5361328125 0.9150390625 0.5439453125 0.9140625 0.568359375 0.91064453125 0.5849609375 0.9091796875 0.587890625 0.90869140625 0.5947265625 0.91015625 0.5966796875 0.9130859375 0.5966796875 0.9140625 0.5986328125 0.919921875 0.5986328125 0.919921875 0.595703125 0.9208984375 0.5908203125 0.92041015625 0.580078125 0.92138671875 0.5693359375 0.923828125 0.560546875 0.927734375 0.546875 0.92822265625 0.5400390625 0.92822265625 0.5302734375 0.9287109375 0.501953125 0.9296875 0.48828125 0.935546875 0.46484375 0.93603515625 0.4638671875 0.9384765625 0.462890625 0.9384765625 0.458984375 0.939453125 0.453125 0.93994140625 0.4501953125 0.93798828125 0.447265625 0.93701171875 0.4423828125 0.93798828125 0.439453125 0.939453125 0.4326171875 0.94140625 0.4189453125 0.94189453125 0.41015625 0.94091796875 0.3935546875 0.939453125 0.373046875 0.9423828125 0.3681640625 0.94140625 0.3662109375 0.93994140625 0.3623046875 0.93896484375 0.357421875 0.9384765625 0.35546875 0.93505859375 0.34765625 0.93212890625 0.3369140625 0.9296875 0.3310546875 0.9228515625 0.3173828125 0.92041015625 0.3115234375 0.9150390625 0.3115234375 0.90576171875 0.3125 0.90478515625 0.3203125 0.8984375 0.33984375 0.8974609375 0.3486328125
14 0.876953125 0.275390625 0.8671875 0.2763671875 0.8671875 0.27734375 0.86669921875 0.341796875 0.87646484375 0.34765625 0.87841796875 0.2763671875 0.876953125 0.275390625
9 0.8623046875 0.580078125 0.86328125 0.578125 0.86328125 0.576171875 0.86328125 0.572265625 0.8623046875 0.568359375 0.86328125 0.564453125 0.86376953125 0.55859375 0.86474609375 0.556640625 0.86572265625 0.5517578125 0.86328125 0.5458984375 0.8642578125 0.5380859375 0.86865234375 0.5146484375 0.87109375 0.5009765625 0.87060546875 0.486328125 0.87451171875 0.44921875 0.87646484375 0.4482421875 0.87744140625 0.44140625 0.880859375 0.42578125 0.88330078125 0.41015625 0.884765625 0.384765625 0.8857421875 0.384765625 0.88427734375 0.3486328125 0.88330078125 0.341796875 0.88037109375 0.3369140625 0.87353515625 0.33203125 0.87060546875 0.328125 0.87255859375 0.3251953125 0.87451171875 0.3203125 0.875 0.3134765625 0.8759765625 0.30078125 0.873046875 0.294921875 0.87060546875 0.291015625 0.86474609375 0.29296875 0.861328125 0.298828125 0.859375 0.3056640625 0.8583984375 0.306640625 0.85791015625 0.314453125 0.85986328125 0.3193359375 0.859375 0.3251953125 0.85595703125 0.32421875 0.8525390625 0.326171875 0.8486328125 0.328125 0.84716796875 0.328125 0.84716796875 0.32421875 0.845703125 0.3232421875 0.84375 0.32421875 0.84033203125 0.3291015625 0.84033203125 0.3330078125 0.8291015625 0.341796875 0.8251953125 0.3486328125 0.8232421875 0.3544921875 0.8212890625 0.3603515625 0.81884765625 0.3740234375 0.8154296875 0.392578125 0.8203125 0.396484375 0.82275390625 0.3955078125 0.82275390625 0.3896484375 0.82373046875 0.3828125 0.82568359375 0.376953125 0.8271484375 0.3837890625 0.8310546875 0.3837890625 0.83837890625 0.3857421875 0.8466796875 0.3876953125 0.84619140625 0.40625 0.84326171875 0.4169921875 0.84375 0.423828125 0.84130859375 0.4306640625 0.84130859375 0.4443359375 0.8408203125 0.451171875 0.83935546875 0.462890625 0.83740234375 0.4765625 0.837890625 0.49609375 0.83935546875 0.5009765625 0.84033203125 0.5166015625 0.83935546875 0.5244140625 0.8388671875 0.5302734375 0.837890625 0.53515625 0.8388671875 0.54296875 0.84130859375 0.546875 0.8388671875 0.5556640625 0.8369140625 0.5615234375 0.83544921875 0.56640625 0.83544921875 0.5703125 0.83740234375 0.57421875 0.841796875 0.57421875 0.84375 0.5732421875 0.84619140625 0.5703125 0.8466796875 0.5634765625 0.849609375 0.5625 0.8512369796874999 0.5570746515625 0.8505859375 0.560546875 0.8505859375 0.56640625 0.853515625 0.57421875 0.853515625 0.578125 0.8623046875 0.580078125
18 0.16015625 0.3642578125 0.15966796875 0.3701171875 0.16064453125 0.3759765625 0.16259765625 0.37890625 0.166015625 0.3828125 0.16748046875 0.3837890625 0.166015625 0.431640625 0.16552734375 0.4423828125 0.16796875 0.4423828125 0.16796875 0.43359375 0.169921875 0.384765625 0.17138671875 0.3828125 0.173828125 0.380859375 0.1748046875 0.3779296875 0.1767578125 0.3720703125 0.1767578125 0.3662109375 0.17529296875 0.3603515625 0.173828125 0.3564453125 0.17333984375 0.35546875 0.17138671875 0.353515625 0.16748046875 0.3505859375 0.1640625 0.3525390625 0.16162109375 0.357421875 0.16015625 0.3642578125