18 0.65576171875 0.1337890625 0.63916015625 0.1376953125 0.6123046875 0.1455078125 0.31298828125 0.173828125 0.25048828125 0.1748046875 0.2265625 0.1669921875 0.16748046875 0.1494140625 0.119140625 0.15625 0.138671875 0.2177734375 0.14697265625 0.296875 0.169921875 0.32421875 0.26025390625 0.3271484375 0.32080078125 0.326171875 0.7001953125 0.3134765625 0.99853515625 0.263671875 0.9970703125 0.0400390625 0.9501953125 0.0712890625 0.94873046875 0.0517578125 0.9296875 0.0654296875 0.91748046875 0.0654296875 0.9072265625 0.064453125 0.89697265625 0.0751953125 0.8818359375 0.0771484375 0.87353515625 0.0751953125 0.8642578125 0.0771484375 0.85546875 0.0712890625 0.83837890625 0.072265625 0.82568359375 0.0751953125 0.796875 0.083984375 0.7626953125 0.087890625 0.72802734375 0.10546875 0.71728515625 0.1123046875 0.68701171875 0.1171875 0.6806640625 0.130859375 0.669921875 0.1337890625 0.65576171875 0.1337890625
2 0.26953125 0.208984375 0.259765625 0.2099609375 0.2431640625 0.2099609375 0.234375 0.2109375 0.212890625 0.2138671875 0.2197265625 0.2373046875 0.24169921875 0.236328125 0.26953125 0.2490234375 0.279296875 0.2548828125 0.2900390625 0.263671875 0.3056640625 0.2646484375 0.31494140625 0.2568359375 0.31787109375 0.2451171875 0.31640625 0.23046875 0.31201171875 0.1923828125 0.296875 0.1943359375 0.2900390625 0.203125 0.27978515625 0.205078125 0.26953125 0.208984375
2 0.62255859375 0.15234375 0.6171875 0.15625 0.62060546875 0.234375 0.64697265625 0.2431640625 0.67626953125 0.240234375 0.693359375 0.2373046875 0.7099609375 0.20703125 0.71044921875 0.1875 0.7099609375 0.162109375 0.7119140625 0.1484375 0.7080078125 0.13671875 0.70068359375 0.130859375 0.6943359375 0.1259765625 0.689453125 0.1279296875 0.6865234375 0.13671875 0.68359375 0.142578125 0.67919921875 0.1484375 0.67529296875 0.1484375 0.6708984375 0.14453125 0.6572265625 0.1435546875 0.64453125 0.146484375 0.63330078125 0.1494140625 0.62255859375 0.15234375
2 0.99853515625 0.0771484375 0.80224609375 0.078125 0.74365234375 0.07421875 0.7314453125 0.076171875 0.7314453125 0.10546875 0.72607421875 0.1083984375 0.72509765625 0.1162109375 0.7158203125 0.119140625 0.71484375 0.287109375 0.71435546875 0.310546875 0.82373046875 0.3125 0.8623046875 0.3115234375 0.99853515625 0.3046875 0.99853515625 0.0771484375
2 0.314453125 0.337890625 0.48974609375 0.33203125 0.59326171875 0.32421875 0.62255859375 0.31640625 0.625 0.2080078125 0.62255859375 0.0771484375 0.6240234375 0.0009765625 0.3076171875 0 0.31005859375 0.1064453125 0.314453125 0.337890625
2 0 0 0 0.337890625 0.10400390625 0.3447265625 0.16064453125 0.34375 0.1552734375 0.2490234375 0.1552734375 0.2265625 0.1640625 0.228515625 0.18701171875 0.224609375 0.1904296875 0.21484375 0.19384765625 0.1982421875 0.18994140625 0.1435546875 0.1923828125 0.12109375 0.1953125 0.10546875 0.1904296875 0 0 0
13 0 0.9970703125 0.998046875 0.99609375 0.99853515625 0.591796875 0.998046875 0.302734375 0.89697265625 0.31640625 0.79296875 0.32421875 0.580078125 0.32421875 0.52978515625 0.3271484375 0.48681640625 0.328125 0.4345703125 0.333984375 0.2890625 0.3408203125 0.23486328125 0.3427734375 0.1904296875 0.34375 0.123046875 0.3486328125 0 0.3388671875 0 0.9970703125
2 0.2275390625 0.345703125 0.22705078125 0.26953125 0.224609375 0.166015625 0.16748046875 0.1669921875 0.17236328125 0.3505859375 0.2275390625 0.345703125
4 0.9052734375 0.3154296875 0.90283203125 0.33984375 0.90576171875 0.3564453125 0.91796875 0.361328125 0.9384765625 0.3603515625 0.95068359375 0.3623046875 0.953125 0.3486328125 0.966796875 0.3486328125 0.97119140625 0.361328125 0.98486328125 0.3564453125 0.99658203125 0.357421875 0.99853515625 0.3564453125 0.99755859375 0.2548828125 0.97607421875 0.255859375 0.9345703125 0.2587890625 0.9267578125 0.2705078125 0.91552734375 0.2958984375 0.9052734375 0.3154296875
15 0.8134765625 0.3037109375 0.81298828125 0.32421875 0.82470703125 0.3193359375 0.82568359375 0.2880859375 0.81982421875 0.283203125 0.81591796875 0.2900390625 0.8134765625 0.3037109375
4 0.82568359375 0.310546875 0.8056640625 0.32421875 0.80126953125 0.3388671875 0.8115234375 0.3564453125 0.82080078125 0.357421875 0.82666015625 0.359375 0.83935546875 0.3564453125 0.86767578125 0.35546875 0.875 0.357421875 0.88037109375 0.3564453125 0.8818359375 0.3408203125 0.8740234375 0.3115234375 0.8681640625 0.298828125 0.8486328125 0.294921875 0.8369140625 0.2998046875 0.82568359375 0.310546875
4 0.72607421875 0.376953125 0.7587890625 0.3701171875 0.77197265625 0.3642578125 0.77197265625 0.34375 0.76953125 0.3193359375 0.763671875 0.3037109375 0.7451171875 0.298828125 0.72705078125 0.2919921875 0.70849609375 0.2978515625 0.70458984375 0.322265625 0.70849609375 0.3681640625 0.72607421875 0.376953125
15 0.93994140625 0.3671875 0.93115234375 0.376953125 0.9345703125 0.3818359375 0.943359375 0.38671875 0.9560546875 0.380859375 0.95849609375 0.375 0.95166015625 0.3623046875 0.95068359375 0.349609375 0.95166015625 0.3115234375 0.9501953125 0.3046875 0.94287109375 0.3056640625 0.93994140625 0.3671875
15 0.8837890625 0.330078125 0.88232421875 0.3681640625 0.8759765625 0.3740234375 0.87646484375 0.3857421875 0.88525390625 0.38671875 0.89306640625 0.3876953125 0.89794921875 0.380859375 0.890625 0.3662109375 0.8916015625 0.3330078125 0.89208984375 0.3173828125 0.8876953125 0.314453125 0.8837890625 0.330078125
15 0.78955078125 0.3818359375 0.7958984375 0.396484375 0.81640625 0.390625 0.8203125 0.3798828125 0.81494140625 0.3701171875 0.814453125 0.3486328125 0.810546875 0.326171875 0.80078125 0.3271484375 0.79443359375 0.3720703125 0.78955078125 0.3818359375
15 0.72705078125 0.3095703125 0.72314453125 0.326171875 0.72119140625 0.3623046875 0.72314453125 0.3720703125 0.728515625 0.3740234375 0.74072265625 0.3740234375 0.74853515625 0.3740234375 0.74658203125 0.3515625 0.74365234375 0.3173828125 0.73828125 0.3115234375 0.73486328125 0.3115234375 0.72705078125 0.3095703125
4 0.7568359375 0.3076171875 0.7578125 0.380859375 0.767578125 0.41796875 0.77880859375 0.4150390625 0.779296875 0.3203125 0.7841796875 0.3173828125 0.78466796875 0.29296875 0.77734375 0.283203125 0.7802734375 0.259765625 0.7763671875 0.2470703125 0.7685546875 0.2421875 0.767578125 0.2255859375 0.76220703125 0.1484375 0.74951171875 0.1259765625 0.74072265625 0.1181640625 0.7177734375 0.13671875 0.6953125 0.162109375 0.67822265625 0.17578125 0.669921875 0.1845703125 0.67041015625 0.2158203125 0.64404296875 0.208984375 0.6171875 0.2138671875 0.60498046875 0.2568359375 0.591796875 0.275390625 0.587890625 0.2861328125 0.5869140625 0.328125 0.5927734375 0.357421875 0.60791015625 0.35546875 0.61572265625 0.4130859375 0.64453125 0.4658203125 0.66796875 0.4599609375 0.705078125 0.4599609375 0.7236328125 0.458984375 0.73388671875 0.439453125 0.7373046875 0.4091796875 0.73876953125 0.37109375 0.73291015625 0.3525390625 0.72265625 0.34375 0.72314453125 0.30859375 0.71826171875 0.2763671875 0.7177734375 0.2470703125 0.70751953125 0.2470703125 0.71630859375 0.22265625 0.73291015625 0.17578125 0.7470703125 0.244140625 0.7568359375 0.3076171875
15 0.7548828125 0.40234375 0.755859375 0.4326171875 0.763671875 0.4501953125 0.77392578125 0.44140625 0.77490234375 0.390625 0.771484375 0.35546875 0.76025390625 0.345703125 0.7529296875 0.3623046875 0.7548828125 0.40234375
15 0.7607421875 0.12890625 0.7294921875 0.130859375 0.74365234375 0.19140625 0.75830078125 0.15625 0.7607421875 0.12890625
14 0.75830078125 0.2236328125 0.75830078125 0.1943359375 0.74267578125 0.193359375 0.7421875 0.263671875 0.75634765625 0.263671875 0.75830078125 0.2236328125
15 0.79541015625 0.408203125 0.78662109375 0.41015625 0.78857421875 0.4296875 0.80712890625 0.43359375 0.81787109375 0.4267578125 0.8212890625 0.412109375 0.8125 0.4111328125 0.81201171875 0.3505859375 0.80810546875 0.3310546875 0.798828125 0.328125 0.79541015625 0.408203125
15 0.58203125 0.2958984375 0.5771484375 0.3212890625 0.578125 0.361328125 0.58544921875 0.3623046875 0.58544921875 0.3115234375 0.58203125 0.2958984375
15 0.59619140625 0.134765625 0.6123046875 0.1796875 0.623046875 0.150390625 0.6240234375 0.1357421875 0.63330078125 0.103515625 0.62255859375 0.103515625 0.591796875 0.109375 0.59619140625 0.134765625
14 0.6201171875 0.1806640625 0.60498046875 0.1806640625 0.60546875 0.2666015625 0.623046875 0.267578125 0.6201171875 0.1806640625
15 0.54248046875 0.330078125 0.5361328125 0.3349609375 0.5341796875 0.3427734375 0.53369140625 0.359375 0.54150390625 0.3564453125 0.54345703125 0.3408203125 0.54248046875 0.330078125
14 0.5625 0.263671875 0.5673828125 0.2578125 0.56884765625 0.23828125 0.568359375 0.2265625 0.56787109375 0.212890625 0.552734375 0.2099609375 0.5537109375 0.26171875 0.5625 0.263671875
15 0.57958984375 0.3681640625 0.5986328125 0.3662109375 0.59619140625 0.3486328125 0.59130859375 0.3359375 0.58154296875 0.33984375 0.57958984375 0.3681640625
15 0.43896484375 0.380859375 0.44677734375 0.376953125 0.44580078125 0.3310546875 0.44482421875 0.3056640625 0.43896484375 0.306640625 0.43896484375 0.380859375
15 0.4931640625 0.3212890625 0.4921875 0.3056640625 0.48486328125 0.310546875 0.48583984375 0.353515625 0.49267578125 0.3564453125 0.4931640625 0.3212890625
4 0.447265625 0.3486328125 0.43798828125 0.3740234375 0.4345703125 0.3720703125 0.43017578125 0.3720703125 0.4287109375 0.376953125 0.42822265625 0.3818359375 0.43115234375 0.3857421875 0.43505859375 0.3876953125 0.4306640625 0.3955078125 0.4287109375 0.4306640625 0.4287109375 0.439453125 0.4296875 0.447265625 0.4326171875 0.453125 0.43603515625 0.4541015625 0.439453125 0.451171875 0.43994140625 0.447265625 0.4453125 0.44921875 0.4462890625 0.4599609375 0.44873046875 0.46484375 0.4521484375 0.4658203125 0.45703125 0.4638671875 0.4599609375 0.458984375 0.4619140625 0.451171875 0.47021484375 0.451171875 0.5048828125 0.4521484375 0.515625 0.3740234375 0.509765625 0.3623046875 0.5 0.3447265625 0.47998046875 0.3408203125 0.45751953125 0.34375 0.447265625 0.3486328125
15 0.51318359375 0.349609375 0.515625 0.3759765625 0.52099609375 0.369140625 0.52197265625 0.3447265625 0.5205078125 0.3310546875 0.51318359375 0.3349609375 0.51318359375 0.349609375
15 0.619140625 0.373046875 0.615234375 0.3955078125 0.6357421875 0.4658203125 0.638671875 0.4658203125 0.6396484375 0.4267578125 0.64404296875 0.4091796875 0.6396484375 0.3935546875 0.63671875 0.3740234375 0.62939453125 0.365234375 0.619140625 0.373046875
4 0.619140625 0.37109375 0.60107421875 0.3583984375 0.56298828125 0.3486328125 0.53076171875 0.349609375 0.51171875 0.361328125 0.5 0.40625 0.4921875 0.40625 0.48193359375 0.4091796875 0.4794921875 0.427734375 0.4912109375 0.4306640625 0.4833984375 0.470703125 0.48291015625 0.5068359375 0.48388671875 0.5458984375 0.48486328125 0.587890625 0.48828125 0.599609375 0.4921875 0.6005859375 0.49609375 0.6025390625 0.50146484375 0.6005859375 0.5048828125 0.5966796875 0.50732421875 0.583984375 0.509765625 0.5693359375 0.61669921875 0.5703125 0.6181640625 0.59765625 0.623046875 0.607421875 0.63232421875 0.607421875 0.63818359375 0.60546875 0.64111328125 0.5986328125 0.64404296875 0.5615234375 0.64599609375 0.4853515625 0.64111328125 0.44921875 0.6318359375 0.4150390625 0.619140625 0.37109375
16 0.3154296875 0.2880859375 0.30712890625 0.3134765625 0.2978515625 0.3173828125 0.294921875 0.3876953125 0.30224609375 0.416015625 0.38720703125 0.4150390625 0.39501953125 0.4287109375 0.4111328125 0.4296875 0.41796875 0.423828125 0.4248046875 0.39453125 0.4248046875 0.3359375 0.4189453125 0.330078125 0.41357421875 0.318359375 0.408203125 0.306640625 0.400390625 0.3203125 0.3916015625 0.318359375 0.39013671875 0.294921875 0.380859375 0.28515625 0.36376953125 0.26953125 0.34765625 0.27734375 0.33203125 0.27734375 0.3310546875 0.26953125 0.3232421875 0.2724609375 0.3154296875 0.2880859375
14 0.361328125 0.203125 0.34814453125 0.2041015625 0.35009765625 0.255859375 0.365234375 0.2451171875 0.361328125 0.203125
14 0.3955078125 0.2451171875 0.39453125 0.216796875 0.376953125 0.212890625 0.3798828125 0.26953125 0.3935546875 0.2607421875 0.3955078125 0.2451171875
15 0.4287109375 0.5126953125 0.4296875 0.474609375 0.4287109375 0.4296875 0.42578125 0.373046875 0.42333984375 0.3515625 0.41357421875 0.3408203125 0.39990234375 0.33203125 0.392578125 0.34375 0.38818359375 0.404296875 0.390625 0.4453125 0.3955078125 0.4580078125 0.3974609375 0.4833984375 0.40234375 0.48828125 0.40234375 0.5380859375 0.43310546875 0.5380859375 0.4287109375 0.5126953125
14 0.37841796875 0.1767578125 0.35888671875 0.173828125 0.3603515625 0.2705078125 0.37841796875 0.267578125 0.37841796875 0.1767578125
15 0.38232421875 0.326171875 0.3935546875 0.26953125 0.34912109375 0.2744140625 0.3505859375 0.29296875 0.37451171875 0.349609375 0.38232421875 0.326171875
4 0.009765625 0.37890625 0.05322265625 0.380859375 0.0693359375 0.3818359375 0.0849609375 0.3828125 0.0859375 0.3603515625 0.0830078125 0.337890625 0.08056640625 0.3173828125 0.07666015625 0.30859375 0.0595703125 0.3076171875 0.0390625 0.3115234375 0.021484375 0.314453125 0.01025390625 0.3310546875 0.009765625 0.37890625
15 0.0205078125 0.3837890625 0.02978515625 0.3828125 0.03076171875 0.3662109375 0.02783203125 0.3271484375 0.02734375 0.3115234375 0.02001953125 0.310546875 0.0205078125 0.3837890625
15 0.11328125 0.38671875 0.11279296875 0.3984375 0.13232421875 0.3984375 0.13427734375 0.3779296875 0.13134765625 0.3486328125 0.12939453125 0.328125 0.12646484375 0.31640625 0.11865234375 0.3154296875 0.1201171875 0.380859375 0.11328125 0.38671875
15 0.15673828125 0.384765625 0.150390625 0.3935546875 0.1533203125 0.400390625 0.17626953125 0.40234375 0.17236328125 0.3837890625 0.171875 0.33203125 0.166015625 0.314453125 0.16064453125 0.31640625 0.15673828125 0.384765625
11 0.193359375 0.3486328125 0.19189453125 0.37109375 0.19091796875 0.3896484375 0.19921875 0.392578125 0.20849609375 0.3916015625 0.2197265625 0.3916015625 0.22802734375 0.3916015625 0.22998046875 0.3603515625 0.22509765625 0.3330078125 0.21728515625 0.3232421875 0.21337890625 0.3193359375 0.205078125 0.3037109375 0.201171875 0.3095703125 0.19921875 0.3291015625 0.193359375 0.3486328125
7 0.22998046875 0.3701171875 0.2314453125 0.3544921875 0.23193359375 0.33984375 0.224609375 0.34375 0.21484375 0.3505859375 0.2060546875 0.357421875 0.197265625 0.3662109375 0.19482421875 0.3798828125 0.1943359375 0.390625 0.1982421875 0.3935546875 0.20166015625 0.3935546875 0.216796875 0.3896484375 0.22216796875 0.3896484375 0.2275390625 0.3876953125 0.22998046875 0.3701171875
15 0.19775390625 0.4140625 0.2080078125 0.4091796875 0.20947265625 0.4033203125 0.2060546875 0.3916015625 0.20458984375 0.3330078125 0.1943359375 0.3232421875 0.18994140625 0.330078125 0.18994140625 0.3486328125 0.189453125 0.390625 0.18603515625 0.3994140625 0.1845703125 0.4111328125 0.19775390625 0.4140625
15 0.2421875 0.3251953125 0.25537109375 0.3154296875 0.25537109375 0.2919921875 0.2548828125 0.2822265625 0.2470703125 0.279296875 0.23876953125 0.291015625 0.23876953125 0.3125 0.2421875 0.3251953125
15 0.26220703125 0.4208984375 0.2587890625 0.4091796875 0.25341796875 0.4033203125 0.2490234375 0.3271484375 0.2373046875 0.32421875 0.2275390625 0.3232421875 0.2177734375 0.3291015625 0.2177734375 0.3544921875 0.216796875 0.4091796875 0.20703125 0.4169921875 0.2080078125 0.427734375 0.2314453125 0.4228515625 0.23876953125 0.419921875 0.251953125 0.4208984375 0.26220703125 0.4208984375
9 0.1181640625 0.36328125 0.12158203125 0.3876953125 0.123046875 0.4033203125 0.125 0.427734375 0.13330078125 0.431640625 0.14697265625 0.42578125 0.14892578125 0.4072265625 0.14599609375 0.396484375 0.14697265625 0.388671875 0.14697265625 0.3671875 0.1416015625 0.3515625 0.12744140625 0.357421875 0.1181640625 0.36328125
15 0.833984375 0.380859375 0.83056640625 0.390625 0.8232421875 0.3935546875 0.82275390625 0.525390625 0.81298828125 0.5283203125 0.80859375 0.546875 0.82275390625 0.560546875 0.86279296875 0.556640625 0.8583984375 0.53125 0.8486328125 0.521484375 0.84765625 0.3916015625 0.84228515625 0.390625 0.83935546875 0.380859375 0.833984375 0.380859375
15 0.68408203125 0.3525390625 0.6796875 0.365234375 0.68017578125 0.3818359375 0.67626953125 0.3896484375 0.67138671875 0.4912109375 0.66650390625 0.498046875 0.669921875 0.5126953125 0.66796875 0.529296875 0.66162109375 0.5322265625 0.6591796875 0.5537109375 0.6708984375 0.5615234375 0.70556640625 0.5693359375 0.70361328125 0.5361328125 0.69970703125 0.53125 0.69921875 0.5126953125 0.72119140625 0.505859375 0.71240234375 0.4853515625 0.703125 0.4833984375 0.705078125 0.4306640625 0.705078125 0.380859375 0.7041015625 0.33984375 0.693359375 0.341796875 0.68408203125 0.3525390625
15 0.74658203125 0.3837890625 0.7373046875 0.3974609375 0.73486328125 0.607421875 0.72216796875 0.6162109375 0.71435546875 0.6435546875 0.724609375 0.65625 0.74951171875 0.669921875 0.7939453125 0.673828125 0.79248046875 0.6455078125 0.78173828125 0.6240234375 0.77490234375 0.6123046875 0.77392578125 0.3994140625 0.7607421875 0.38671875 0.75439453125 0.3779296875 0.74658203125 0.3837890625
15 0.99169921875 0.4091796875 0.98828125 0.435546875 0.984375 0.59765625 0.962890625 0.6103515625 0.96337890625 0.630859375 0.97314453125 0.6396484375 0.97314453125 0.654296875 0.99169921875 0.671875 0.998046875 0.669921875 0.99755859375 0.3974609375 0.99169921875 0.4091796875
15 0.33154296875 0.521484375 0.34423828125 0.521484375 0.34716796875 0.4013671875 0.345703125 0.3828125 0.3427734375 0.35546875 0.33984375 0.3447265625 0.33154296875 0.349609375 0.32763671875 0.3603515625 0.32861328125 0.37890625 0.32568359375 0.3916015625 0.31884765625 0.392578125 0.32763671875 0.5595703125 0.333984375 0.5595703125 0.33740234375 0.537109375 0.33154296875 0.52734375 0.33154296875 0.521484375
15 0.376953125 0.5673828125 0.37255859375 0.564453125 0.3681640625 0.4013671875 0.35888671875 0.390625 0.35693359375 0.3818359375 0.34765625 0.3818359375 0.3447265625 0.3994140625 0.3408203125 0.4013671875 0.341796875 0.5673828125 0.33544921875 0.578125 0.33544921875 0.60546875 0.37548828125 0.595703125 0.3798828125 0.583984375 0.376953125 0.5673828125
15 0.296875 0.5830078125 0.29052734375 0.60546875 0.3359375 0.603515625 0.3359375 0.58203125 0.330078125 0.5732421875 0.32763671875 0.4697265625 0.3212890625 0.4013671875 0.31982421875 0.39453125 0.32177734375 0.3828125 0.31982421875 0.369140625 0.3193359375 0.35546875 0.31201171875 0.34765625 0.30078125 0.3486328125 0.2978515625 0.3505859375 0.2958984375 0.373046875 0.302734375 0.3857421875 0.30029296875 0.396484375 0.296875 0.3994140625 0.29443359375 0.4208984375 0.296875 0.447265625 0.30078125 0.576171875 0.296875 0.5830078125