18 0.32470703125 0.3359375 0.31298828125 0.3291015625 0.3095703125 0.3291015625 0.30322265625 0.32421875 0.2958984375 0.3359375 0.28857421875 0.3291015625 0.28271484375 0.330078125 0.279296875 0.3251953125 0.275390625 0.32421875 0.27197265625 0.3310546875 0.267578125 0.33203125 0.26513671875 0.3232421875 0.26318359375 0.3310546875 0.25634765625 0.3369140625 0.25244140625 0.3310546875 0.24609375 0.3310546875 0.23974609375 0.337890625 0.24169921875 0.373046875 0.3291015625 0.3642578125 0.32470703125 0.3359375
2 0.33056640625 0.36328125 0.318359375 0.3505859375 0.2919921875 0.3525390625 0.28271484375 0.3564453125 0.2783203125 0.36328125 0.26953125 0.3515625 0.2626953125 0.3486328125 0.2578125 0.35546875 0.2529296875 0.365234375 0.24462890625 0.3828125 0.23193359375 0.490234375 0.34619140625 0.494140625 0.33056640625 0.36328125
2 0 0.5703125 0.25439453125 0.484375 0.24462890625 0.3564453125 0.2421875 0.30859375 0.23681640625 0.306640625 0.2353515625 0.2587890625 0.228515625 0.234375 0.22802734375 0.2236328125 0.21240234375 0.22265625 0.2021484375 0.193359375 0.2021484375 0.1806640625 0.2001953125 0.1748046875 0.19873046875 0.134765625 0.1962890625 0.1259765625 0.18701171875 0.1279296875 0.1875 0.1455078125 0.1767578125 0.1455078125 0.169921875 0.130859375 0.17041015625 0.1240234375 0.1572265625 0.1044921875 0.154296875 0.10546875 0.15478515625 0.091796875 0.15625 0.0859375 0.1611328125 0.0830078125 0.1337890625 0 0 0.0009765625 0 0.5703125
2 0.39794921875 0 0.3984375 0.0146484375 0.39453125 0.017578125 0.39111328125 0.02734375 0.392578125 0.0576171875 0.38916015625 0.0673828125 0.39013671875 0.083984375 0.36474609375 0.185546875 0.35693359375 0.1943359375 0.3505859375 0.2216796875 0.353515625 0.2236328125 0.3388671875 0.2451171875 0.3310546875 0.2783203125 0.32421875 0.3046875 0.3251953125 0.31640625 0.32177734375 0.3291015625 0.32177734375 0.3349609375 0.32568359375 0.3359375 0.32763671875 0.421875 0.326171875 0.4365234375 0.99853515625 0.638671875 0.9990234375 0 0.6416015625 0 0.39794921875 0
13 0 0.99609375 0.99853515625 0.998046875 0.9990234375 0.6904296875 0.54052734375 0.5244140625 0.41259765625 0.4912109375 0.34619140625 0.462890625 0.318359375 0.470703125 0.3076171875 0.4716796875 0.25830078125 0.4765625 0.107421875 0.513671875 0 0.5693359375 0 0.99609375
4 0.2734375 0.4755859375 0.2724609375 0.466796875 0.26904296875 0.458984375 0.259765625 0.4609375 0.25732421875 0.4677734375 0.25537109375 0.4775390625 0.25830078125 0.4775390625 0.2734375 0.4755859375
18 0.30322265625 0.41796875 0.29638671875 0.423828125 0.29443359375 0.4384765625 0.29296875 0.443359375 0.29541015625 0.4560546875 0.298828125 0.466796875 0.3046875 0.4658203125 0.32763671875 0.421875 0.32666015625 0.37109375 0.32421875 0.375 0.32177734375 0.3779296875 0.31982421875 0.3818359375 0.31884765625 0.3935546875 0.31494140625 0.4072265625 0.3095703125 0.412109375 0.30322265625 0.41796875
9 0.30810546875 0.447265625 0.30810546875 0.455078125 0.30810546875 0.4658203125 0.3076171875 0.47265625 0.30859375 0.4736328125 0.31201171875 0.4716796875 0.3125 0.46484375 0.31201171875 0.458984375 0.31201171875 0.451171875 0.310546875 0.4462890625 0.30908203125 0.443359375 0.30810546875 0.447265625
4 0.31982421875 0.4462890625 0.31787109375 0.458984375 0.318359375 0.4755859375 0.3212890625 0.4755859375 0.32177734375 0.4736328125 0.326171875 0.474609375 0.3271484375 0.4365234375 0.32275390625 0.4375 0.31982421875 0.4462890625
15 0.32470703125 0.40234375 0.3291015625 0.41796875 0.3330078125 0.4013671875 0.32470703125 0.40234375
16 0.32470703125 0.4775390625 0.3291015625 0.4775390625 0.3291015625 0.47265625 0.3349609375 0.47265625 0.34912109375 0.4443359375 0.34814453125 0.4169921875 0.32666015625 0.4189453125 0.32470703125 0.4365234375 0.32421875 0.4638671875 0.32470703125 0.4775390625
18 0.35546875 0.3154296875 0.35302734375 0.3232421875 0.349609375 0.32421875 0.34716796875 0.326171875 0.3505859375 0.3349609375 0.349609375 0.3427734375 0.353515625 0.3525390625 0.35791015625 0.361328125 0.35986328125 0.3681640625 0.35400390625 0.3759765625 0.3466796875 0.3857421875 0.33935546875 0.396484375 0.341796875 0.400390625 0.3447265625 0.4072265625 0.34716796875 0.4111328125 0.3486328125 0.4072265625 0.35107421875 0.4072265625 0.35595703125 0.4052734375 0.35986328125 0.404296875 0.36376953125 0.390625 0.36181640625 0.298828125 0.3603515625 0.30078125 0.35791015625 0.3056640625 0.35546875 0.3154296875
4 0.3349609375 0.4453125 0.33203125 0.4599609375 0.33203125 0.478515625 0.33642578125 0.478515625 0.3369140625 0.474609375 0.34912109375 0.474609375 0.3486328125 0.44140625 0.34326171875 0.4404296875 0.3349609375 0.4453125
16 0.34619140625 0.4462890625 0.3466796875 0.4658203125 0.35546875 0.4658203125 0.35693359375 0.4072265625 0.345703125 0.4169921875 0.3427734375 0.4248046875 0.3427734375 0.439453125 0.34619140625 0.4462890625
9 0.4775390625 0.4267578125 0.47998046875 0.4345703125 0.4833984375 0.4365234375 0.4853515625 0.4404296875 0.484375 0.4462890625 0.47998046875 0.4482421875 0.48095703125 0.453125 0.484375 0.4541015625 0.48876953125 0.4560546875 0.49072265625 0.455078125 0.48974609375 0.4306640625 0.48486328125 0.427734375 0.4833984375 0.423828125 0.47900390625 0.4228515625 0.4775390625 0.4267578125
9 0.4736328125 0.4638671875 0.4794921875 0.455078125 0.4814453125 0.4501953125 0.48046875 0.4462890625 0.47900390625 0.443359375 0.47900390625 0.4384765625 0.4775390625 0.4345703125 0.474609375 0.435546875 0.4736328125 0.44140625 0.47119140625 0.4482421875 0.470703125 0.4638671875 0.4736328125 0.4638671875
15 0.427734375 0.361328125 0.42529296875 0.361328125 0.423828125 0.3642578125 0.42529296875 0.384765625 0.42919921875 0.3828125 0.431640625 0.3759765625 0.431640625 0.369140625 0.4306640625 0.36328125 0.427734375 0.361328125
15 0.42919921875 0.4873046875 0.431640625 0.4833984375 0.43896484375 0.4833984375 0.4365234375 0.43359375 0.4296875 0.4345703125 0.42626953125 0.478515625 0.42626953125 0.486328125 0.42919921875 0.4873046875
0 0.44970703125 0.4443359375 0.44970703125 0.451171875 0.44482421875 0.4521484375 0.4443359375 0.4404296875 0.4443359375 0.439453125 0.4423828125 0.4365234375 0.43994140625 0.44140625 0.435546875 0.4443359375 0.43408203125 0.44921875 0.43701171875 0.455078125 0.43798828125 0.4599609375 0.4365234375 0.46484375 0.4365234375 0.4736328125 0.4384765625 0.48828125 0.43994140625 0.494140625 0.443359375 0.4951171875 0.44482421875 0.4921875 0.4453125 0.486328125 0.4482421875 0.4951171875 0.451171875 0.494140625 0.451171875 0.4814453125 0.4560546875 0.47265625 0.4560546875 0.4423828125 0.453125 0.4404296875 0.451171875 0.4365234375 0.44921875 0.439453125 0.44970703125 0.4443359375
15 0.44677734375 0.3291015625 0.44580078125 0.2978515625 0.43017578125 0.30078125 0.43115234375 0.3310546875 0.44677734375 0.3291015625
15 0.43212890625 0.34375 0.4326171875 0.3701171875 0.45263671875 0.3681640625 0.45166015625 0.3291015625 0.43359375 0.3310546875 0.43212890625 0.34375
9 0.458984375 0.4560546875 0.46044921875 0.451171875 0.462890625 0.46875 0.46435546875 0.48828125 0.46630859375 0.490234375 0.46875 0.48828125 0.4677734375 0.482421875 0.46826171875 0.4765625 0.46923828125 0.4716796875 0.470703125 0.4638671875 0.4716796875 0.4541015625 0.470703125 0.447265625 0.47021484375 0.4404296875 0.47265625 0.4345703125 0.47216796875 0.4287109375 0.47021484375 0.4169921875 0.46728515625 0.4150390625 0.466796875 0.41015625 0.46630859375 0.4013671875 0.46435546875 0.3994140625 0.46240234375 0.4013671875 0.4619140625 0.4072265625 0.4609375 0.4140625 0.45947265625 0.4169921875 0.45703125 0.419921875 0.45751953125 0.4345703125 0.45751953125 0.453125 0.458984375 0.4560546875
15 0.44482421875 0.330078125 0.4462890625 0.365234375 0.453125 0.3642578125 0.45166015625 0.330078125 0.44482421875 0.330078125
0 0.46240234375 0.4814453125 0.4609375 0.4638671875 0.45849609375 0.4560546875 0.4580078125 0.4462890625 0.45703125 0.4423828125 0.45068359375 0.4443359375 0.45166015625 0.4482421875 0.4541015625 0.4482421875 0.455078125 0.4560546875 0.45263671875 0.462890625 0.451171875 0.4814453125 0.45166015625 0.490234375 0.4521484375 0.494140625 0.453125 0.5009765625 0.45654296875 0.50390625 0.46044921875 0.498046875 0.46240234375 0.4814453125
4 0.35400390625 0.4560546875 0.35302734375 0.4716796875 0.353515625 0.4833984375 0.35400390625 0.49609375 0.35986328125 0.4990234375 0.365234375 0.3857421875 0.35693359375 0.39453125 0.35546875 0.41796875 0.3544921875 0.4267578125 0.3525390625 0.4306640625 0.3515625 0.4404296875 0.353515625 0.447265625 0.35400390625 0.4560546875
4 0.3603515625 0.4130859375 0.359375 0.431640625 0.359375 0.443359375 0.359375 0.45703125 0.35888671875 0.455078125 0.35791015625 0.4609375 0.35791015625 0.4814453125 0.3583984375 0.48828125 0.35888671875 0.498046875 0.36083984375 0.50390625 0.36279296875 0.5048828125 0.3642578125 0.50390625 0.36474609375 0.5 0.36474609375 0.4970703125 0.36572265625 0.4970703125 0.36572265625 0.5078125 0.3681640625 0.5107421875 0.36962890625 0.5107421875 0.37255859375 0.5107421875 0.37451171875 0.5078125 0.3759765625 0.5029296875 0.3779296875 0.5048828125 0.38330078125 0.50390625 0.38330078125 0.5009765625 0.4033203125 0.4990234375 0.404296875 0.5029296875 0.40869140625 0.5029296875 0.41064453125 0.498046875 0.41064453125 0.5087890625 0.42236328125 0.5078125 0.42333984375 0.4912109375 0.42333984375 0.4736328125 0.43115234375 0.4736328125 0.4267578125 0.3759765625 0.42529296875 0.3642578125 0.4208984375 0.361328125 0.4150390625 0.3623046875 0.4130859375 0.3564453125 0.39404296875 0.3564453125 0.37646484375 0.3583984375 0.3642578125 0.376953125 0.36328125 0.3857421875 0.3603515625 0.4130859375
15 0.615234375 0.185546875 0.61865234375 0.275390625 0.65234375 0.2744140625 0.6494140625 0.18359375 0.615234375 0.185546875
9 0.62255859375 0.423828125 0.62451171875 0.4296875 0.62451171875 0.4423828125 0.6279296875 0.4443359375 0.6279296875 0.451171875 0.62939453125 0.47265625 0.630859375 0.4912109375 0.630859375 0.5107421875 0.6279296875 0.5234375 0.62548828125 0.5263671875 0.62939453125 0.5283203125 0.63720703125 0.5263671875 0.63671875 0.517578125 0.63671875 0.5009765625 0.63720703125 0.4873046875 0.63916015625 0.4921875 0.6416015625 0.5078125 0.64111328125 0.5224609375 0.63916015625 0.5283203125 0.64794921875 0.5263671875 0.6484375 0.5185546875 0.64697265625 0.5146484375 0.646484375 0.5009765625 0.64404296875 0.484375 0.640625 0.47265625 0.6416015625 0.458984375 0.642578125 0.443359375 0.64208984375 0.4248046875 0.6455078125 0.4208984375 0.64794921875 0.4150390625 0.64453125 0.404296875 0.64306640625 0.3955078125 0.6416015625 0.3916015625 0.63720703125 0.3818359375 0.63671875 0.3740234375 0.6357421875 0.365234375 0.63427734375 0.3623046875 0.6298828125 0.3642578125 0.6279296875 0.369140625 0.6279296875 0.37890625 0.62939453125 0.3876953125 0.62890625 0.400390625 0.62255859375 0.416015625 0.62255859375 0.423828125
9 0.5927734375 0.4345703125 0.59326171875 0.4404296875 0.591796875 0.4443359375 0.59130859375 0.451171875 0.58642578125 0.486328125 0.59130859375 0.4912109375 0.5888671875 0.5283203125 0.6015625 0.529296875 0.6025390625 0.52734375 0.60009765625 0.525390625 0.6005859375 0.521484375 0.60302734375 0.4990234375 0.60986328125 0.5244140625 0.6123046875 0.52734375 0.62109375 0.5263671875 0.62353515625 0.5224609375 0.623046875 0.5185546875 0.61865234375 0.515625 0.61865234375 0.5087890625 0.6142578125 0.5 0.6142578125 0.4873046875 0.6123046875 0.4755859375 0.61669921875 0.4736328125 0.6171875 0.46875 0.6181640625 0.4541015625 0.61572265625 0.4423828125 0.61328125 0.4345703125 0.6123046875 0.4267578125 0.61474609375 0.423828125 0.61474609375 0.416015625 0.61181640625 0.4111328125 0.60791015625 0.4091796875 0.60595703125 0.3994140625 0.603515625 0.39453125 0.6044921875 0.39453125 0.6044921875 0.384765625 0.60302734375 0.3759765625 0.5986328125 0.373046875 0.59521484375 0.373046875 0.5927734375 0.375 0.5927734375 0.3828125 0.59423828125 0.3916015625 0.59375 0.3994140625 0.5927734375 0.4091796875 0.5927734375 0.4345703125
9 0.66845703125 0.3486328125 0.66455078125 0.3359375 0.6591796875 0.3310546875 0.65478515625 0.3330078125 0.6533203125 0.3408203125 0.6533203125 0.3505859375 0.65283203125 0.365234375 0.6494140625 0.369140625 0.64794921875 0.37890625 0.64697265625 0.3994140625 0.64501953125 0.431640625 0.64697265625 0.4375 0.6455078125 0.4501953125 0.6455078125 0.4599609375 0.64599609375 0.466796875 0.6494140625 0.4609375 0.6513671875 0.4677734375 0.65283203125 0.486328125 0.6533203125 0.51171875 0.65283203125 0.5283203125 0.654296875 0.5341796875 0.6533203125 0.5439453125 0.64892578125 0.55078125 0.64892578125 0.5537109375 0.6533203125 0.5546875 0.6591796875 0.5556640625 0.65966796875 0.546875 0.6591796875 0.53125 0.66064453125 0.513671875 0.65966796875 0.49609375 0.66015625 0.484375 0.6611328125 0.4697265625 0.66357421875 0.4677734375 0.66455078125 0.4814453125 0.6669921875 0.4990234375 0.66943359375 0.50390625 0.6728515625 0.5244140625 0.67529296875 0.533203125 0.67578125 0.544921875 0.6748046875 0.5546875 0.67529296875 0.5556640625 0.68212890625 0.5556640625 0.6826171875 0.5478515625 0.6826171875 0.5390625 0.6806640625 0.5263671875 0.677734375 0.5048828125 0.673828125 0.4931640625 0.67333984375 0.482421875 0.67333984375 0.470703125 0.67626953125 0.4560546875 0.68115234375 0.4453125 0.68115234375 0.4169921875 0.67822265625 0.3994140625 0.67578125 0.37890625 0.67236328125 0.3623046875 0.66845703125 0.3486328125
9 0.7001953125 0.353515625 0.70068359375 0.3466796875 0.7001953125 0.3349609375 0.697265625 0.3291015625 0.69287109375 0.3271484375 0.6884765625 0.330078125 0.68701171875 0.3369140625 0.68701171875 0.3486328125 0.68896484375 0.359375 0.68603515625 0.36328125 0.68310546875 0.3671875 0.681640625 0.3857421875 0.68017578125 0.4091796875 0.67919921875 0.4287109375 0.67822265625 0.4453125 0.677734375 0.45703125 0.6787109375 0.4619140625 0.68212890625 0.462890625 0.6845703125 0.4580078125 0.68310546875 0.451171875 0.68310546875 0.4443359375 0.68603515625 0.4345703125 0.6875 0.427734375 0.6884765625 0.4189453125 0.68896484375 0.44140625 0.689453125 0.4619140625 0.69189453125 0.474609375 0.69287109375 0.4912109375 0.697265625 0.5029296875 0.69580078125 0.53515625 0.69384765625 0.537109375 0.69482421875 0.541015625 0.6923828125 0.5478515625 0.69384765625 0.552734375 0.70068359375 0.55078125 0.70263671875 0.5458984375 0.70556640625 0.5341796875 0.70458984375 0.5283203125 0.70556640625 0.5263671875 0.708984375 0.53125 0.7080078125 0.53515625 0.708984375 0.544921875 0.7080078125 0.5546875 0.71435546875 0.5537109375 0.71533203125 0.548828125 0.7138671875 0.5458984375 0.716796875 0.533203125 0.71533203125 0.525390625 0.7138671875 0.517578125 0.70556640625 0.484375 0.70556640625 0.4814453125 0.71044921875 0.4453125 0.71142578125 0.4384765625 0.71240234375 0.4306640625 0.71533203125 0.4423828125 0.71435546875 0.4462890625 0.71484375 0.458984375 0.72021484375 0.4560546875 0.720703125 0.4482421875 0.71826171875 0.4267578125 0.71630859375 0.40625 0.7158203125 0.3955078125 0.71435546875 0.388671875 0.7119140625 0.3701171875 0.7099609375 0.3642578125 0.70068359375 0.357421875 0.7001953125 0.353515625
15 0.77685546875 0.353515625 0.78564453125 0.310546875 0.77490234375 0.26171875 0.767578125 0.2666015625 0.751953125 0.353515625 0.77685546875 0.353515625
15 0.79296875 0.2626953125 0.77001953125 0.1650390625 0.74951171875 0.2666015625 0.7939453125 0.2734375 0.79296875 0.2626953125
9 0.8125 0.2861328125 0.8115234375 0.26171875 0.80859375 0.24609375 0.802734375 0.240234375 0.79541015625 0.244140625 0.7900390625 0.2548828125 0.7900390625 0.271484375 0.79296875 0.283203125 0.79052734375 0.296875 0.78564453125 0.3046875 0.779296875 0.3115234375 0.77099609375 0.322265625 0.76513671875 0.3603515625 0.765625 0.365234375 0.7646484375 0.390625 0.76806640625 0.4365234375 0.7705078125 0.4580078125 0.77197265625 0.4697265625 0.779296875 0.478515625 0.779296875 0.505859375 0.779296875 0.53125 0.7802734375 0.541015625 0.77783203125 0.55078125 0.77734375 0.5791015625 0.7744140625 0.6044921875 0.7724609375 0.634765625 0.7724609375 0.6484375 0.77734375 0.6513671875 0.7841796875 0.6494140625 0.787109375 0.64453125 0.78515625 0.623046875 0.78564453125 0.6083984375 0.7861328125 0.5888671875 0.79443359375 0.5478515625 0.80126953125 0.5439453125 0.806640625 0.509765625 0.81201171875 0.5361328125 0.80908203125 0.55078125 0.81298828125 0.560546875 0.81591796875 0.6025390625 0.81591796875 0.615234375 0.8134765625 0.6435546875 0.8125 0.65234375 0.818359375 0.65625 0.82861328125 0.662109375 0.84375 0.6611328125 0.8447265625 0.6513671875 0.841796875 0.64453125 0.8349609375 0.6396484375 0.83203125 0.634765625 0.8310546875 0.626953125 0.8271484375 0.6220703125 0.828125 0.568359375 0.84228515625 0.5712890625 0.8427734375 0.552734375 0.84130859375 0.544921875 0.833984375 0.484375 0.83642578125 0.4501953125 0.8349609375 0.4365234375 0.8291015625 0.3837890625 0.82763671875 0.3720703125 0.8310546875 0.3623046875 0.82470703125 0.3271484375 0.8173828125 0.3125 0.80908203125 0.302734375 0.8125 0.2861328125
9 0.90625 0.23046875 0.8984375 0.2392578125 0.89599609375 0.248046875 0.89501953125 0.267578125 0.89794921875 0.27734375 0.89599609375 0.2890625 0.8896484375 0.2958984375 0.8828125 0.306640625 0.875 0.3466796875 0.87646484375 0.349609375 0.87451171875 0.3623046875 0.875 0.384765625 0.8798828125 0.400390625 0.8837890625 0.4248046875 0.8876953125 0.4375 0.8896484375 0.45703125 0.88916015625 0.494140625 0.89453125 0.5107421875 0.89794921875 0.517578125 0.8984375 0.5263671875 0.89794921875 0.5517578125 0.8994140625 0.568359375 0.90283203125 0.5927734375 0.90283203125 0.6201171875 0.904296875 0.6396484375 0.912109375 0.6435546875 0.9208984375 0.6416015625 0.9169921875 0.619140625 0.9150390625 0.6044921875 0.9149126671875001 0.6020148578125 0.91845703125 0.6064453125 0.921875 0.623046875 0.9306640625 0.6328125 0.93603515625 0.634765625 0.93994140625 0.6240234375 0.9345703125 0.611328125 0.931640625 0.59375 0.9306640625 0.5712890625 0.93896484375 0.5390625 0.9423828125 0.50390625 0.9384765625 0.458984375 0.93408203125 0.4345703125 0.93505859375 0.4296875 0.93017578125 0.41015625 0.92919921875 0.3916015625 0.94189453125 0.4208984375 0.94580078125 0.44140625 0.947265625 0.4658203125 0.9404296875 0.478515625 0.94775390625 0.5126953125 0.9541015625 0.529296875 0.9638671875 0.521484375 0.96923828125 0.5068359375 0.96435546875 0.45703125 0.9609375 0.4580078125 0.9541015625 0.4423828125 0.95751953125 0.4296875 0.953125 0.4189453125 0.9482421875 0.412109375 0.93994140625 0.3857421875 0.935546875 0.353515625 0.9375 0.3515625 0.9326171875 0.3212890625 0.92822265625 0.30078125 0.91943359375 0.2939453125 0.9150390625 0.28515625 0.91650390625 0.2724609375 0.91845703125 0.26953125 0.91796875 0.25390625 0.91455078125 0.236328125 0.90625 0.23046875
9 0.99072265625 0.45703125 0.994140625 0.4638671875 0.99609375 0.4609375 0.9951171875 0.455078125 0.998046875 0.44140625 0.99853515625 0.357421875 0.9951171875 0.37109375 0.99462890625 0.4013671875 0.99169921875 0.427734375 0.98779296875 0.4453125 0.99072265625 0.45703125
4 0.0732421875 0.48828125 0.0693359375 0.484375 0.06689453125 0.486328125 0.06591796875 0.48828125 0.0673828125 0.4931640625 0.06982421875 0.49609375 0.06640625 0.50390625 0.0693359375 0.556640625 0.07568359375 0.556640625 0.07666015625 0.5478515625 0.08642578125 0.546875 0.087890625 0.552734375 0.0927734375 0.552734375 0.0947265625 0.544921875 0.1015625 0.54296875 0.10107421875 0.498046875 0.09716796875 0.45703125 0.09033203125 0.45703125 0.08349609375 0.4599609375 0.0751953125 0.4794921875 0.0732421875 0.48828125
3 0.09765625 0.521484375 0.1005859375 0.5439453125 0.12109375 0.5419921875 0.12255859375 0.5537109375 0.1240234375 0.55859375 0.1259765625 0.5615234375 0.1298828125 0.5625 0.13330078125 0.5615234375 0.1357421875 0.560546875 0.13720703125 0.556640625 0.1376953125 0.5498046875 0.138671875 0.541015625 0.14453125 0.5400390625 0.1484375 0.5400390625 0.208984375 0.5302734375 0.2109375 0.54296875 0.21533203125 0.546875 0.2197265625 0.546875 0.2236328125 0.5439453125 0.2265625 0.5361328125 0.2275390625 0.5283203125 0.2275390625 0.5224609375 0.236328125 0.517578125 0.2373046875 0.5263671875 0.2392578125 0.53125 0.2421875 0.53125 0.24462890625 0.5302734375 0.24755859375 0.5263671875 0.24755859375 0.5126953125 0.24853515625 0.5087890625 0.25244140625 0.509765625 0.2587890625 0.498046875 0.25830078125 0.47265625 0.25634765625 0.3984375 0.25341796875 0.3876953125 0.25146484375 0.36328125 0.24658203125 0.357421875 0.1982421875 0.3193359375 0.14306640625 0.3232421875 0.09130859375 0.3330078125 0.09130859375 0.3857421875 0.09521484375 0.48046875 0.09765625 0.521484375
4 0 0.5029296875 0.00537109375 0.587890625 0.0361328125 0.580078125 0.0380859375 0.591796875 0.04150390625 0.59375 0.04541015625 0.5927734375 0.04931640625 0.58984375 0.05029296875 0.58203125 0.04931640625 0.5693359375 0.056640625 0.564453125 0.06103515625 0.56640625 0.0634765625 0.580078125 0.07177734375 0.5771484375 0.0732421875 0.5712890625 0.0732421875 0.55859375 0.072265625 0.5390625 0.07177734375 0.5234375 0.06982421875 0.509765625 0.06494140625 0.4853515625 0.064453125 0.48046875 0.06201171875 0.4658203125 0.05908203125 0.453125 0.0546875 0.44140625 0.048828125 0.4375 0.04296875 0.4375 0.041015625 0.44140625 0.01123046875 0.4453125 0 0.44921875 0 0.5029296875
4 0 0.6240234375 0.00537109375 0.6201171875 0.0078125 0.61328125 0.00830078125 0.587890625 0.0078125 0.5693359375 0.0087890625 0.5537109375 0.00634765625 0.525390625 0.00439453125 0.501953125 0 0.4833984375 0 0.6240234375