17 0 0.9990234375 0.1689453125 0.9990234375 0.1787109375 0.9853515625 0.22216796875 0.8974609375 0.2509765625 0.8251953125 0.2607421875 0.7802734375 0.2607421875 0.728515625 0.248046875 0.6796875 0.24560546875 0.6630859375 0.244140625 0.6533203125 0.2421875 0.65234375 0.2265625 0.6455078125 0.21044921875 0.6416015625 0.181640625 0.6376953125 0.150390625 0.63671875 0.119140625 0.6396484375 0.07763671875 0.6435546875 0.03955078125 0.650390625 0.02294921875 0.6513671875 0.0048828125 0.658203125 0 0.6630859375 0 0.9990234375
16 0 0.9990234375 0.99951171875 0.9990234375 0.99951171875 0.396484375 0.1328125 0.42578125 0 0.4228515625 0 0.9990234375
17 0 0.560546875 0.0107421875 0.5595703125 0.26171875 0.537109375 0.5625 0.513671875 0.83251953125 0.490234375 0.92578125 0.4853515625 0.99951171875 0.4814453125 0.99951171875 0.4365234375 0 0.501953125 0 0.560546875
3 0 0 0 0.52734375 0 0.5302734375 0.0068359375 0.533203125 0.1240234375 0.5234375 0.26513671875 0.513671875 0.40380859375 0.5029296875 0.587890625 0.4931640625 0.6494140625 0.48828125 0.705078125 0.482421875 0.76318359375 0.4794921875 0.84814453125 0.4794921875 0.90771484375 0.4794921875 0.990234375 0.48046875 0.99951171875 0.48046875 0.99951171875 0 0 0
12 0.01708984375 0.189453125 0.01123046875 0.189453125 0.0185546875 0.541015625 0.0244140625 0.541015625 0.01708984375 0.189453125
20 0.013671875 0.3798828125 0.01611328125 0.384765625 0.02099609375 0.3857421875 0.025390625 0.384765625 0.0263671875 0.375 0.02734375 0.3681640625 0.02587890625 0.3623046875 0.0234375 0.3583984375 0.02197265625 0.35546875 0.01806640625 0.3544921875 0.0146484375 0.357421875 0.01220703125 0.359375 0.01123046875 0.36328125 0.01123046875 0.3701171875 0.01220703125 0.3759765625 0.013671875 0.3798828125
12 0.076171875 0.541015625 0.0849609375 0.541015625 0.08349609375 0.46875 0.07568359375 0.46875 0.076171875 0.541015625
12 0.04638671875 0.4140625 0.02001953125 0.130859375 0.01611328125 0.056640625 0.0126953125 0.0380859375 0.00634765625 0.0390625 0.00927734375 0.080078125 0.0263671875 0.3173828125 0.03076171875 0.3876953125 0.03857421875 0.4375 0.04638671875 0.4140625
19 0.0517578125 0 0.052734375 0.0322265625 0.052734375 0.0400390625 0.05126953125 0.0439453125 0.044921875 0.046875 0.04052734375 0.044921875 0.037109375 0.044921875 0.037109375 0.064453125 0.0390625 0.0712890625 0.0439453125 0.0712890625 0.04345703125 0.0595703125 0.05126953125 0.0546875 0.05810546875 0.0595703125 0.0693359375 0.0625 0.07470703125 0.0595703125 0.076171875 0.0595703125 0.076171875 0.0498046875 0.08447265625 0.048828125 0.08447265625 0.0322265625 0.1083984375 0.0185546875 0.11279296875 0.013671875 0.11474609375 0.005859375 0.11474609375 0 0.0517578125 0
12 0.13330078125 0.4638671875 0.13330078125 0.537109375 0.1416015625 0.5361328125 0.1396484375 0.4638671875 0.13330078125 0.4638671875
12 0.19091796875 0.4609375 0.19189453125 0.5302734375 0.19921875 0.5322265625 0.19775390625 0.4609375 0.19091796875 0.4609375
12 0.2421875 0.4599609375 0.24267578125 0.5283203125 0.2509765625 0.53125 0.2490234375 0.4609375 0.2421875 0.4599609375
12 0.2958984375 0.455078125 0.29638671875 0.5224609375 0.3037109375 0.5244140625 0.30224609375 0.455078125 0.2958984375 0.455078125
12 0.34619140625 0.453125 0.34619140625 0.51953125 0.35400390625 0.5205078125 0.3525390625 0.4541015625 0.34619140625 0.453125
19 0.46630859375 0.119140625 0.46923828125 0.115234375 0.46826171875 0.1123046875 0.4638671875 0.1083984375 0.46337890625 0.103515625 0.46533203125 0.1015625 0.46826171875 0.099609375 0.46826171875 0.09375 0.46728515625 0.0927734375 0.4638671875 0.0927734375 0.46337890625 0.0830078125 0.4658203125 0.08203125 0.46875 0.0791015625 0.46875 0.0751953125 0.46533203125 0.0732421875 0.4638671875 0.0703125 0.462890625 0.060546875 0.4609375 0.056640625 0.4580078125 0.056640625 0.4560546875 0.0625 0.45166015625 0.064453125 0.45068359375 0.076171875 0.45068359375 0.107421875 0.45166015625 0.12890625 0.4541015625 0.12890625 0.45654296875 0.138671875 0.4619140625 0.1328125 0.462890625 0.12890625 0.46337890625 0.12109375 0.46630859375 0.119140625
19 0.46728515625 0.060546875 0.466796875 0.08203125 0.46630859375 0.109375 0.46923828125 0.1181640625 0.47021484375 0.12109375 0.47265625 0.1259765625 0.4765625 0.125 0.47802734375 0.115234375 0.47802734375 0.1083984375 0.48291015625 0.1064453125 0.48291015625 0.1044921875 0.48291015625 0.099609375 0.478515625 0.0986328125 0.478515625 0.0908203125 0.48291015625 0.087890625 0.4833984375 0.0859375 0.4833984375 0.0830078125 0.4833984375 0.0791015625 0.47802734375 0.0791015625 0.478515625 0.0703125 0.48095703125 0.0673828125 0.48291015625 0.0673828125 0.48291015625 0.0625 0.48291015625 0.0595703125 0.47802734375 0.056640625 0.4775390625 0.0478515625 0.47705078125 0.04296875 0.470703125 0.046875 0.46826171875 0.048828125 0.4677734375 0.048828125 0.46728515625 0.060546875
12 0.41552734375 0.171875 0.41748046875 0.1435546875 0.423828125 0.1259765625 0.43603515625 0.1005859375 0.4638671875 0.068359375 0.462890625 0.0625 0.44775390625 0.078125 0.43408203125 0.0966796875 0.41748046875 0.1337890625 0.41357421875 0.1494140625 0.41162109375 0.1748046875 0.4130859375 0.2822265625 0.41796875 0.513671875 0.42333984375 0.51171875 0.4150390625 0.205078125 0.41552734375 0.171875
19 0.43408203125 0.3486328125 0.43408203125 0.3447265625 0.43310546875 0.341796875 0.42724609375 0.3408203125 0.42724609375 0.333984375 0.4326171875 0.3310546875 0.4326171875 0.3271484375 0.4326171875 0.32421875 0.431640625 0.3232421875 0.4267578125 0.3212890625 0.4267578125 0.31640625 0.43310546875 0.3115234375 0.43310546875 0.3076171875 0.43310546875 0.3056640625 0.42724609375 0.3046875 0.4267578125 0.2998046875 0.42138671875 0.298828125 0.42236328125 0.3583984375 0.4267578125 0.3583984375 0.42724609375 0.353515625 0.43408203125 0.3486328125
12 0.4462890625 0.44921875 0.44677734375 0.5126953125 0.45458984375 0.51171875 0.4521484375 0.44921875 0.4462890625 0.44921875
12 0.48779296875 0.447265625 0.48876953125 0.5078125 0.49462890625 0.509765625 0.49462890625 0.447265625 0.48779296875 0.447265625
12 0.52978515625 0.4443359375 0.5302734375 0.5068359375 0.537109375 0.5068359375 0.537109375 0.4443359375 0.52978515625 0.4443359375
12 0.5693359375 0.4423828125 0.57080078125 0.50390625 0.57666015625 0.50390625 0.57666015625 0.44140625 0.5693359375 0.4423828125
12 0.61181640625 0.439453125 0.61279296875 0.4990234375 0.619140625 0.4990234375 0.61865234375 0.4404296875 0.61181640625 0.439453125
12 0.6416015625 0.0205078125 0.6455078125 0.49609375 0.650390625 0.494140625 0.6435546875 0.0205078125 0.6416015625 0.0205078125
12 0.82080078125 0.3388671875 0.82177734375 0.416015625 0.8212890625 0.4814453125 0.82373046875 0.4814453125 0.82177734375 0.3388671875 0.82080078125 0.3388671875
12 0.9443359375 0.1259765625 0.9423828125 0.1259765625 0.9423828125 0.4814453125 0.947265625 0.4814453125 0.9443359375 0.1259765625
17 0 0.9765625 0.15234375 0.9609375 0.15966796875 0.9990234375 0.17236328125 0.9990234375 0.19384765625 0.95703125 0.234375 0.8681640625 0.25 0.8291015625 0.25537109375 0.8076171875 0.2607421875 0.77734375 0.26123046875 0.7333984375 0.2548828125 0.701171875 0.24658203125 0.6806640625 0.08349609375 0.6923828125 0.03466796875 0.701171875 0 0.7041015625 0 0.9765625
12 0.0234375 0 0.0234375 0.07421875 0.03369140625 0.4814453125 0.0302734375 0.513671875 0.037109375 0.787109375 0.0654296875 0.7822265625 0.05859375 0.5068359375 0.05029296875 0.4794921875 0.03759765625 0 0.0234375 0