18 0.4853515625 0 0.4990234375 0.16015625 0.54052734375 0.1513671875 0.55419921875 0.1015625 0.5751953125 0.099609375 0.6005859375 0.1533203125 0.64501953125 0.2099609375 0.740234375 0 0.4853515625 0
16 0 0.9990234375 0.99951171875 0.9990234375 0.99951171875 0.423828125 0.76611328125 0.3046875 0.1904296875 0.3046875 0 0.40625 0 0.9990234375
17 0.3232421875 0.37890625 0.32763671875 0.4287109375 0.365234375 0.423828125 0.439453125 0.416015625 0.4482421875 0.4140625 0.46630859375 0.4052734375 0.47900390625 0.400390625 0.47021484375 0.3984375 0.4619140625 0.396484375 0.4853515625 0.390625 0.51220703125 0.3857421875 0.53564453125 0.380859375 0.5546875 0.37890625 0.5615234375 0.349609375 0.47119140625 0.333984375 0.3232421875 0.37890625
17 0.64111328125 0.5029296875 0.70556640625 0.501953125 0.93212890625 0.57421875 0.9990234375 0.599609375 0.99951171875 0.4931640625 0.89111328125 0.435546875 0.66064453125 0.43359375 0.61474609375 0.451171875 0.64111328125 0.5029296875
3 0 0 0 0.5078125 0.09423828125 0.48828125 0.18310546875 0.4775390625 0.2138671875 0.4697265625 0.21875 0.46484375 0.2998046875 0.40625 0.40234375 0.3935546875 0.4482421875 0.38671875 0.46435546875 0.3837890625 0.4755859375 0.3818359375 0.482421875 0.376953125 0.51025390625 0.3740234375 0.541015625 0.3740234375 0.60986328125 0.369140625 0.615234375 0.2646484375 0.4873046875 0.23046875 0.416015625 0 0 0
11 0.38623046875 0.3984375 0.3896484375 0.3857421875 0.3935546875 0.37890625 0.3935546875 0.3583984375 0.39111328125 0.3515625 0.3896484375 0.353515625 0.38720703125 0.3642578125 0.384765625 0.361328125 0.38525390625 0.3564453125 0.38525390625 0.349609375 0.38330078125 0.3486328125 0.38134765625 0.353515625 0.37744140625 0.359375 0.3740234375 0.361328125 0.37109375 0.36328125 0.37109375 0.380859375 0.37744140625 0.400390625 0.38623046875 0.3984375
5 0.33154296875 0.41015625 0.3505859375 0.4130859375 0.37646484375 0.41015625 0.380859375 0.3984375 0.3798828125 0.388671875 0.3759765625 0.3837890625 0.37109375 0.376953125 0.3662109375 0.3759765625 0.35302734375 0.376953125 0.3466796875 0.3857421875 0.3388671875 0.3935546875 0.33154296875 0.41015625
25 0.34375 0 0.34375 0.0224609375 0.3369140625 0.017578125 0.33544921875 0.0224609375 0.3330078125 0.0517578125 0.32763671875 0.0595703125 0.31787109375 0.046875 0.314453125 0.06640625 0.30078125 0.0673828125 0.28955078125 0.0712890625 0.28466796875 0.0869140625 0.2744140625 0.1083984375 0.27197265625 0.126953125 0.26513671875 0.1142578125 0.25634765625 0.11328125 0.25830078125 0.1318359375 0.25390625 0.130859375 0.2509765625 0.123046875 0.2490234375 0.130859375 0.24609375 0.1318359375 0.2451171875 0.140625 0.24609375 0.146484375 0.244140625 0.15625 0.24853515625 0.16015625 0.24853515625 0.166015625 0.24609375 0.16796875 0.244140625 0.1708984375 0.244140625 0.1826171875 0.24658203125 0.185546875 0.24658203125 0.193359375 0.26953125 0.2060546875 0.27001953125 0.2177734375 0.267578125 0.2197265625 0.2685546875 0.2646484375 0.29296875 0.2744140625 0.296875 0.2744140625 0.29345703125 0.287109375 0.27978515625 0.2900390625 0.28125 0.296875 0.28125 0.3017578125 0.28076171875 0.306640625 0.27685546875 0.3076171875 0.2734375 0.3095703125 0.27734375 0.3271484375 0.28369140625 0.359375 0.32080078125 0.3447265625 0.33203125 0.333984375 0.3388671875 0.32421875 0.3466796875 0.3271484375 0.3515625 0.3212890625 0.35498046875 0.3271484375 0.35791015625 0.32421875 0.3603515625 0.3115234375 0.36474609375 0.306640625 0.36767578125 0.3095703125 0.369140625 0.408203125 0.37158203125 0.4013671875 0.37109375 0.3125 0.37353515625 0.3125 0.38232421875 0.31640625 0.38720703125 0.3125 0.392578125 0.314453125 0.3974609375 0.3291015625 0.40478515625 0.326171875 0.412109375 0.3115234375 0.40625 0.2919921875 0.41357421875 0.298828125 0.41943359375 0.296875 0.416015625 0.287109375 0.4111328125 0.28515625 0.41064453125 0.2666015625 0.419921875 0.2666015625 0.42578125 0.2822265625 0.4267578125 0.298828125 0.4267578125 0.3125 0.4267578125 0.3310546875 0.42333984375 0.3447265625 0.421875 0.3544921875 0.41943359375 0.3642578125 0.41796875 0.3818359375 0.42333984375 0.3916015625 0.4267578125 0.390625 0.4384765625 0.38671875 0.4404296875 0.3818359375 0.43798828125 0.359375 0.43701171875 0.3544921875 0.435546875 0.34375 0.4365234375 0.333984375 0.43701171875 0.326171875 0.4384765625 0.3037109375 0.43701171875 0.2919921875 0.43798828125 0.2841796875 0.45166015625 0.2890625 0.462890625 0.2802734375 0.4775390625 0.298828125 0.49267578125 0.33203125 0.52880859375 0.369140625 0.5869140625 0.3681640625 0.634765625 0.373046875 0.84033203125 0.3125 0.6767578125 0.1962890625 0.6533203125 0.17578125 0.6298828125 0.1513671875 0.619140625 0.146484375 0.6123046875 0.130859375 0.60400390625 0.119140625 0.60302734375 0.111328125 0.60302734375 0.091796875 0.5927734375 0.0869140625 0.583984375 0.08203125 0.57666015625 0.072265625 0.56689453125 0.076171875 0.55224609375 0.0673828125 0.546875 0.0712890625 0.54443359375 0.07421875 0.541015625 0.0859375 0.5380859375 0.091796875 0.533203125 0.0966796875 0.5283203125 0.1181640625 0.52099609375 0.1181640625 0.51708984375 0.1142578125 0.5126953125 0.0986328125 0.5126953125 0.0810546875 0.51611328125 0.0712890625 0.5185546875 0.0244140625 0.5087890625 0.001953125 0.50244140625 0 0.4814453125 0 0.34375 0
3 0.62744140625 0 0.62744140625 0.0712890625 0.62841796875 0.123046875 0.63134765625 0.2333984375 0.63134765625 0.296875 0.63232421875 0.34375 0.63330078125 0.4208984375 0.92333984375 0.482421875 0.94677734375 0.4853515625 0.97265625 0.4921875 0.99951171875 0.498046875 0.99951171875 0 0.62744140625 0
20 0.6025390625 0.275390625 0.6015625 0.2646484375 0.587890625 0.2646484375 0.583984375 0.2705078125 0.5869140625 0.275390625 0.6025390625 0.275390625
12 0.5966796875 0 0.6025390625 0.3857421875 0.607421875 0.388671875 0.59912109375 0.0224609375 0.59912109375 0 0.5966796875 0
12 0.57568359375 0 0.57568359375 0.0126953125 0.5830078125 0.0244140625 0.59619140625 0.0546875 0.6064453125 0.099609375 0.6123046875 0.146484375 0.61279296875 0.1982421875 0.61669921875 0.3740234375 0.62158203125 0.3740234375 0.6201171875 0.3310546875 0.6162109375 0.232421875 0.615234375 0.166015625 0.60791015625 0.091796875 0.60009765625 0.0576171875 0.58154296875 0.0146484375 0.580078125 0 0.57568359375 0
12 0.5869140625 0.1806640625 0.59521484375 0.185546875 0.60546875 0.1953125 0.615234375 0.2158203125 0.619140625 0.2373046875 0.62109375 0.3095703125 0.62109375 0.37109375 0.62109375 0.390625 0.6259765625 0.373046875 0.625 0.361328125 0.62255859375 0.2666015625 0.62158203125 0.2373046875 0.6201171875 0.2197265625 0.6162109375 0.205078125 0.6103515625 0.193359375 0.6025390625 0.18359375 0.5888671875 0.173828125 0.57666015625 0.1689453125 0.564453125 0.1689453125 0.544921875 0.1689453125 0.53125 0.1689453125 0.53564453125 0.1728515625 0.5615234375 0.173828125 0.5693359375 0.17578125 0.580078125 0.177734375 0.5869140625 0.1806640625
19 0.537109375 0.203125 0.537109375 0.1689453125 0.53466796875 0.166015625 0.5322265625 0.1640625 0.52978515625 0.16796875 0.52880859375 0.1728515625 0.53076171875 0.1806640625 0.53076171875 0.203125 0.537109375 0.203125
20 0.6015625 0.326171875 0.6025390625 0.3125 0.6025390625 0.3037109375 0.60009765625 0.2998046875 0.59814453125 0.306640625 0.59814453125 0.31640625 0.59912109375 0.322265625 0.6015625 0.326171875
20 0.59423828125 0.353515625 0.60498046875 0.353515625 0.59765625 0.3310546875 0.59423828125 0.353515625
12 0.60888671875 0.3310546875 0.611328125 0.3681640625 0.61279296875 0.3564453125 0.60986328125 0.3115234375 0.60888671875 0.3310546875
19 0.6259765625 0.3271484375 0.6259765625 0.3115234375 0.62646484375 0.3115234375 0.62646484375 0.3037109375 0.625 0.3037109375 0.625 0.287109375 0.61767578125 0.287109375 0.61767578125 0.298828125 0.615234375 0.2998046875 0.60791015625 0.3193359375 0.61376953125 0.326171875 0.625 0.3310546875 0.6259765625 0.3271484375
20 0.60791015625 0.2919921875 0.60009765625 0.33203125 0.6201171875 0.3291015625 0.62109375 0.326171875 0.60791015625 0.2919921875
20 0.615234375 0.2548828125 0.61865234375 0.259765625 0.62255859375 0.259765625 0.62646484375 0.2529296875 0.62744140625 0.2451171875 0.625 0.2373046875 0.62109375 0.2333984375 0.61669921875 0.2353515625 0.61474609375 0.2421875 0.61474609375 0.248046875 0.615234375 0.2548828125
20 0.62109375 0.2578125 0.61474609375 0.2744140625 0.62158203125 0.28515625 0.62841796875 0.2705078125 0.62109375 0.2578125
20 0.74169921875 0.193359375 0.73779296875 0.201171875 0.73486328125 0.21484375 0.73388671875 0.23046875 0.744140625 0.240234375 0.7548828125 0.2197265625 0.7548828125 0.2080078125 0.75146484375 0.1982421875 0.74658203125 0.193359375 0.74169921875 0.193359375
20 0.6796875 0.2109375 0.67333984375 0.2197265625 0.669921875 0.23046875 0.669921875 0.23828125 0.6708984375 0.251953125 0.6748046875 0.2626953125 0.685546875 0.275390625 0.6953125 0.259765625 0.69580078125 0.2421875 0.6953125 0.2275390625 0.69091796875 0.2177734375 0.6865234375 0.212890625 0.6796875 0.2109375
5 0.6845703125 0.4130859375 0.681640625 0.3515625 0.65185546875 0.353515625 0.62255859375 0.3583984375 0.61865234375 0.3740234375 0.62158203125 0.4580078125 0.66552734375 0.4580078125 0.6845703125 0.4130859375
10 0.55810546875 0.341796875 0.5556640625 0.349609375 0.55712890625 0.3583984375 0.56201171875 0.359375 0.56201171875 0.3486328125 0.55810546875 0.341796875
10 0.5458984375 0.349609375 0.544921875 0.361328125 0.5458984375 0.373046875 0.5498046875 0.373046875 0.5498046875 0.36328125 0.5517578125 0.3515625 0.5517578125 0.3466796875 0.54833984375 0.341796875 0.5458984375 0.349609375
10 0.54296875 0.359375 0.54296875 0.3515625 0.54443359375 0.3515625 0.54443359375 0.3486328125 0.54296875 0.3466796875 0.54296875 0.34375 0.541015625 0.341796875 0.53955078125 0.34375 0.54052734375 0.3466796875 0.53857421875 0.349609375 0.53955078125 0.3544921875 0.5322265625 0.37109375 0.54345703125 0.3759765625 0.54296875 0.359375
5 0.54833984375 0.3916015625 0.5517578125 0.3935546875 0.55224609375 0.390625 0.56787109375 0.390625 0.57568359375 0.369140625 0.57177734375 0.359375 0.5693359375 0.3583984375 0.564453125 0.3583984375 0.5595703125 0.3583984375 0.55712890625 0.3583984375 0.55322265625 0.3642578125 0.54931640625 0.373046875 0.54833984375 0.3818359375 0.54833984375 0.3916015625
5 0.55908203125 0.408203125 0.55810546875 0.43359375 0.5556640625 0.4423828125 0.556640625 0.4599609375 0.5556640625 0.5029296875 0.55712890625 0.5068359375 0.564453125 0.5078125 0.56591796875 0.5 0.56689453125 0.4921875 0.5703125 0.4921875 0.57275390625 0.48828125 0.57275390625 0.4931640625 0.583984375 0.4931640625 0.58642578125 0.490234375 0.5927734375 0.48828125 0.61474609375 0.48828125 0.61767578125 0.490234375 0.61865234375 0.4970703125 0.619140625 0.5048828125 0.62841796875 0.5048828125 0.63330078125 0.5048828125 0.6337890625 0.501953125 0.6337890625 0.4853515625 0.6337890625 0.4462890625 0.63330078125 0.4384765625 0.630859375 0.43359375 0.6298828125 0.427734375 0.62890625 0.4189453125 0.62890625 0.416015625 0.630859375 0.4130859375 0.630859375 0.408203125 0.63330078125 0.40625 0.6337890625 0.4013671875 0.63330078125 0.400390625 0.62890625 0.396484375 0.62646484375 0.3955078125 0.62158203125 0.37109375 0.619140625 0.36328125 0.61669921875 0.359375 0.615234375 0.3583984375 0.60986328125 0.3583984375 0.59033203125 0.3583984375 0.58154296875 0.3583984375 0.57568359375 0.3583984375 0.57177734375 0.359375 0.5693359375 0.36328125 0.5654296875 0.37890625 0.56201171875 0.390625 0.560546875 0.4052734375 0.55908203125 0.408203125
8 0.5361328125 0.4462890625 0.53857421875 0.4482421875 0.54296875 0.4462890625 0.544921875 0.4423828125 0.5458984375 0.4404296875 0.54833984375 0.435546875 0.54931640625 0.4228515625 0.54736328125 0.416015625 0.541015625 0.4033203125 0.54296875 0.396484375 0.54931640625 0.400390625 0.55078125 0.400390625 0.546875 0.3935546875 0.53955078125 0.3916015625 0.53466796875 0.4140625 0.53369140625 0.4228515625 0.53466796875 0.4306640625 0.53564453125 0.4404296875 0.5361328125 0.4462890625
14 0.533203125 0.4111328125 0.5322265625 0.416015625 0.53125 0.427734375 0.53076171875 0.4404296875 0.52880859375 0.443359375 0.52978515625 0.4462890625 0.53369140625 0.4462890625 0.53369140625 0.435546875 0.53369140625 0.4287109375 0.53369140625 0.4189453125 0.53564453125 0.4130859375 0.5361328125 0.408203125 0.54052734375 0.40625 0.5419921875 0.4111328125 0.54443359375 0.41796875 0.546875 0.423828125 0.54833984375 0.4306640625 0.55078125 0.4423828125 0.55078125 0.4462890625 0.5546875 0.4462890625 0.55322265625 0.4423828125 0.55078125 0.42578125 0.54931640625 0.4189453125 0.546875 0.4111328125 0.54931640625 0.4013671875 0.54833984375 0.3955078125 0.5458984375 0.38671875 0.544921875 0.3837890625 0.5419921875 0.37890625 0.5419921875 0.37109375 0.53955078125 0.3642578125 0.537109375 0.3662109375 0.53564453125 0.369140625 0.53564453125 0.373046875 0.5361328125 0.37890625 0.533203125 0.3837890625 0.53076171875 0.3916015625 0.52978515625 0.3984375 0.53076171875 0.408203125 0.533203125 0.4111328125
25 0.63330078125 0.4384765625 0.64208984375 0.4423828125 0.6474609375 0.4208984375 0.64697265625 0.4111328125 0.6435546875 0.4052734375 0.63720703125 0.408203125 0.63330078125 0.4189453125 0.63330078125 0.4384765625
1 0.64111328125 0.4326171875 0.63720703125 0.4404296875 0.63720703125 0.4462890625 0.6376953125 0.462890625 0.6435546875 0.4755859375 0.6474609375 0.48046875 0.65380859375 0.4833984375 0.658203125 0.4873046875 0.662109375 0.48046875 0.6748046875 0.4921875 0.6806640625 0.4931640625 0.6845703125 0.4873046875 0.669921875 0.43359375 0.669921875 0.37890625 0.65185546875 0.380859375 0.642578125 0.3857421875 0.638671875 0.388671875 0.64111328125 0.396484375 0.63720703125 0.3984375 0.63720703125 0.40625 0.64208984375 0.41015625 0.64208984375 0.4208984375 0.64111328125 0.4326171875
5 0.66064453125 0.3564453125 0.65966796875 0.349609375 0.65625 0.3486328125 0.65087890625 0.353515625 0.65185546875 0.3759765625 0.6533203125 0.3818359375 0.65625 0.3857421875 0.66064453125 0.3837890625 0.66357421875 0.3955078125 0.6630859375 0.4228515625 0.662109375 0.43359375 0.6611328125 0.4501953125 0.6630859375 0.4609375 0.66552734375 0.48046875 0.66552734375 0.4970703125 0.66552734375 0.5068359375 0.6669921875 0.5126953125 0.67724609375 0.509765625 0.67919921875 0.5068359375 0.67822265625 0.4951171875 0.681640625 0.48828125 0.69091796875 0.4931640625 0.69091796875 0.5068359375 0.69287109375 0.52734375 0.6943359375 0.53515625 0.69921875 0.537109375 0.70947265625 0.5341796875 0.732421875 0.5244140625 0.7509765625 0.40625 0.83154296875 0.37109375 0.82666015625 0.341796875 0.82080078125 0.2802734375 0.81787109375 0.2568359375 0.81298828125 0.2353515625 0.8095703125 0.2158203125 0.806640625 0.2099609375 0.79931640625 0.2099609375 0.767578125 0.2109375 0.71044921875 0.224609375 0.70068359375 0.2275390625 0.6748046875 0.2578125 0.6708984375 0.2822265625 0.66796875 0.306640625 0.6630859375 0.3544921875 0.66064453125 0.3564453125
10 0.83935546875 0.31640625 0.833984375 0.3125 0.8291015625 0.314453125 0.82568359375 0.333984375 0.82666015625 0.34375 0.837890625 0.3544921875 0.84375 0.341796875 0.83935546875 0.31640625
10 0.92822265625 0.4609375 0.9541015625 0.451171875 0.95654296875 0.4404296875 0.958984375 0.4228515625 0.958984375 0.4111328125 0.95947265625 0.3935546875 0.9638671875 0.3916015625 0.96875 0.3857421875 0.97119140625 0.3583984375 0.9677734375 0.34375 0.96533203125 0.3173828125 0.96044921875 0.3046875 0.95166015625 0.3017578125 0.95166015625 0.294921875 0.95166015625 0.28515625 0.95068359375 0.2626953125 0.94580078125 0.2568359375 0.935546875 0.259765625 0.93212890625 0.26953125 0.93408203125 0.2939453125 0.9248046875 0.306640625 0.91943359375 0.3125 0.912109375 0.3359375 0.9072265625 0.361328125 0.9111328125 0.3984375 0.92822265625 0.4609375
5 0.9677734375 0.646484375 0.9677734375 0.68359375 0.97509765625 0.751953125 0.98486328125 0.8125 0.9951171875 0.841796875 0.99951171875 0.849609375 0.99951171875 0.5341796875 0.986328125 0.5400390625 0.9765625 0.5517578125 0.96923828125 0.5947265625 0.9677734375 0.646484375
5 0.74853515625 0.376953125 0.73779296875 0.408203125 0.736328125 0.4013671875 0.72998046875 0.4033203125 0.7255859375 0.4111328125 0.72412109375 0.42578125 0.73046875 0.435546875 0.7177734375 0.451171875 0.7119140625 0.4658203125 0.7119140625 0.5 0.71435546875 0.52734375 0.716796875 0.5595703125 0.71875 0.5693359375 0.7353515625 0.5693359375 0.7373046875 0.5625 0.759765625 0.5791015625 0.76220703125 0.5986328125 0.76513671875 0.609375 0.7724609375 0.6162109375 0.78125 0.6162109375 0.79345703125 0.611328125 0.794921875 0.591796875 0.79833984375 0.58984375 0.828125 0.5810546875 0.85888671875 0.5771484375 0.89111328125 0.572265625 0.908203125 0.572265625 0.91357421875 0.5986328125 0.91796875 0.603515625 0.92822265625 0.609375 0.935546875 0.6083984375 0.94287109375 0.5947265625 0.9453125 0.583984375 0.94677734375 0.5625 0.95068359375 0.5576171875 0.955078125 0.5390625 0.95556640625 0.5166015625 0.95654296875 0.4931640625 0.953125 0.4755859375 0.953125 0.4599609375 0.953125 0.4423828125 0.9443359375 0.41796875 0.935546875 0.4013671875 0.92431640625 0.3916015625 0.916015625 0.37109375 0.8994140625 0.3466796875 0.8876953125 0.3369140625 0.86865234375 0.333984375 0.81787109375 0.3359375 0.78076171875 0.34375 0.77197265625 0.34375 0.76025390625 0.3564453125 0.74853515625 0.376953125
17 0 0.66015625 0.13134765625 0.609375 0.15576171875 0.6015625 0.2548828125 0.501953125 0.3134765625 0.482421875 0.33935546875 0.4755859375 0.37646484375 0.453125 0.3876953125 0.4462890625 0.333984375 0.4404296875 0.22412109375 0.4326171875 0 0.4794921875 0 0.66015625
1 0.52880859375 0.380859375 0.533203125 0.37890625 0.533203125 0.3662109375 0.5283203125 0.359375 0.5224609375 0.3583984375 0.51708984375 0.36328125 0.51513671875 0.373046875 0.51513671875 0.380859375 0.52099609375 0.380859375 0.52880859375 0.380859375
20 0.52978515625 0.3818359375 0.5283203125 0.376953125 0.5283203125 0.361328125 0.52587890625 0.3583984375 0.5244140625 0.36328125 0.52490234375 0.380859375 0.5224609375 0.3837890625 0.52880859375 0.3857421875 0.52978515625 0.3818359375
20 0.51220703125 0.388671875 0.51220703125 0.3818359375 0.51025390625 0.3818359375 0.51025390625 0.3642578125 0.50830078125 0.359375 0.50634765625 0.3642578125 0.50634765625 0.3837890625 0.5048828125 0.38671875 0.5048828125 0.388671875 0.51220703125 0.388671875
10 0.50244140625 0.376953125 0.50146484375 0.3662109375 0.50244140625 0.3583984375 0.50146484375 0.353515625 0.5 0.3515625 0.4990234375 0.3466796875 0.49853515625 0.3447265625 0.49658203125 0.3466796875 0.49658203125 0.3515625 0.4951171875 0.3583984375 0.49609375 0.3642578125 0.49755859375 0.376953125 0.50244140625 0.376953125
20 0.50341796875 0.390625 0.50341796875 0.3857421875 0.50146484375 0.3857421875 0.5009765625 0.3642578125 0.49755859375 0.36328125 0.49755859375 0.390625 0.50341796875 0.390625
11 0.4638671875 0.3818359375 0.46875 0.37890625 0.47119140625 0.376953125 0.47119140625 0.36328125 0.47021484375 0.359375 0.46923828125 0.3544921875 0.466796875 0.3544921875 0.466796875 0.359375 0.46630859375 0.3564453125 0.46533203125 0.353515625 0.4638671875 0.3544921875 0.4638671875 0.359375 0.4619140625 0.36328125 0.4619140625 0.3740234375 0.4638671875 0.3818359375
10 0.45166015625 0.361328125 0.45166015625 0.38671875 0.45654296875 0.3857421875 0.458984375 0.373046875 0.4580078125 0.3642578125 0.45654296875 0.361328125 0.45654296875 0.3564453125 0.455078125 0.353515625 0.45263671875 0.3544921875 0.45166015625 0.361328125
19 0.4912109375 0.2294921875 0.48779296875 0.224609375 0.4853515625 0.23046875 0.486328125 0.2578125 0.48779296875 0.2568359375 0.4912109375 0.251953125 0.4912109375 0.2294921875
12 0.45166015625 0.3095703125 0.45166015625 0.28515625 0.4541015625 0.267578125 0.45654296875 0.259765625 0.45947265625 0.25 0.46533203125 0.2451171875 0.47265625 0.240234375 0.4775390625 0.23828125 0.48291015625 0.2353515625 0.48876953125 0.2353515625 0.48876953125 0.232421875 0.4853515625 0.232421875 0.47802734375 0.232421875 0.4716796875 0.2353515625 0.47119140625 0.23046875 0.46875 0.23046875 0.46875 0.232421875 0.46923828125 0.2373046875 0.46533203125 0.23828125 0.46142578125 0.2431640625 0.46044921875 0.2421875 0.45947265625 0.2373046875 0.45947265625 0.2275390625 0.458984375 0.224609375 0.458984375 0.2470703125 0.45654296875 0.25 0.45263671875 0.26171875 0.44921875 0.275390625 0.4482421875 0.306640625 0.44921875 0.3447265625 0.4501953125 0.3984375 0.453125 0.400390625 0.45263671875 0.359375 0.45166015625 0.3095703125
19 0.455078125 0.3359375 0.455078125 0.3193359375 0.455078125 0.31640625 0.45263671875 0.314453125 0.45068359375 0.3173828125 0.44775390625 0.3173828125 0.4453125 0.322265625 0.4482421875 0.3388671875 0.4541015625 0.3388671875 0.455078125 0.3359375
20 0.46142578125 0.396484375 0.46142578125 0.3955078125 0.45947265625 0.3935546875 0.45947265625 0.3681640625 0.45703125 0.3681640625 0.45556640625 0.37109375 0.45556640625 0.3955078125 0.4541015625 0.396484375 0.4580078125 0.400390625 0.46142578125 0.396484375
11 0.41796875 0.376953125 0.421875 0.3837890625 0.421875 0.3583984375 0.41796875 0.359375 0.416015625 0.3564453125 0.41552734375 0.359375 0.412109375 0.3583984375 0.4111328125 0.359375 0.40869140625 0.359375 0.4072265625 0.3515625 0.40576171875 0.349609375 0.40478515625 0.3564453125 0.40380859375 0.36328125 0.40185546875 0.359375 0.40087890625 0.3564453125 0.3994140625 0.3583984375 0.3974609375 0.3642578125 0.39697265625 0.3837890625 0.3994140625 0.3916015625 0.4072265625 0.3916015625 0.40869140625 0.388671875 0.41455078125 0.388671875 0.41796875 0.376953125
19 0.33203125 0.3388671875 0.3369140625 0.3388671875 0.34033203125 0.333984375 0.34375 0.3310546875 0.3427734375 0.322265625 0.34033203125 0.3193359375 0.341796875 0.31640625 0.34033203125 0.3115234375 0.33203125 0.3095703125 0.328125 0.3115234375 0.328125 0.322265625 0.33154296875 0.322265625 0.33203125 0.3388671875
10 0.34130859375 0.4287109375 0.34423828125 0.4375 0.34423828125 0.4384765625 0.34521484375 0.4462890625 0.34619140625 0.4482421875 0.34765625 0.4453125 0.34765625 0.435546875 0.3466796875 0.43359375 0.34423828125 0.4228515625 0.34423828125 0.41796875 0.34619140625 0.408203125 0.34521484375 0.400390625 0.34521484375 0.3935546875 0.34619140625 0.3857421875 0.34423828125 0.37109375 0.341796875 0.3681640625 0.34033203125 0.361328125 0.3388671875 0.3544921875 0.33544921875 0.3544921875 0.33203125 0.361328125 0.32177734375 0.37109375 0.33447265625 0.4189453125 0.34130859375 0.4287109375
10 0.2216796875 0.3583984375 0.22265625 0.3681640625 0.22509765625 0.3935546875 0.236328125 0.369140625 0.23046875 0.359375 0.22802734375 0.3515625 0.22509765625 0.3515625 0.2216796875 0.3583984375
5 0.2451171875 0.3359375 0.23974609375 0.3369140625 0.236328125 0.34375 0.22412109375 0.373046875 0.22412109375 0.3662109375 0.21923828125 0.3681640625 0.216796875 0.373046875 0.216796875 0.380859375 0.21923828125 0.388671875 0.2119140625 0.4111328125 0.21142578125 0.41796875 0.21044921875 0.4453125 0.20947265625 0.4462890625 0.2080078125 0.451171875 0.2080078125 0.4580078125 0.20947265625 0.46484375 0.2138671875 0.4794921875 0.21435546875 0.4873046875 0.21533203125 0.4970703125 0.21630859375 0.5029296875 0.2255859375 0.5029296875 0.2275390625 0.5 0.22802734375 0.4931640625 0.22900390625 0.4853515625 0.23046875 0.4853515625 0.2412109375 0.4873046875 0.27978515625 0.4873046875 0.2822265625 0.48828125 0.287109375 0.490234375 0.2880859375 0.4970703125 0.2880859375 0.5029296875 0.28955078125 0.5068359375 0.296875 0.5068359375 0.2998046875 0.5048828125 0.30078125 0.5 0.3017578125 0.4951171875 0.3017578125 0.48046875 0.31787109375 0.4755859375 0.3193359375 0.4794921875 0.32275390625 0.4794921875 0.3232421875 0.48828125 0.3251953125 0.4921875 0.333984375 0.490234375 0.33544921875 0.4853515625 0.33642578125 0.4794921875 0.33642578125 0.4658203125 0.3369140625 0.46484375 0.33935546875 0.4609375 0.34033203125 0.4560546875 0.34130859375 0.443359375 0.34033203125 0.4384765625 0.34033203125 0.4326171875 0.33935546875 0.4033203125 0.33544921875 0.36328125 0.3330078125 0.3447265625 0.32568359375 0.33984375 0.30419921875 0.3359375 0.283203125 0.333984375 0.27587890625 0.333984375 0.2587890625 0.333984375 0.2451171875 0.3359375
10 0.1748046875 0.4013671875 0.17431640625 0.41796875 0.17431640625 0.4453125 0.1796875 0.48046875 0.1982421875 0.4560546875 0.1982421875 0.4384765625 0.19775390625 0.427734375 0.20263671875 0.42578125 0.20166015625 0.41796875 0.2001953125 0.4033203125 0.20166015625 0.396484375 0.20068359375 0.3935546875 0.19921875 0.3857421875 0.19677734375 0.376953125 0.193359375 0.37109375 0.19091796875 0.3681640625 0.1904296875 0.361328125 0.1884765625 0.353515625 0.185546875 0.3486328125 0.18310546875 0.3466796875 0.18212890625 0.3486328125 0.18212890625 0.3515625 0.1796875 0.3564453125 0.17919921875 0.361328125 0.17724609375 0.37109375 0.17578125 0.38671875 0.1748046875 0.4013671875
10 0.0244140625 0.349609375 0.0234375 0.3447265625 0.02490234375 0.333984375 0.02490234375 0.326171875 0.0224609375 0.3212890625 0.017578125 0.3193359375 0.0126953125 0.326171875 0.01220703125 0.333984375 0.0126953125 0.341796875 0.0146484375 0.3486328125 0.01611328125 0.3544921875 0.0126953125 0.359375 0.00830078125 0.36328125 0.00732421875 0.373046875 0.005859375 0.3818359375 0.00634765625 0.3857421875 0.00830078125 0.390625 0.0244140625 0.4306640625 0.04052734375 0.4033203125 0.03857421875 0.3818359375 0.0380859375 0.369140625 0.03369140625 0.3583984375 0.0244140625 0.349609375
0 0.12744140625 0.556640625 0.138671875 0.56640625 0.138671875 0.556640625 0.13720703125 0.5439453125 0.1376953125 0.544921875 0.1435546875 0.5517578125 0.1494140625 0.5517578125 0.15185546875 0.546875 0.1533203125 0.537109375 0.1572265625 0.5419921875 0.16357421875 0.5400390625 0.169921875 0.5390625 0.1767578125 0.53515625 0.1796875 0.529296875 0.181640625 0.529296875 0.1845703125 0.5419921875 0.18798828125 0.5537109375 0.19189453125 0.5537109375 0.19189453125 0.544921875 0.19091796875 0.537109375 0.19580078125 0.5390625 0.20556640625 0.5341796875 0.20947265625 0.5205078125 0.2080078125 0.5048828125 0.205078125 0.490234375 0.20703125 0.4921875 0.20654296875 0.4794921875 0.203125 0.4697265625 0.20263671875 0.4609375 0.2001953125 0.4560546875 0.20166015625 0.455078125 0.20166015625 0.4462890625 0.19775390625 0.4404296875 0.203125 0.4375 0.205078125 0.43359375 0.1953125 0.4326171875 0.1904296875 0.4287109375 0.18701171875 0.4208984375 0.18310546875 0.416015625 0.1806640625 0.4033203125 0.17236328125 0.41796875 0.16845703125 0.4228515625 0.1611328125 0.423828125 0.1572265625 0.4208984375 0.15234375 0.4208984375 0.1533203125 0.41015625 0.1484375 0.400390625 0.1474609375 0.3955078125 0.15185546875 0.388671875 0.14599609375 0.376953125 0.14208984375 0.3935546875 0.13525390625 0.408203125 0.13232421875 0.416015625 0.1298828125 0.4228515625 0.11865234375 0.427734375 0.1123046875 0.4228515625 0.10498046875 0.4287109375 0.0927734375 0.4931640625 0.111328125 0.5390625 0.12744140625 0.556640625
5 0 0.6259765625 0.0244140625 0.6083984375 0.02685546875 0.6083984375 0.037109375 0.6044921875 0.03857421875 0.6181640625 0.04296875 0.626953125 0.0458984375 0.630859375 0.0546875 0.630859375 0.064453125 0.62109375 0.068359375 0.603515625 0.0703125 0.5859375 0.0703125 0.5625 0.07275390625 0.5400390625 0.07421875 0.51953125 0.0693359375 0.5068359375 0.06689453125 0.4794921875 0.06298828125 0.4599609375 0.05810546875 0.4453125 0.0458984375 0.41015625 0.03955078125 0.3984375 0.02587890625 0.3916015625 0.0087890625 0.390625 0 0.388671875 0 0.3935546875 0 0.6259765625
14 0.412109375 0.38671875 0.41357421875 0.388671875 0.4130859375 0.396484375 0.41357421875 0.41015625 0.41552734375 0.40625 0.41357421875 0.4189453125 0.41552734375 0.423828125 0.41845703125 0.427734375 0.4208984375 0.427734375 0.4208984375 0.41796875 0.4208984375 0.4111328125 0.419921875 0.408203125 0.419921875 0.4052734375 0.421875 0.3984375 0.421875 0.3955078125 0.4208984375 0.3740234375 0.41796875 0.3681640625 0.41796875 0.36328125 0.41552734375 0.361328125 0.4130859375 0.3642578125 0.4111328125 0.369140625 0.40869140625 0.373046875 0.40576171875 0.390625 0.40625 0.396484375 0.40966796875 0.390625 0.41064453125 0.390625 0.412109375 0.38671875
0 0.408203125 0.42578125 0.408203125 0.4375 0.40869140625 0.443359375 0.4111328125 0.4423828125 0.412109375 0.435546875 0.416015625 0.43359375 0.416015625 0.4384765625 0.41845703125 0.4423828125 0.4208984375 0.4404296875 0.4208984375 0.4326171875 0.421875 0.4228515625 0.421875 0.40625 0.419921875 0.40625 0.4208984375 0.41796875 0.4208984375 0.42578125 0.419921875 0.427734375 0.41943359375 0.423828125 0.41845703125 0.41796875 0.41796875 0.4130859375 0.416015625 0.40625 0.416015625 0.400390625 0.41796875 0.400390625 0.416015625 0.396484375 0.408203125 0.3955078125 0.40625 0.3984375 0.412109375 0.400390625 0.4111328125 0.40625 0.40966796875 0.4111328125 0.40869140625 0.4208984375 0.408203125 0.42578125
14 0.38720703125 0.40625 0.38720703125 0.4189453125 0.38623046875 0.4375 0.38720703125 0.453125 0.38720703125 0.462890625 0.388671875 0.46484375 0.3896484375 0.46484375 0.39013671875 0.453125 0.39013671875 0.4375 0.39208984375 0.41015625 0.392578125 0.4052734375 0.39453125 0.4052734375 0.39697265625 0.4189453125 0.39599609375 0.4306640625 0.39697265625 0.4404296875 0.40087890625 0.4384765625 0.39990234375 0.435546875 0.3994140625 0.4287109375 0.40087890625 0.4140625 0.40185546875 0.41015625 0.40087890625 0.400390625 0.4033203125 0.380859375 0.40234375 0.373046875 0.40185546875 0.369140625 0.3974609375 0.3662109375 0.3974609375 0.3564453125 0.39501953125 0.353515625 0.392578125 0.3515625 0.39013671875 0.3544921875 0.39111328125 0.359375 0.39111328125 0.3662109375 0.388671875 0.3681640625 0.38623046875 0.37109375 0.384765625 0.376953125 0.38623046875 0.38671875 0.38720703125 0.3984375 0.38720703125 0.40625
0 0.39111328125 0.4375 0.39013671875 0.4560546875 0.39208984375 0.4677734375 0.3935546875 0.4697265625 0.39453125 0.46484375 0.39501953125 0.451171875 0.39501953125 0.4287109375 0.39501953125 0.4130859375 0.39697265625 0.4111328125 0.40087890625 0.4111328125 0.3994140625 0.40625 0.39208984375 0.40625 0.3896484375 0.40625 0.3876953125 0.41015625 0.39111328125 0.4111328125 0.392578125 0.41796875 0.39208984375 0.427734375 0.39111328125 0.4375
14 0.244140625 0.42578125 0.24853515625 0.4052734375 0.2490234375 0.4111328125 0.2490234375 0.4326171875 0.24853515625 0.4423828125 0.24658203125 0.4482421875 0.244140625 0.47265625 0.24658203125 0.5126953125 0.24609375 0.537109375 0.25390625 0.537109375 0.2646484375 0.4921875 0.26708984375 0.5068359375 0.267578125 0.5244140625 0.267578125 0.5419921875 0.27099609375 0.576171875 0.27099609375 0.58203125 0.2724609375 0.58984375 0.27587890625 0.58203125 0.27587890625 0.572265625 0.27490234375 0.5595703125 0.27685546875 0.5595703125 0.27685546875 0.5439453125 0.27685546875 0.5205078125 0.27587890625 0.501953125 0.27734375 0.4560546875 0.28076171875 0.453125 0.28125 0.4404296875 0.28125 0.4228515625 0.2783203125 0.408203125 0.27490234375 0.390625 0.27099609375 0.3818359375 0.2685546875 0.373046875 0.26611328125 0.361328125 0.2626953125 0.349609375 0.25732421875 0.3447265625 0.2490234375 0.349609375 0.24755859375 0.3759765625 0.2451171875 0.3837890625 0.24267578125 0.38671875 0.240234375 0.400390625 0.2373046875 0.4208984375 0.23291015625 0.4404296875 0.232421875 0.455078125 0.24169921875 0.4423828125 0.244140625 0.42578125
0 0.24755859375 0.6015625 0.2490234375 0.61328125 0.25146484375 0.6162109375 0.255859375 0.6162109375 0.25732421875 0.6064453125 0.25830078125 0.5869140625 0.26220703125 0.5791015625 0.2626953125 0.5947265625 0.26611328125 0.6015625 0.27001953125 0.5947265625 0.26953125 0.572265625 0.26953125 0.5517578125 0.267578125 0.529296875 0.26708984375 0.5078125 0.26513671875 0.4921875 0.26611328125 0.4833984375 0.26611328125 0.4599609375 0.267578125 0.4482421875 0.27197265625 0.443359375 0.27490234375 0.4423828125 0.2734375 0.43359375 0.27099609375 0.4375 0.26953125 0.4384765625 0.2626953125 0.4423828125 0.2451171875 0.4462890625 0.23974609375 0.443359375 0.23388671875 0.4453125 0.23486328125 0.4501953125 0.23486328125 0.455078125 0.236328125 0.462890625 0.240234375 0.47265625 0.24169921875 0.490234375 0.2451171875 0.490234375 0.24658203125 0.5068359375 0.244140625 0.529296875 0.244140625 0.5576171875 0.24609375 0.591796875 0.24755859375 0.6015625