16 0 0.998046875 0.99951171875 0.9990234375 0.99951171875 0.6650390625 0.50146484375 0.314453125 0.2314453125 0.431640625 0 0.6083984375 0 0.998046875
17 0.5185546875 0.427734375 0.5 0.4140625 0.3681640625 0.3935546875 0.35205078125 0.419921875 0.36669921875 0.439453125 0.3720703125 0.435546875 0.47900390625 0.435546875 0.5283203125 0.4365234375 0.5185546875 0.427734375
17 0.4267578125 0.45703125 0.3828125 0.4541015625 0.34716796875 0.44921875 0.27685546875 0.4443359375 0.1884765625 0.4658203125 0.1845703125 0.56640625 0.22705078125 0.5712890625 0.4228515625 0.46484375 0.4267578125 0.4609375 0.4267578125 0.45703125
17 0.99951171875 0.54296875 0.99951171875 0.447265625 0.9345703125 0.439453125 0.7978515625 0.4287109375 0.67822265625 0.41796875 0.6435546875 0.447265625 0.671875 0.4814453125 0.83251953125 0.5908203125 0.8818359375 0.626953125 0.9990234375 0.705078125 0.99951171875 0.5537109375 0.99951171875 0.5498046875 0.99951171875 0.54296875
3 0 0 0 0.5107421875 0.20068359375 0.5087890625 0.29296875 0.4755859375 0.3671875 0.4541015625 0.37060546875 0.4541015625 0.3720703125 0.4287109375 0.3720703125 0.427734375 0.4921875 0.4287109375 0.56884765625 0.4228515625 0.666015625 0.470703125 0.70361328125 0.46875 0.73828125 0.4736328125 0.796875 0.501953125 0.83251953125 0.5166015625 0.837890625 0.5048828125 0.912109375 0.5419921875 0.93359375 0.5400390625 0.96142578125 0.5400390625 0.99560546875 0.521484375 0.99951171875 0.46875 0.99951171875 0 0 0
12 0.5732421875 0.33203125 0.57177734375 0.33984375 0.57421875 0.412109375 0.576171875 0.4150390625 0.5732421875 0.33203125
20 0.5693359375 0.3251953125 0.57177734375 0.3271484375 0.576171875 0.3251953125 0.580078125 0.314453125 0.580078125 0.3115234375 0.57958984375 0.3056640625 0.5771484375 0.2998046875 0.57470703125 0.2978515625 0.57177734375 0.2958984375 0.56884765625 0.2978515625 0.56494140625 0.3056640625 0.56396484375 0.3134765625 0.56494140625 0.318359375 0.5654296875 0.3212890625 0.5693359375 0.3251953125
20 0.57958984375 0.3271484375 0.56494140625 0.3271484375 0.56494140625 0.34375 0.5810546875 0.34375 0.580078125 0.3291015625 0.57958984375 0.3271484375
20 0.5947265625 0.2822265625 0.59326171875 0.2822265625 0.576171875 0.2822265625 0.57470703125 0.28515625 0.58349609375 0.314453125 0.58740234375 0.314453125 0.58935546875 0.3037109375 0.5947265625 0.2822265625
20 0.59326171875 0.3271484375 0.587890625 0.3251953125 0.5810546875 0.3291015625 0.57861328125 0.3330078125 0.57861328125 0.33984375 0.5810546875 0.34375 0.58642578125 0.34765625 0.59033203125 0.345703125 0.591796875 0.3408203125 0.591796875 0.3359375 0.59326171875 0.3271484375
20 0.5986328125 0.3271484375 0.58642578125 0.287109375 0.58544921875 0.2890625 0.57421875 0.3349609375 0.595703125 0.3349609375 0.59814453125 0.33203125 0.5986328125 0.3271484375
25 0.55029296875 0 0.5478515625 0.015625 0.5478515625 0.0244140625 0.54638671875 0.0458984375 0.544921875 0.052734375 0.544921875 0.060546875 0.5439453125 0.06640625 0.54296875 0.072265625 0.544921875 0.0771484375 0.544921875 0.08203125 0.544921875 0.0859375 0.544921875 0.0927734375 0.544921875 0.095703125 0.544921875 0.0986328125 0.5478515625 0.1005859375 0.55078125 0.103515625 0.5556640625 0.1083984375 0.55419921875 0.119140625 0.55224609375 0.1298828125 0.55322265625 0.140625 0.55419921875 0.1455078125 0.5517578125 0.1494140625 0.55078125 0.1591796875 0.55078125 0.169921875 0.55419921875 0.1708984375 0.55224609375 0.17578125 0.55224609375 0.1806640625 0.55078125 0.1884765625 0.55078125 0.19140625 0.55029296875 0.2001953125 0.55029296875 0.205078125 0.55322265625 0.205078125 0.55615234375 0.20703125 0.55615234375 0.2109375 0.55712890625 0.21484375 0.56005859375 0.2177734375 0.56494140625 0.2177734375 0.56640625 0.21484375 0.57080078125 0.2109375 0.57080078125 0.220703125 0.56787109375 0.2294921875 0.56787109375 0.234375 0.56640625 0.2421875 0.56884765625 0.248046875 0.57568359375 0.25 0.57861328125 0.25 0.58251953125 0.248046875 0.5849609375 0.2470703125 0.58203125 0.2626953125 0.5849609375 0.2685546875 0.58935546875 0.265625 0.591796875 0.2744140625 0.59326171875 0.279296875 0.59326171875 0.287109375 0.5947265625 0.2900390625 0.5966796875 0.2900390625 0.59814453125 0.2958984375 0.59814453125 0.2978515625 0.595703125 0.306640625 0.59716796875 0.318359375 0.60009765625 0.3212890625 0.60107421875 0.3720703125 0.61572265625 0.3544921875 0.61474609375 0.3271484375 0.6181640625 0.3212890625 0.6181640625 0.314453125 0.61865234375 0.3134765625 0.62060546875 0.310546875 0.62060546875 0.306640625 0.61865234375 0.3056640625 0.6181640625 0.30078125 0.62060546875 0.2958984375 0.6181640625 0.29296875 0.61865234375 0.279296875 0.6181640625 0.2744140625 0.61865234375 0.265625 0.61865234375 0.2607421875 0.61865234375 0.2548828125 0.62109375 0.2548828125 0.62353515625 0.251953125 0.6240234375 0.2470703125 0.625 0.244140625 0.62353515625 0.2392578125 0.62353515625 0.2333984375 0.6279296875 0.2294921875 0.6357421875 0.2255859375 0.63525390625 0.2158203125 0.63427734375 0.2109375 0.63525390625 0.2041015625 0.63671875 0.2021484375 0.63818359375 0.2021484375 0.642578125 0.20703125 0.64892578125 0.2177734375 0.64599609375 0.2236328125 0.64453125 0.2265625 0.64599609375 0.2333984375 0.646484375 0.234375 0.65185546875 0.236328125 0.6591796875 0.2265625 0.66796875 0.2451171875 0.66796875 0.2666015625 0.6689453125 0.28125 0.67138671875 0.287109375 0.671875 0.5078125 0.6728515625 0.513671875 0.68212890625 0.515625 0.6796875 0.2890625 0.6796875 0.2421875 0.68212890625 0.244140625 0.6845703125 0.2470703125 0.6865234375 0.25 0.69140625 0.2451171875 0.69140625 0.2412109375 0.6875 0.2333984375 0.68603515625 0.2294921875 0.68603515625 0.2255859375 0.6875 0.220703125 0.68603515625 0.21875 0.6845703125 0.2109375 0.6875 0.2080078125 0.68994140625 0.21484375 0.69140625 0.2158203125 0.69580078125 0.2158203125 0.69580078125 0.21484375 0.6943359375 0.205078125 0.69677734375 0.2001953125 0.69580078125 0.19921875 0.69384765625 0.197265625 0.69189453125 0.1962890625 0.6943359375 0.193359375 0.69580078125 0.1884765625 0.70068359375 0.1962890625 0.70361328125 0.20703125 0.7021484375 0.2109375 0.70361328125 0.220703125 0.70703125 0.220703125 0.7099609375 0.2158203125 0.70751953125 0.2294921875 0.70751953125 0.2412109375 0.70361328125 0.2470703125 0.70361328125 0.255859375 0.70751953125 0.2587890625 0.7060546875 0.5263671875 0.70703125 0.5322265625 0.7197265625 0.5390625 0.71826171875 0.2529296875 0.71826171875 0.244140625 0.7197265625 0.2412109375 0.72216796875 0.236328125 0.7216796875 0.2314453125 0.71826171875 0.2265625 0.7197265625 0.22265625 0.72314453125 0.2236328125 0.728515625 0.2265625 0.72998046875 0.2265625 0.72900390625 0.220703125 0.72705078125 0.21484375 0.72314453125 0.2109375 0.7197265625 0.21484375 0.71826171875 0.2109375 0.7197265625 0.2041015625 0.72216796875 0.1962890625 0.7216796875 0.19140625 0.71923828125 0.185546875 0.7216796875 0.181640625 0.724609375 0.185546875 0.7275390625 0.1787109375 0.728515625 0.177734375 0.72998046875 0.1748046875 0.73291015625 0.1708984375 0.73779296875 0.1728515625 0.7392578125 0.17578125 0.7421875 0.1787109375 0.74365234375 0.177734375 0.74609375 0.1884765625 0.74853515625 0.177734375 0.7509765625 0.17578125 0.75244140625 0.1748046875 0.7568359375 0.181640625 0.76025390625 0.181640625 0.75927734375 0.1728515625 0.75830078125 0.16796875 0.75634765625 0.1650390625 0.7568359375 0.1591796875 0.7607421875 0.1572265625 0.765625 0.1591796875 0.76708984375 0.1669921875 0.76708984375 0.169921875 0.7685546875 0.1787109375 0.77099609375 0.1806640625 0.7763671875 0.185546875 0.7783203125 0.185546875 0.77685546875 0.17578125 0.77392578125 0.1728515625 0.77392578125 0.16796875 0.77294921875 0.1669921875 0.77490234375 0.1640625 0.779296875 0.1640625 0.78076171875 0.1650390625 0.783203125 0.1650390625 0.78466796875 0.1748046875 0.78955078125 0.1728515625 0.791015625 0.1728515625 0.7939453125 0.177734375 0.798828125 0.1708984375 0.798828125 0.1669921875 0.80224609375 0.16796875 0.80322265625 0.1728515625 0.8056640625 0.1708984375 0.8056640625 0.1650390625 0.8046875 0.16015625 0.8095703125 0.162109375 0.8095703125 0.1572265625 0.8095703125 0.1494140625 0.81494140625 0.1455078125 0.81640625 0.1494140625 0.82177734375 0.1494140625 0.826171875 0.1513671875 0.8271484375 0.1494140625 0.826171875 0.1376953125 0.8310546875 0.1337890625 0.82958984375 0.1298828125 0.830078125 0.125 0.833984375 0.130859375 0.83740234375 0.130859375 0.8408203125 0.1337890625 0.8427734375 0.130859375 0.84716796875 0.125 0.845703125 0.1162109375 0.853515625 0.1142578125 0.85205078125 0.1064453125 0.85205078125 0.1005859375 0.8525390625 0.09375 0.853515625 0.0908203125 0.85546875 0.087890625 0.857421875 0.0859375 0.8603515625 0.0849609375 0.86279296875 0.0791015625 0.861328125 0.068359375 0.85888671875 0.060546875 0.85546875 0.05859375 0.85400390625 0.0537109375 0.853515625 0.0478515625 0.85107421875 0.0419921875 0.85205078125 0.0390625 0.85400390625 0.03515625 0.85888671875 0.0341796875 0.86474609375 0.0341796875 0.86328125 0.0234375 0.86181640625 0.0205078125 0.857421875 0.013671875 0.8525390625 0.013671875 0.8486328125 0 0.84326171875 0 0.55322265625 0 0.55029296875 0
10 0.68994140625 0.4677734375 0.69091796875 0.4619140625 0.6884765625 0.458984375 0.689453125 0.447265625 0.6943359375 0.44140625 0.6923828125 0.37890625 0.6923828125 0.3623046875 0.6865234375 0.349609375 0.68310546875 0.349609375 0.68212890625 0.361328125 0.68359375 0.3701171875 0.6806640625 0.3740234375 0.6806640625 0.4658203125 0.6845703125 0.46875 0.68994140625 0.4677734375
20 0.57568359375 0.4287109375 0.5732421875 0.4580078125 0.57958984375 0.46484375 0.57861328125 0.4306640625 0.57568359375 0.4287109375
20 0.61572265625 0.5029296875 0.61865234375 0.5048828125 0.6181640625 0.4912109375 0.6240234375 0.484375 0.62353515625 0.3779296875 0.6103515625 0.3779296875 0.609375 0.3798828125 0.60888671875 0.4794921875 0.60888671875 0.484375 0.61474609375 0.4892578125 0.61572265625 0.5029296875
20 0.671875 0.234375 0.67724609375 0.220703125 0.67822265625 0.21484375 0.67529296875 0.212890625 0.67431640625 0.2080078125 0.67578125 0.1962890625 0.6767578125 0.1943359375 0.6767578125 0.19140625 0.67138671875 0.177734375 0.66748046875 0.1806640625 0.666015625 0.177734375 0.66357421875 0.17578125 0.654296875 0.1748046875 0.64892578125 0.185546875 0.64599609375 0.193359375 0.64453125 0.205078125 0.6435546875 0.2109375 0.64794921875 0.2294921875 0.6552734375 0.2421875 0.6689453125 0.244140625 0.671875 0.234375
12 0.662109375 0.255859375 0.65966796875 0.265625 0.6611328125 0.427734375 0.66455078125 0.443359375 0.66455078125 0.3916015625 0.662109375 0.255859375
20 0.67822265625 0.2392578125 0.67529296875 0.2392578125 0.646484375 0.2392578125 0.64599609375 0.244140625 0.64599609375 0.2763671875 0.67724609375 0.2763671875 0.67919921875 0.2744140625 0.67822265625 0.2392578125
20 0.669921875 0.3955078125 0.669921875 0.390625 0.65283203125 0.388671875 0.6513671875 0.3955078125 0.6513671875 0.3984375 0.650390625 0.52734375 0.66357421875 0.529296875 0.6689453125 0.529296875 0.669921875 0.3955078125
10 0.78759765625 0.41796875 0.78759765625 0.3916015625 0.783203125 0.3662109375 0.77490234375 0.3583984375 0.77392578125 0.34765625 0.7724609375 0.337890625 0.76953125 0.3349609375 0.76611328125 0.3349609375 0.76220703125 0.34375 0.765625 0.359375 0.76171875 0.3642578125 0.76220703125 0.4228515625 0.7607421875 0.4443359375 0.76318359375 0.5 0.76220703125 0.5029296875 0.7646484375 0.505859375 0.77099609375 0.5078125 0.76953125 0.470703125 0.7685546875 0.447265625 0.77001953125 0.44140625 0.77392578125 0.478515625 0.7763671875 0.4970703125 0.779296875 0.505859375 0.7822265625 0.5048828125 0.7841796875 0.4794921875 0.783203125 0.4287109375 0.78564453125 0.4248046875 0.78759765625 0.41796875
5 0.96142578125 0.6005859375 0.966796875 0.59765625 0.978515625 0.6064453125 0.99462890625 0.6142578125 0.99951171875 0.6220703125 0.99951171875 0.4599609375 0.98779296875 0.4658203125 0.9736328125 0.47265625 0.96435546875 0.486328125 0.95703125 0.5 0.94580078125 0.53125 0.951171875 0.556640625 0.95361328125 0.5771484375 0.96142578125 0.6005859375
23 0.484375 0.447265625 0.484375 0.4501953125 0.4853515625 0.4541015625 0.48828125 0.4541015625 0.49169921875 0.4521484375 0.4921875 0.4521484375 0.4931640625 0.4541015625 0.4970703125 0.4541015625 0.4970703125 0.4443359375 0.4990234375 0.443359375 0.52490234375 0.4443359375 0.52490234375 0.4501953125 0.525390625 0.4541015625 0.53076171875 0.4541015625 0.5361328125 0.4521484375 0.5361328125 0.4443359375 0.537109375 0.439453125 0.54248046875 0.439453125 0.54248046875 0.431640625 0.54150390625 0.4306640625 0.54150390625 0.4248046875 0.54248046875 0.4228515625 0.54541015625 0.4228515625 0.54541015625 0.41796875 0.54296875 0.4150390625 0.54296875 0.41015625 0.5478515625 0.4091796875 0.546875 0.404296875 0.546875 0.29296875 0.544921875 0.294921875 0.48681640625 0.29296875 0.47607421875 0.302734375 0.47509765625 0.306640625 0.474609375 0.3564453125 0.4736328125 0.3583984375 0.47314453125 0.3544921875 0.47216796875 0.353515625 0.4716796875 0.353515625 0.46923828125 0.3544921875 0.46923828125 0.3583984375 0.46923828125 0.3701171875 0.4697265625 0.3779296875 0.47216796875 0.3779296875 0.47314453125 0.375 0.47314453125 0.3623046875 0.474609375 0.361328125 0.474609375 0.4091796875 0.47607421875 0.412109375 0.47607421875 0.443359375 0.478515625 0.447265625 0.4814453125 0.4462890625 0.48388671875 0.447265625 0.484375 0.447265625
12 0.40673828125 0.0908203125 0.4013671875 0.0908203125 0.39990234375 0.4599609375 0.39990234375 0.4609375 0.4033203125 0.4609375 0.40283203125 0.09765625 0.40673828125 0.0986328125 0.4072265625 0.1015625 0.42431640625 0.103515625 0.42822265625 0.103515625 0.42578125 0.09375 0.4189453125 0.087890625 0.4072265625 0.0859375 0.40673828125 0.0908203125
20 0.40185546875 0.2978515625 0.39794921875 0.30078125 0.39453125 0.306640625 0.39501953125 0.322265625 0.39794921875 0.33203125 0.40283203125 0.3330078125 0.4072265625 0.330078125 0.41064453125 0.3193359375 0.40966796875 0.30859375 0.40576171875 0.30078125 0.40185546875 0.2978515625
10 0.37939453125 0.447265625 0.38134765625 0.443359375 0.38427734375 0.4365234375 0.3857421875 0.4365234375 0.38671875 0.455078125 0.388671875 0.455078125 0.3935546875 0.4541015625 0.3935546875 0.4501953125 0.39208984375 0.447265625 0.390625 0.4384765625 0.3896484375 0.4150390625 0.3896484375 0.3955078125 0.390625 0.3857421875 0.39111328125 0.380859375 0.39208984375 0.3779296875 0.3896484375 0.3720703125 0.38671875 0.3701171875 0.38525390625 0.380859375 0.38330078125 0.3837890625 0.38037109375 0.390625 0.38037109375 0.41015625 0.3828125 0.419921875 0.38330078125 0.42578125 0.37646484375 0.443359375 0.3740234375 0.4443359375 0.3759765625 0.4501953125 0.3779296875 0.4541015625 0.37890625 0.4521484375 0.37939453125 0.447265625
20 0.3857421875 0.2841796875 0.3857421875 0.28125 0.3828125 0.27734375 0.36328125 0.28125 0.361328125 0.2822265625 0.36181640625 0.33203125 0.3857421875 0.330078125 0.38671875 0.330078125 0.3857421875 0.2841796875
12 0.3857421875 0.2822265625 0.38818359375 0.462890625 0.390625 0.462890625 0.38818359375 0.2822265625 0.3857421875 0.2822265625
12 0.2470703125 0 0.24609375 0.0048828125 0.2490234375 0.521484375 0.2568359375 0.5244140625 0.2529296875 0 0.2470703125 0
10 0.27490234375 0.4912109375 0.275390625 0.5087890625 0.27392578125 0.5234375 0.2783203125 0.5244140625 0.28076171875 0.5205078125 0.28173828125 0.5048828125 0.28173828125 0.4765625 0.28076171875 0.470703125 0.28076171875 0.462890625 0.2822265625 0.45703125 0.28759765625 0.443359375 0.28857421875 0.4365234375 0.2822265625 0.4228515625 0.2841796875 0.4150390625 0.2841796875 0.4072265625 0.28173828125 0.3916015625 0.279296875 0.3837890625 0.279296875 0.380859375 0.27490234375 0.375 0.27490234375 0.3701171875 0.27783203125 0.3671875 0.27783203125 0.3662109375 0.27685546875 0.3544921875 0.27392578125 0.34765625 0.27001953125 0.3486328125 0.267578125 0.34765625 0.2646484375 0.3505859375 0.26171875 0.3515625 0.26025390625 0.3564453125 0.25830078125 0.3623046875 0.25927734375 0.369140625 0.26025390625 0.3720703125 0.265625 0.375 0.263671875 0.3798828125 0.26025390625 0.3876953125 0.25634765625 0.427734375 0.25439453125 0.443359375 0.25634765625 0.4462890625 0.25830078125 0.4443359375 0.25927734375 0.4951171875 0.25927734375 0.513671875 0.25634765625 0.513671875 0.25390625 0.515625 0.25244140625 0.521484375 0.26318359375 0.5263671875 0.2646484375 0.5244140625 0.27001953125 0.4541015625 0.27490234375 0.4912109375
10 0.20751953125 0.41015625 0.20458984375 0.40625 0.2021484375 0.396484375 0.20703125 0.388671875 0.20703125 0.3828125 0.20458984375 0.369140625 0.2021484375 0.361328125 0.19921875 0.3564453125 0.19580078125 0.3505859375 0.19580078125 0.337890625 0.19384765625 0.3291015625 0.1884765625 0.3271484375 0.18603515625 0.33203125 0.18359375 0.345703125 0.1796875 0.3583984375 0.17138671875 0.3857421875 0.1728515625 0.44140625 0.201171875 0.45703125 0.20703125 0.419921875 0.20751953125 0.41015625
10 0.22998046875 0.5126953125 0.23046875 0.5107421875 0.23046875 0.498046875 0.22998046875 0.4755859375 0.2314453125 0.47265625 0.2353515625 0.4921875 0.236328125 0.5 0.23681640625 0.5126953125 0.23828125 0.515625 0.23974609375 0.5107421875 0.24072265625 0.5029296875 0.24072265625 0.498046875 0.23974609375 0.4814453125 0.23828125 0.4677734375 0.23828125 0.4541015625 0.24072265625 0.44921875 0.24365234375 0.447265625 0.24462890625 0.435546875 0.24169921875 0.3798828125 0.2392578125 0.3720703125 0.236328125 0.3671875 0.2353515625 0.3642578125 0.23388671875 0.34765625 0.23046875 0.3427734375 0.2275390625 0.345703125 0.224609375 0.3544921875 0.224609375 0.3662109375 0.21923828125 0.3720703125 0.2177734375 0.3798828125 0.212890625 0.4208984375 0.21142578125 0.4287109375 0.21044921875 0.4521484375 0.21142578125 0.4892578125 0.2177734375 0.4921875 0.22705078125 0.5166015625 0.22998046875 0.5126953125
14 0.3193359375 0.4091796875 0.32080078125 0.4150390625 0.3203125 0.447265625 0.32177734375 0.44921875 0.32421875 0.4541015625 0.32568359375 0.4755859375 0.32421875 0.515625 0.326171875 0.5234375 0.32275390625 0.537109375 0.326171875 0.54296875 0.33349609375 0.54296875 0.33349609375 0.5322265625 0.33251953125 0.521484375 0.33349609375 0.5205078125 0.35107421875 0.5126953125 0.353515625 0.505859375 0.353515625 0.5 0.35205078125 0.4951171875 0.35107421875 0.4912109375 0.35205078125 0.4892578125 0.353515625 0.4873046875 0.35546875 0.4833984375 0.35546875 0.47265625 0.357421875 0.4599609375 0.3564453125 0.4501953125 0.3564453125 0.4365234375 0.357421875 0.4287109375 0.35400390625 0.41796875 0.35546875 0.4091796875 0.359375 0.4140625 0.361328125 0.4140625 0.36328125 0.4140625 0.3642578125 0.40625 0.36279296875 0.3955078125 0.361328125 0.390625 0.361328125 0.3857421875 0.3603515625 0.376953125 0.3564453125 0.3671875 0.3525390625 0.3515625 0.345703125 0.34765625 0.345703125 0.3427734375 0.34423828125 0.3271484375 0.34033203125 0.3251953125 0.33740234375 0.3271484375 0.3349609375 0.3291015625 0.33349609375 0.3330078125 0.3310546875 0.34765625 0.326171875 0.3515625 0.32421875 0.3564453125 0.31787109375 0.3828125 0.31689453125 0.390625 0.31787109375 0.3984375 0.3193359375 0.4091796875
0 0.341796875 0.564453125 0.34423828125 0.5498046875 0.3486328125 0.5498046875 0.34814453125 0.5458984375 0.34423828125 0.544921875 0.345703125 0.5107421875 0.3466796875 0.4833984375 0.345703125 0.47265625 0.345703125 0.4677734375 0.345703125 0.45703125 0.34326171875 0.45703125 0.34423828125 0.443359375 0.3525390625 0.4384765625 0.35498046875 0.419921875 0.35498046875 0.4140625 0.359375 0.4150390625 0.35888671875 0.41015625 0.35498046875 0.4072265625 0.341796875 0.40625 0.3310546875 0.4072265625 0.330078125 0.41015625 0.32568359375 0.412109375 0.32470703125 0.4150390625 0.32861328125 0.4150390625 0.32958984375 0.419921875 0.333984375 0.4384765625 0.33740234375 0.439453125 0.337890625 0.443359375 0.3388671875 0.447265625 0.3388671875 0.4541015625 0.3388671875 0.4599609375 0.33740234375 0.4658203125 0.33642578125 0.4736328125 0.33642578125 0.4755859375 0.33642578125 0.4892578125 0.33544921875 0.5029296875 0.3349609375 0.5234375 0.33544921875 0.537109375 0.33544921875 0.5400390625 0.33349609375 0.544921875 0.32861328125 0.544921875 0.33251953125 0.552734375 0.337890625 0.5498046875 0.337890625 0.5615234375 0.34033203125 0.564453125 0.341796875 0.564453125
12 0.16748046875 0.052734375 0.16259765625 0.05078125 0.1650390625 0.3837890625 0.173828125 0.4140625 0.169921875 0.373046875 0.16748046875 0.052734375
5 0 0.8359375 0.0322265625 0.822265625 0.0361328125 0.84765625 0.04541015625 0.8583984375 0.0595703125 0.861328125 0.07568359375 0.8544921875 0.08642578125 0.837890625 0.095703125 0.8134765625 0.1025390625 0.7607421875 0.10498046875 0.7578125 0.17919921875 0.6806640625 0.18310546875 0.7041015625 0.18603515625 0.70703125 0.19189453125 0.7109375 0.21044921875 0.7099609375 0.2197265625 0.7021484375 0.22216796875 0.69140625 0.2275390625 0.66015625 0.22900390625 0.6064453125 0.22998046875 0.580078125 0.23388671875 0.5556640625 0.23046875 0.54296875 0.22705078125 0.5390625 0.22607421875 0.5 0.22216796875 0.45703125 0.2158203125 0.439453125 0.21044921875 0.43359375 0.208984375 0.4228515625 0.203125 0.4150390625 0.1982421875 0.41015625 0.1904296875 0.41015625 0.1728515625 0.376953125 0.16259765625 0.3623046875 0.15283203125 0.3544921875 0.13037109375 0.3427734375 0.0908203125 0.33984375 0.00390625 0.345703125 0 0.345703125 0 0.8359375