12 0.4072265625 0.240234375 0.41015625 0.29296875 0.4140625 0.3740234375 0.41455078125 0.4072265625 0.41796875 0.408203125 0.416015625 0.349609375 0.41015625 0.236328125 0.4013671875 0.2177734375 0.388671875 0.20703125 0.3447265625 0.1904296875 0.34521484375 0.197265625 0.38134765625 0.2109375 0.392578125 0.2158203125 0.400390625 0.224609375 0.4072265625 0.240234375
16 0 0.9990234375 0.99951171875 0.9990234375 0.99951171875 0.5078125 0.974609375 0.4921875 0.7822265625 0.4296875 0.56298828125 0.400390625 0.44482421875 0.357421875 0.35546875 0.3603515625 0.25390625 0.365234375 0.14892578125 0.373046875 0.025390625 0.3857421875 0 0.4775390625 0 0.9990234375
18 0.0380859375 0 0.046875 0.0703125 0.12255859375 0.2392578125 0.19970703125 0.3134765625 0.24267578125 0.3359375 0.31396484375 0.3251953125 0.36083984375 0.2177734375 0.412109375 0.12109375 0.42431640625 0.0439453125 0.4326171875 0 0.0380859375 0
3 0 0.4423828125 0.1005859375 0.439453125 0.1123046875 0.4365234375 0.13232421875 0.4296875 0.15380859375 0.423828125 0.1611328125 0.4189453125 0.16259765625 0.416015625 0.169921875 0.41015625 0.19091796875 0.40625 0.19775390625 0.404296875 0.1953125 0.3642578125 0.1953125 0.3544921875 0.26171875 0.3505859375 0.29052734375 0.40234375 0.29736328125 0.4150390625 0.3369140625 0.421875 0.3505859375 0.42578125 0.37060546875 0.421875 0.408203125 0.419921875 0.52978515625 0.4716796875 0.84033203125 0.5517578125 0.99951171875 0.5927734375 0.99951171875 0.001953125 0.40234375 0 0.40625 0.0751953125 0.37744140625 0.0244140625 0.37841796875 0.0107421875 0.36572265625 0.0107421875 0.3671875 0.0263671875 0.31494140625 0.1259765625 0.30908203125 0.1513671875 0.310546875 0.1904296875 0.2978515625 0.1953125 0.29541015625 0.19921875 0.29541015625 0.2021484375 0.2919921875 0.203125 0.2880859375 0.2138671875 0.29296875 0.2158203125 0.29296875 0.2646484375 0.2783203125 0.2685546875 0.275390625 0.2744140625 0.26953125 0.275390625 0.259765625 0.291015625 0.259765625 0.31640625 0.25390625 0.318359375 0.2392578125 0.2958984375 0.23583984375 0.29296875 0.205078125 0.29296875 0.19677734375 0.2890625 0.1943359375 0.2900390625 0.19384765625 0.2841796875 0.1943359375 0.2802734375 0.19140625 0.2783203125 0.18994140625 0.2626953125 0.17724609375 0.248046875 0.17529296875 0.2470703125 0.17431640625 0.19921875 0.17236328125 0.197265625 0.17333984375 0.1884765625 0.1708984375 0.18359375 0.1669921875 0.1826171875 0.1142578125 0.16015625 0.1064453125 0.1455078125 0.1025390625 0.1435546875 0.1015625 0.095703125 0.10595703125 0.091796875 0.10791015625 0.08984375 0.10595703125 0.0859375 0.095703125 0.0859375 0.0908203125 0.083984375 0.09033203125 0.0791015625 0.08935546875 0.07421875 0.0830078125 0.0712890625 0.07861328125 0.064453125 0.07666015625 0.060546875 0.078125 0.0546875 0.0751953125 0.046875 0.0703125 0.0458984375 0.0673828125 0.0458984375 0.0693359375 0.0400390625 0.0693359375 0.033203125 0.06494140625 0.0302734375 0.06201171875 0.0302734375 0.060546875 0.0283203125 0.05419921875 0.015625 0.05419921875 0.0029296875 0.0517578125 0.0009765625 0.00048828125 0 0 0.42578125 0 0.4423828125
17 0.3037109375 0.4306640625 0.3203125 0.431640625 0.3271484375 0.4306640625 0.345703125 0.4306640625 0.36669921875 0.4296875 0.37841796875 0.4306640625 0.39453125 0.431640625 0.4052734375 0.4306640625 0.4140625 0.4150390625 0.4072265625 0.4208984375 0.39501953125 0.4208984375 0.37744140625 0.421875 0.3623046875 0.421875 0.35107421875 0.423828125 0.34423828125 0.423828125 0.337890625 0.421875 0.33203125 0.4189453125 0.3154296875 0.41796875 0.310546875 0.416015625 0.3076171875 0.4140625 0.30419921875 0.41015625 0.30126953125 0.4091796875 0.29833984375 0.4072265625 0.29248046875 0.4072265625 0.29296875 0.4189453125 0.2958984375 0.4287109375 0.3037109375 0.4306640625
2 0.20068359375 0.3828125 0.22119140625 0.3701171875 0.24755859375 0.369140625 0.26708984375 0.37890625 0.27001953125 0.37890625 0.26953125 0.353515625 0.19482421875 0.357421875 0.19580078125 0.396484375 0.19580078125 0.40234375 0.20068359375 0.40234375 0.20068359375 0.3828125
20 0.2880859375 0.3740234375 0.2880859375 0.3701171875 0.2880859375 0.3642578125 0.28564453125 0.3623046875 0.28515625 0.3671875 0.2861328125 0.37109375 0.2861328125 0.3740234375 0.2880859375 0.3740234375
20 0.2880859375 0.3740234375 0.2880859375 0.3701171875 0.2880859375 0.3642578125 0.28564453125 0.3623046875 0.28515625 0.3671875 0.2861328125 0.37109375 0.2861328125 0.3740234375 0.2880859375 0.3740234375
20 0.2900390625 0.3701171875 0.2890625 0.3701171875 0.2890625 0.376953125 0.29150390625 0.376953125 0.29150390625 0.3701171875 0.29248046875 0.3701171875 0.29248046875 0.3662109375 0.29150390625 0.3623046875 0.28955078125 0.3642578125 0.2890625 0.3671875 0.28955078125 0.369140625 0.2900390625 0.3701171875
13 0.29541015625 0.34375 0.296875 0.421875 0.2978515625 0.421875 0.29638671875 0.34375 0.29541015625 0.34375
12 0.29541015625 0.34375 0.296875 0.421875 0.2978515625 0.421875 0.29638671875 0.34375 0.29541015625 0.34375
12 0.31005859375 0.33984375 0.31298828125 0.42578125 0.314453125 0.42578125 0.3115234375 0.33984375 0.31005859375 0.33984375
20 0.31005859375 0.3544921875 0.31201171875 0.3544921875 0.3134765625 0.3525390625 0.31396484375 0.34765625 0.31201171875 0.3447265625 0.3095703125 0.34375 0.30810546875 0.34765625 0.30810546875 0.3525390625 0.31005859375 0.3544921875
20 0.31005859375 0.3427734375 0.31201171875 0.3427734375 0.314453125 0.3408203125 0.31494140625 0.3359375 0.314453125 0.3310546875 0.3115234375 0.328125 0.3095703125 0.328125 0.30712890625 0.330078125 0.30615234375 0.3349609375 0.3076171875 0.3408203125 0.31005859375 0.3427734375
19 0.3046875 0.35546875 0.3046875 0.3583984375 0.30712890625 0.359375 0.30712890625 0.361328125 0.3076171875 0.3642578125 0.3056640625 0.3642578125 0.30517578125 0.3681640625 0.30712890625 0.3681640625 0.3095703125 0.369140625 0.30908203125 0.353515625 0.3076171875 0.353515625 0.30712890625 0.35546875 0.3046875 0.35546875
12 0.201171875 0.4072265625 0.2021484375 0.40625 0.2001953125 0.3193359375 0.201171875 0.3125 0.2138671875 0.30078125 0.21044921875 0.3017578125 0.2001953125 0.310546875 0.1982421875 0.3203125 0.201171875 0.4072265625
12 0.18994140625 0.3125 0.18994140625 0.33203125 0.19091796875 0.3623046875 0.19189453125 0.4033203125 0.19482421875 0.4033203125 0.19384765625 0.3759765625 0.19287109375 0.3525390625 0.19189453125 0.3173828125 0.19140625 0.2998046875 0.20654296875 0.2880859375 0.197265625 0.29296875 0.19287109375 0.2958984375 0.18994140625 0.2978515625 0.18994140625 0.3125
5 0.26611328125 0.400390625 0.26611328125 0.392578125 0.2705078125 0.37890625 0.26416015625 0.37890625 0.26318359375 0.3935546875 0.26123046875 0.3935546875 0.26123046875 0.40234375 0.26220703125 0.40234375 0.2626953125 0.4189453125 0.26611328125 0.4189453125 0.26611328125 0.400390625
5 0.265625 0.4033203125 0.26611328125 0.423828125 0.26708984375 0.42578125 0.26806640625 0.42578125 0.2685546875 0.423828125 0.2685546875 0.4189453125 0.26806640625 0.404296875 0.28662109375 0.4091796875 0.2900390625 0.3935546875 0.2900390625 0.3779296875 0.2880859375 0.373046875 0.267578125 0.373046875 0.265625 0.3935546875 0.265625 0.3994140625 0.265625 0.4033203125
5 0.25341796875 0.4150390625 0.25439453125 0.4150390625 0.2548828125 0.4150390625 0.25537109375 0.41015625 0.25390625 0.40234375 0.251953125 0.396484375 0.25 0.3935546875 0.24609375 0.4072265625 0.24755859375 0.4130859375 0.25244140625 0.4140625 0.25341796875 0.4150390625
5 0.2314453125 0.423828125 0.23193359375 0.42578125 0.232421875 0.4267578125 0.2333984375 0.4267578125 0.23388671875 0.4248046875 0.23388671875 0.4208984375 0.2490234375 0.4208984375 0.2490234375 0.4248046875 0.24951171875 0.42578125 0.25048828125 0.42578125 0.2509765625 0.4248046875 0.25146484375 0.423828125 0.25146484375 0.4150390625 0.25146484375 0.4052734375 0.25 0.3955078125 0.2490234375 0.3876953125 0.24853515625 0.3837890625 0.2333984375 0.3837890625 0.23193359375 0.388671875 0.2314453125 0.3994140625 0.2314453125 0.423828125
5 0.2275390625 0.4130859375 0.22802734375 0.4140625 0.228515625 0.4140625 0.2294921875 0.4130859375 0.2294921875 0.41015625 0.2294921875 0.40234375 0.2265625 0.3935546875 0.2197265625 0.3935546875 0.2177734375 0.4013671875 0.21923828125 0.4130859375 0.2275390625 0.4130859375
5 0.2060546875 0.423828125 0.20654296875 0.423828125 0.20751953125 0.421875 0.2080078125 0.4208984375 0.20849609375 0.4189453125 0.22021484375 0.4189453125 0.22119140625 0.421875 0.2216796875 0.421875 0.22265625 0.419921875 0.22216796875 0.4052734375 0.2197265625 0.3994140625 0.2080078125 0.3994140625 0.205078125 0.4072265625 0.2041015625 0.4169921875 0.20458984375 0.4208984375 0.2060546875 0.423828125
5 0.201171875 0.4169921875 0.2021484375 0.4169921875 0.20263671875 0.4150390625 0.20263671875 0.41015625 0.20263671875 0.4052734375 0.20068359375 0.3974609375 0.19384765625 0.3974609375 0.1923828125 0.4033203125 0.19091796875 0.4130859375 0.19970703125 0.4150390625 0.201171875 0.4169921875
5 0.18603515625 0.4208984375 0.19091796875 0.4208984375 0.19189453125 0.4248046875 0.1943359375 0.4248046875 0.19482421875 0.4248046875 0.1953125 0.41796875 0.1923828125 0.40234375 0.189453125 0.390625 0.177734375 0.3916015625 0.1767578125 0.3955078125 0.17626953125 0.4013671875 0.17724609375 0.41015625 0.18603515625 0.4208984375
19 0.3330078125 0.353515625 0.33203125 0.3544921875 0.33203125 0.3583984375 0.333984375 0.3603515625 0.3349609375 0.359375 0.3359375 0.357421875 0.33544921875 0.353515625 0.33349609375 0.3525390625 0.33447265625 0.3505859375 0.33544921875 0.349609375 0.33544921875 0.3466796875 0.333984375 0.34375 0.33154296875 0.345703125 0.33154296875 0.349609375 0.3330078125 0.3505859375 0.3330078125 0.353515625
19 0.3046875 0.35546875 0.3046875 0.3583984375 0.30712890625 0.359375 0.30712890625 0.361328125 0.3076171875 0.3642578125 0.3056640625 0.3642578125 0.30517578125 0.3681640625 0.30712890625 0.3681640625 0.3095703125 0.369140625 0.30908203125 0.353515625 0.3076171875 0.353515625 0.30712890625 0.35546875 0.3046875 0.35546875
17 0.0498046875 0.458984375 0.0263671875 0.458984375 0.00732421875 0.4599609375 0 0.462890625 0.0009765625 0.5009765625 0.07861328125 0.4716796875 0.0693359375 0.462890625 0.0556640625 0.45703125 0.0498046875 0.458984375
17 0.16552734375 0.431640625 0.16845703125 0.4296875 0.16796875 0.4248046875 0.171875 0.4091796875 0.1591796875 0.416015625 0.15869140625 0.4208984375 0.13525390625 0.4296875 0.125 0.4296875 0.1083984375 0.4365234375 0.08935546875 0.4365234375 0.0498046875 0.4365234375 0.05126953125 0.4453125 0.09912109375 0.443359375 0.13525390625 0.4404296875 0.1484375 0.439453125 0.15478515625 0.4375 0.16552734375 0.431640625
5 0.16845703125 0.423828125 0.16845703125 0.4287109375 0.169921875 0.4296875 0.1708984375 0.4287109375 0.17138671875 0.427734375 0.17138671875 0.42578125 0.1845703125 0.4248046875 0.1845703125 0.427734375 0.18603515625 0.427734375 0.1865234375 0.427734375 0.18701171875 0.4267578125 0.18798828125 0.4248046875 0.18798828125 0.4091796875 0.1845703125 0.3974609375 0.1708984375 0.3994140625 0.1689453125 0.4091796875 0.16796875 0.4150390625 0.16845703125 0.423828125
11 0.1650390625 0.421875 0.166015625 0.423828125 0.1669921875 0.41796875 0.1669921875 0.4130859375 0.1669921875 0.408203125 0.16650390625 0.404296875 0.1650390625 0.404296875 0.16455078125 0.4091796875 0.1640625 0.4052734375 0.1630859375 0.40234375 0.16259765625 0.4013671875 0.16162109375 0.4052734375 0.1611328125 0.4091796875 0.16162109375 0.4169921875 0.16162109375 0.421875 0.16455078125 0.4189453125 0.1650390625 0.421875
12 0.388671875 0.25 0.392578125 0.423828125 0.39501953125 0.423828125 0.3916015625 0.248046875 0.388671875 0.25
19 0.39697265625 0.2734375 0.3974609375 0.2705078125 0.396484375 0.2685546875 0.39453125 0.2666015625 0.39501953125 0.265625 0.39404296875 0.2626953125 0.396484375 0.263671875 0.3974609375 0.26171875 0.3974609375 0.2607421875 0.396484375 0.259765625 0.39501953125 0.2578125 0.3935546875 0.2578125 0.3935546875 0.2568359375 0.39501953125 0.2548828125 0.396484375 0.2548828125 0.39697265625 0.2548828125 0.39794921875 0.25390625 0.39794921875 0.2529296875 0.3974609375 0.25 0.3955078125 0.25 0.3935546875 0.2490234375 0.390625 0.25 0.39111328125 0.2734375 0.39404296875 0.275390625 0.39453125 0.2734375 0.39697265625 0.2734375
19 0.388671875 0.359375 0.3916015625 0.3623046875 0.3935546875 0.359375 0.39501953125 0.359375 0.39794921875 0.359375 0.39990234375 0.357421875 0.3994140625 0.3525390625 0.3955078125 0.3505859375 0.39794921875 0.349609375 0.3994140625 0.3466796875 0.3984375 0.34375 0.396484375 0.34375 0.3955078125 0.34375 0.3984375 0.341796875 0.3984375 0.337890625 0.39794921875 0.3359375 0.3955078125 0.3359375 0.39404296875 0.333984375 0.39208984375 0.333984375 0.390625 0.3359375 0.388671875 0.3369140625 0.38818359375 0.3408203125 0.38818359375 0.34375 0.38818359375 0.34765625 0.3876953125 0.349609375 0.38818359375 0.3544921875 0.388671875 0.359375
10 0.33203125 0.3994140625 0.33349609375 0.3935546875 0.3330078125 0.4130859375 0.33447265625 0.4169921875 0.33447265625 0.421875 0.33349609375 0.4248046875 0.33447265625 0.4248046875 0.3349609375 0.42578125 0.3359375 0.42578125 0.3369140625 0.4248046875 0.337890625 0.423828125 0.3369140625 0.416015625 0.337890625 0.4091796875 0.337890625 0.40625 0.33935546875 0.4013671875 0.33935546875 0.3935546875 0.33837890625 0.388671875 0.3369140625 0.3857421875 0.3359375 0.3828125 0.3359375 0.3798828125 0.33544921875 0.37890625 0.3330078125 0.37890625 0.33251953125 0.3818359375 0.33349609375 0.3837890625 0.333984375 0.3876953125 0.33154296875 0.3935546875 0.32958984375 0.4013671875 0.330078125 0.404296875 0.33203125 0.3994140625
25 0 0.46484375 0.0009765625 0.46484375 0.00537109375 0.462890625 0.0078125 0.4619140625 0.00927734375 0.4619140625 0.01123046875 0.462890625 0.01708984375 0.4638671875 0.0205078125 0.4638671875 0.0224609375 0.4619140625 0.02587890625 0.458984375 0.02880859375 0.4599609375 0.03125 0.4609375 0.03466796875 0.4619140625 0.037109375 0.4619140625 0.041015625 0.4619140625 0.04345703125 0.4599609375 0.04541015625 0.458984375 0.046875 0.4521484375 0.04736328125 0.4423828125 0.04541015625 0.431640625 0.04248046875 0.4326171875 0.0390625 0.4326171875 0.037109375 0.427734375 0.03515625 0.4296875 0.0322265625 0.431640625 0.03076171875 0.4287109375 0.02734375 0.431640625 0.02392578125 0.4326171875 0.021484375 0.4326171875 0.0185546875 0.4326171875 0.015625 0.4384765625 0.01513671875 0.431640625 0.013671875 0.4306640625 0.01171875 0.4306640625 0.0107421875 0.4326171875 0.009765625 0.435546875 0.00732421875 0.4375 0.0048828125 0.4384765625 0 0.4404296875 0 0.46484375
12 0.06005859375 0.466796875 0.0634765625 0.466796875 0.05859375 0.3447265625 0.05615234375 0.337890625 0.06005859375 0.466796875
19 0.0576171875 0.33984375 0.05615234375 0.3408203125 0.0546875 0.341796875 0.05419921875 0.3447265625 0.05517578125 0.3486328125 0.05615234375 0.3505859375 0.0556640625 0.3525390625 0.05517578125 0.353515625 0.0546875 0.3564453125 0.0546875 0.3623046875 0.0576171875 0.3671875 0.06005859375 0.3671875 0.06201171875 0.3642578125 0.0634765625 0.3642578125 0.06494140625 0.361328125 0.06640625 0.359375 0.0673828125 0.3564453125 0.06591796875 0.3544921875 0.06201171875 0.3544921875 0.06201171875 0.3505859375 0.06396484375 0.34765625 0.06591796875 0.3466796875 0.0673828125 0.34375 0.06591796875 0.3408203125 0.0634765625 0.3427734375 0.060546875 0.341796875 0.05908203125 0.337890625 0.06103515625 0.3349609375 0.060546875 0.328125 0.0576171875 0.326171875 0.0546875 0.330078125 0.05419921875 0.3359375 0.05517578125 0.3369140625 0.0576171875 0.33984375
12 0.1318359375 0.306640625 0.13427734375 0.2998046875 0.1357421875 0.296875 0.13720703125 0.2939453125 0.1435546875 0.2890625 0.15576171875 0.2841796875 0.1708984375 0.2783203125 0.1708984375 0.275390625 0.15966796875 0.2783203125 0.1435546875 0.28515625 0.13720703125 0.2890625 0.13134765625 0.298828125 0.12890625 0.3173828125 0.13037109375 0.3681640625 0.13134765625 0.4375 0.13330078125 0.4384765625 0.130859375 0.318359375 0.1318359375 0.306640625
19 0.16845703125 0.291015625 0.1689453125 0.30078125 0.171875 0.3017578125 0.1748046875 0.30078125 0.1767578125 0.2998046875 0.1767578125 0.294921875 0.17626953125 0.287109375 0.1767578125 0.2783203125 0.173828125 0.2724609375 0.1708984375 0.2724609375 0.16845703125 0.2763671875 0.16845703125 0.283203125 0.16845703125 0.291015625
12 0.01806640625 0.12109375 0.02197265625 0.19140625 0.0234375 0.265625 0.01171875 0.2607421875 0.01171875 0.2685546875 0.02392578125 0.271484375 0.02587890625 0.3720703125 0.029296875 0.4326171875 0.0341796875 0.4306640625 0.02197265625 0.1201171875 0.01806640625 0.12109375
20 0.03369140625 0.40625 0.03515625 0.4033203125 0.03515625 0.3974609375 0.0341796875 0.388671875 0.0322265625 0.3876953125 0.03076171875 0.390625 0.03076171875 0.3955078125 0.03125 0.404296875 0.03369140625 0.40625
19 0.0234375 0.3408203125 0.02001953125 0.3408203125 0.01708984375 0.341796875 0.0166015625 0.345703125 0.01953125 0.3466796875 0.021484375 0.3466796875 0.0205078125 0.3505859375 0.017578125 0.3505859375 0.01708984375 0.3544921875 0.01806640625 0.357421875 0.0205078125 0.3583984375 0.0205078125 0.359375 0.0185546875 0.3603515625 0.0185546875 0.3642578125 0.02001953125 0.3671875 0.02197265625 0.3681640625 0.02734375 0.3671875 0.02734375 0.3603515625 0.0263671875 0.3505859375 0.02392578125 0.349609375 0.0234375 0.3408203125
19 0.00927734375 0.2822265625 0.01171875 0.28125 0.0107421875 0.263671875 0.009765625 0.25 0.00732421875 0.25 0.00341796875 0.2509765625 0.00439453125 0.2724609375 0.00537109375 0.283203125 0.00927734375 0.2822265625
20 0.41015625 0.3876953125 0.4130859375 0.388671875 0.41455078125 0.37890625 0.412109375 0.3671875 0.41015625 0.3662109375 0.40869140625 0.37109375 0.4091796875 0.380859375 0.41015625 0.3876953125
12 0.35888671875 0.2021484375 0.36669921875 0.2041015625 0.37255859375 0.2060546875 0.37646484375 0.208984375 0.3818359375 0.2109375 0.38720703125 0.2119140625 0.390625 0.2138671875 0.39453125 0.2177734375 0.3994140625 0.2236328125 0.40478515625 0.2333984375 0.4091796875 0.2451171875 0.40869140625 0.2353515625 0.4033203125 0.2216796875 0.39208984375 0.2099609375 0.3828125 0.205078125 0.34521484375 0.19140625 0.345703125 0.19921875 0.3525390625 0.2001953125 0.35888671875 0.2021484375
19 0.33544921875 0.1884765625 0.333984375 0.1904296875 0.33349609375 0.1982421875 0.33349609375 0.208984375 0.333984375 0.2275390625 0.3349609375 0.2333984375 0.3388671875 0.2353515625 0.34326171875 0.2353515625 0.345703125 0.23046875 0.34619140625 0.2236328125 0.345703125 0.208984375 0.3447265625 0.19140625 0.3427734375 0.1884765625 0.33984375 0.1865234375 0.337890625 0.1865234375 0.33544921875 0.1884765625
19 0.41162109375 0.3369140625 0.412109375 0.3310546875 0.4111328125 0.326171875 0.41162109375 0.322265625 0.41015625 0.31640625 0.40576171875 0.314453125 0.404296875 0.31640625 0.40283203125 0.3203125 0.40478515625 0.3232421875 0.40625 0.3251953125 0.40380859375 0.326171875 0.4033203125 0.3310546875 0.40380859375 0.333984375 0.4052734375 0.3408203125 0.404296875 0.3447265625 0.4072265625 0.353515625 0.41064453125 0.353515625 0.4140625 0.34765625 0.4130859375 0.341796875 0.41162109375 0.3369140625
20 0.41015625 0.3017578125 0.40966796875 0.2939453125 0.40625 0.30078125 0.41162109375 0.3134765625 0.4150390625 0.30859375 0.4130859375 0.302734375 0.41015625 0.3017578125
17 0.8818359375 0.740234375 0.982421875 0.7978515625 0.99951171875 0.8076171875 0.99951171875 0.59375 0.52734375 0.4716796875 0.51953125 0.4658203125 0.45703125 0.4814453125 0.44677734375 0.5 0.4599609375 0.51171875 0.5263671875 0.546875 0.58251953125 0.5751953125 0.76025390625 0.673828125 0.8818359375 0.740234375
20 0.43603515625 0.2763671875 0.42041015625 0.27734375 0.421875 0.328125 0.4384765625 0.3251953125 0.43603515625 0.2763671875
12 0.4287109375 0.3291015625 0.4326171875 0.3974609375 0.43505859375 0.3935546875 0.43212890625 0.326171875 0.4287109375 0.3291015625
5 0.3955078125 0.4169921875 0.3955078125 0.423828125 0.3994140625 0.4287109375 0.40576171875 0.4287109375 0.39990234375 0.4365234375 0.3974609375 0.439453125 0.39404296875 0.447265625 0.3935546875 0.4560546875 0.392578125 0.4658203125 0.39306640625 0.486328125 0.39501953125 0.50390625 0.39990234375 0.5126953125 0.4052734375 0.5146484375 0.41064453125 0.513671875 0.41259765625 0.5087890625 0.4150390625 0.50390625 0.419921875 0.5048828125 0.42236328125 0.5078125 0.42529296875 0.5224609375 0.4267578125 0.525390625 0.42822265625 0.5263671875 0.4306640625 0.5283203125 0.43505859375 0.5283203125 0.43994140625 0.5244140625 0.44287109375 0.509765625 0.44580078125 0.5048828125 0.44775390625 0.50390625 0.46435546875 0.501953125 0.50048828125 0.4970703125 0.50390625 0.501953125 0.505859375 0.509765625 0.50927734375 0.513671875 0.51123046875 0.513671875 0.51416015625 0.5146484375 0.51708984375 0.513671875 0.5205078125 0.5048828125 0.52197265625 0.4931640625 0.5224609375 0.48046875 0.52294921875 0.4423828125 0.52001953125 0.4326171875 0.51708984375 0.4150390625 0.51171875 0.404296875 0.50537109375 0.3896484375 0.49609375 0.376953125 0.49267578125 0.37109375 0.48486328125 0.3671875 0.47265625 0.3671875 0.4560546875 0.3681640625 0.4443359375 0.3701171875 0.4345703125 0.373046875 0.42529296875 0.376953125 0.41796875 0.384765625 0.41259765625 0.3955078125 0.4091796875 0.4091796875 0.408203125 0.423828125 0.4052734375 0.4150390625 0.40087890625 0.4140625 0.39794921875 0.416015625 0.3955078125 0.4169921875
10 0.61962890625 0.380859375 0.62353515625 0.388671875 0.6123046875 0.4189453125 0.619140625 0.4326171875 0.626953125 0.43359375 0.6298828125 0.466796875 0.62890625 0.5126953125 0.63134765625 0.5341796875 0.63037109375 0.5439453125 0.63330078125 0.548828125 0.638671875 0.55078125 0.6416015625 0.5439453125 0.63916015625 0.5322265625 0.64013671875 0.50390625 0.6416015625 0.4677734375 0.64306640625 0.4521484375 0.6484375 0.4775390625 0.6513671875 0.5068359375 0.6572265625 0.54296875 0.6591796875 0.5498046875 0.662109375 0.5478515625 0.66748046875 0.5458984375 0.6708984375 0.54296875 0.671875 0.5341796875 0.6669921875 0.533203125 0.66455078125 0.5244140625 0.66015625 0.4736328125 0.6572265625 0.44140625 0.65576171875 0.396484375 0.6552734375 0.337890625 0.6513671875 0.333984375 0.6494140625 0.330078125 0.65087890625 0.322265625 0.65380859375 0.310546875 0.6533203125 0.298828125 0.64990234375 0.2900390625 0.6455078125 0.2880859375 0.6416015625 0.291015625 0.63818359375 0.2939453125 0.63330078125 0.302734375 0.6298828125 0.3134765625 0.625 0.3203125 0.62646484375 0.326171875 0.6318359375 0.3310546875 0.626953125 0.3359375 0.6240234375 0.3466796875 0.62109375 0.3662109375 0.61962890625 0.380859375
23 0.26611328125 0.400390625 0.26611328125 0.392578125 0.2705078125 0.37890625 0.26416015625 0.37890625 0.26318359375 0.3935546875 0.26123046875 0.3935546875 0.26123046875 0.40234375 0.26220703125 0.40234375 0.2626953125 0.4189453125 0.26611328125 0.4189453125 0.26611328125 0.400390625
23 0.265625 0.4033203125 0.26611328125 0.423828125 0.26708984375 0.42578125 0.26806640625 0.42578125 0.2685546875 0.423828125 0.2685546875 0.4189453125 0.27001953125 0.404296875 0.28662109375 0.4091796875 0.2900390625 0.3935546875 0.2900390625 0.3779296875 0.2880859375 0.373046875 0.267578125 0.373046875 0.265625 0.3935546875 0.265625 0.3994140625 0.265625 0.4033203125
5 0.2685546875 0.41796875 0.2685546875 0.423828125 0.27001953125 0.4248046875 0.27197265625 0.4267578125 0.2734375 0.4267578125 0.27392578125 0.4248046875 0.275390625 0.4208984375 0.27783203125 0.4208984375 0.2880859375 0.419921875 0.2890625 0.4248046875 0.28955078125 0.4267578125 0.29052734375 0.4267578125 0.29150390625 0.4267578125 0.29248046875 0.42578125 0.29296875 0.4189453125 0.29296875 0.41015625 0.29248046875 0.404296875 0.2900390625 0.3974609375 0.2880859375 0.390625 0.27392578125 0.390625 0.27001953125 0.400390625 0.26904296875 0.404296875 0.2685546875 0.41015625 0.2685546875 0.41796875