18 0.4111328125 0 0.41259765625 0.13671875 0.4580078125 0.2314453125 0.501953125 0.2958984375 0.57177734375 0.228515625 0.60302734375 0.09375 0.63671875 0 0.4111328125 0
16 0 0.9990234375 0.99951171875 0.9990234375 0.99951171875 0.5908203125 0.609375 0.4130859375 0.48388671875 0.4140625 0 0.5048828125 0 0.9990234375
3 0 0 0 0.7861328125 0.12060546875 0.736328125 0.2666015625 0.630859375 0.42724609375 0.46875 0.4306640625 0.42578125 0.5693359375 0.41796875 0.587890625 0.439453125 0.6142578125 0.4384765625 0.6142578125 0.4580078125 0.6044921875 0.4609375 0.7421875 0.564453125 0.99951171875 0.7236328125 0.99951171875 0 0.61376953125 0 0.61376953125 0.0185546875 0.60400390625 0.0205078125 0.60400390625 0 0.59375 0 0.59228515625 0.0185546875 0.5908203125 0.01953125 0.56982421875 0.142578125 0.5703125 0.1767578125 0.568359375 0.177734375 0.5673828125 0.18359375 0.5546875 0.2080078125 0.55078125 0.2119140625 0.55029296875 0.2099609375 0.54296875 0.208984375 0.54248046875 0.228515625 0.53759765625 0.236328125 0.53662109375 0.232421875 0.53173828125 0.2333984375 0.5322265625 0.2421875 0.52587890625 0.24609375 0.525390625 0.2431640625 0.5205078125 0.244140625 0.52001953125 0.2490234375 0.5078125 0.24609375 0.50341796875 0.2490234375 0.50390625 0.2666015625 0.494140625 0.2666015625 0.49365234375 0.2509765625 0.49755859375 0.2431640625 0.4951171875 0.232421875 0.48046875 0.2158203125 0.48046875 0.20703125 0.4853515625 0.1953125 0.47998046875 0.15625 0.46533203125 0.134765625 0.46484375 0.1171875 0.46875 0.1103515625 0.46533203125 0.091796875 0.435546875 0.0849609375 0.42724609375 0.0732421875 0.42919921875 0 0 0
12 0.43017578125 0.353515625 0.43212890625 0.353515625 0.4326171875 0.2958984375 0.4326171875 0.27734375 0.4306640625 0.27734375 0.43017578125 0.353515625
5 0.43603515625 0.44140625 0.44384765625 0.4462890625 0.447265625 0.4423828125 0.44873046875 0.435546875 0.49853515625 0.4365234375 0.537109375 0.3837890625 0.5361328125 0.3720703125 0.53271484375 0.353515625 0.529296875 0.3515625 0.4912109375 0.3525390625 0.4638671875 0.3544921875 0.4560546875 0.3564453125 0.4365234375 0.384765625 0.43603515625 0.44140625
17 0 0.9990234375 0.07763671875 0.9990234375 0.234375 0.7861328125 0.35791015625 0.6123046875 0.4365234375 0.5048828125 0.46484375 0.4638671875 0.46435546875 0.4560546875 0.42041015625 0.453125 0.35400390625 0.4931640625 0.2861328125 0.54296875 0 0.708984375 0 0.9990234375
10 0.408203125 0.3564453125 0.404296875 0.359375 0.39892578125 0.376953125 0.3974609375 0.390625 0.39794921875 0.4013671875 0.39794921875 0.4091796875 0.39990234375 0.4140625 0.40185546875 0.4150390625 0.40234375 0.421875 0.404296875 0.4423828125 0.404296875 0.45703125 0.40625 0.4658203125 0.40478515625 0.478515625 0.40966796875 0.4794921875 0.41064453125 0.47265625 0.41015625 0.4677734375 0.40869140625 0.4638671875 0.4091796875 0.45703125 0.40966796875 0.4501953125 0.41015625 0.43359375 0.4130859375 0.4345703125 0.41357421875 0.443359375 0.4130859375 0.447265625 0.41357421875 0.4541015625 0.4140625 0.4599609375 0.41357421875 0.46484375 0.41259765625 0.474609375 0.41650390625 0.4765625 0.4189453125 0.4716796875 0.4189453125 0.46484375 0.41650390625 0.4658203125 0.41650390625 0.4619140625 0.41796875 0.4541015625 0.41796875 0.4462890625 0.41796875 0.4443359375 0.41748046875 0.4365234375 0.41796875 0.4326171875 0.41845703125 0.4248046875 0.41845703125 0.4140625 0.41796875 0.4052734375 0.4169921875 0.3984375 0.4169921875 0.388671875 0.41796875 0.3837890625 0.42041015625 0.400390625 0.42138671875 0.369140625 0.42041015625 0.365234375 0.4140625 0.3583984375 0.4140625 0.3525390625 0.41552734375 0.34765625 0.41455078125 0.34375 0.4130859375 0.341796875 0.41064453125 0.3408203125 0.408203125 0.3427734375 0.40771484375 0.349609375 0.408203125 0.3564453125
10 0.42431640625 0.357421875 0.42431640625 0.36328125 0.423828125 0.3662109375 0.42138671875 0.3701171875 0.4189453125 0.4052734375 0.42041015625 0.4189453125 0.419921875 0.4296875 0.41796875 0.4423828125 0.42529296875 0.4453125 0.4248046875 0.4521484375 0.42578125 0.458984375 0.4267578125 0.4736328125 0.42578125 0.4775390625 0.42578125 0.4814453125 0.4296875 0.4794921875 0.4296875 0.470703125 0.4287109375 0.4462890625 0.43115234375 0.4462890625 0.4306640625 0.4521484375 0.43115234375 0.458984375 0.43115234375 0.470703125 0.43115234375 0.4765625 0.4326171875 0.4775390625 0.43701171875 0.4697265625 0.43359375 0.4697265625 0.4345703125 0.4619140625 0.43603515625 0.455078125 0.4384765625 0.45703125 0.439453125 0.46484375 0.4404296875 0.4658203125 0.44189453125 0.462890625 0.44189453125 0.4580078125 0.44384765625 0.4560546875 0.4443359375 0.443359375 0.4443359375 0.4345703125 0.44140625 0.4296875 0.44140625 0.412109375 0.4404296875 0.40234375 0.4384765625 0.3876953125 0.43798828125 0.3740234375 0.43701171875 0.3671875 0.43408203125 0.365234375 0.43359375 0.353515625 0.43115234375 0.3447265625 0.4287109375 0.34375 0.42626953125 0.3466796875 0.4248046875 0.3505859375 0.42431640625 0.357421875
17 0.99951171875 0.69140625 0.73583984375 0.52734375 0.61572265625 0.4541015625 0.58154296875 0.4619140625 0.77734375 0.6728515625 0.99951171875 0.9169921875 0.99951171875 0.69140625
12 0.6103515625 0.2724609375 0.607421875 0.458984375 0.6083984375 0.458984375 0.61181640625 0.2705078125 0.6103515625 0.2724609375
20 0.611328125 0.3291015625 0.6142578125 0.3046875 0.60498046875 0.3046875 0.60693359375 0.322265625 0.59765625 0.3232421875 0.59765625 0.341796875 0.61083984375 0.3408203125 0.611328125 0.3291015625
5 0.509765625 0.384765625 0.50390625 0.4111328125 0.49658203125 0.412109375 0.49462890625 0.4169921875 0.4951171875 0.41796875 0.5 0.419921875 0.49462890625 0.4384765625 0.49560546875 0.5048828125 0.5078125 0.5048828125 0.5078125 0.490234375 0.509765625 0.48828125 0.53759765625 0.4873046875 0.56396484375 0.48828125 0.56396484375 0.4970703125 0.56787109375 0.501953125 0.57763671875 0.4990234375 0.57861328125 0.48828125 0.5771484375 0.4482421875 0.57763671875 0.43359375 0.5732421875 0.4169921875 0.576171875 0.4140625 0.57470703125 0.4072265625 0.568359375 0.40625 0.56201171875 0.3837890625 0.55517578125 0.376953125 0.548828125 0.376953125 0.53076171875 0.376953125 0.509765625 0.384765625
10 0.76513671875 0.2744140625 0.7666015625 0.2861328125 0.7685546875 0.294921875 0.76171875 0.3134765625 0.755859375 0.3232421875 0.7548828125 0.3349609375 0.7548828125 0.3603515625 0.7568359375 0.3994140625 0.759765625 0.4208984375 0.76123046875 0.443359375 0.76318359375 0.478515625 0.76171875 0.49609375 0.7607421875 0.5234375 0.76123046875 0.552734375 0.76171875 0.58984375 0.7939453125 0.5947265625 0.79345703125 0.58984375 0.7822265625 0.580078125 0.77099609375 0.427734375 0.7841796875 0.2900390625 0.787109375 0.2626953125 0.7822265625 0.2548828125 0.77490234375 0.25390625 0.77099609375 0.259765625 0.767578125 0.2646484375 0.76513671875 0.2744140625
10 0.78369140625 0.2548828125 0.78271484375 0.2783203125 0.77880859375 0.28515625 0.765625 0.2998046875 0.7568359375 0.361328125 0.75927734375 0.419921875 0.76806640625 0.4306640625 0.7685546875 0.5068359375 0.7744140625 0.58203125 0.78125 0.595703125 0.7861328125 0.5888671875 0.7841796875 0.578125 0.78466796875 0.552734375 0.79150390625 0.4853515625 0.79248046875 0.466796875 0.794921875 0.466796875 0.79833984375 0.5244140625 0.79833984375 0.591796875 0.798828125 0.607421875 0.81396484375 0.609375 0.81689453125 0.6015625 0.8125 0.591796875 0.8125 0.57421875 0.8134765625 0.490234375 0.81494140625 0.482421875 0.8154296875 0.470703125 0.81640625 0.435546875 0.814453125 0.408203125 0.81103515625 0.3515625 0.81787109375 0.3564453125 0.828125 0.359375 0.8359375 0.35546875 0.8427734375 0.345703125 0.8486328125 0.3447265625 0.8515625 0.34375 0.85400390625 0.3359375 0.85302734375 0.33203125 0.85791015625 0.33203125 0.857421875 0.3271484375 0.84375 0.3232421875 0.833984375 0.33203125 0.82861328125 0.3291015625 0.82177734375 0.3203125 0.81494140625 0.30078125 0.802734375 0.2939453125 0.80517578125 0.2685546875 0.8046875 0.2529296875 0.7998046875 0.244140625 0.79345703125 0.2392578125 0.7890625 0.240234375 0.78466796875 0.248046875 0.78369140625 0.2548828125