18 0.78515625 0 0.35107421875 0.0009765625 0.39404296875 0.31640625 0.59130859375 0.3642578125 0.78515625 0
16 0.00048828125 0.42578125 0 0.9990234375 0.99951171875 0.9990234375 0.99951171875 0.3486328125 0.00048828125 0.42578125
3 0.7080078125 0 0.70751953125 0.021484375 0.6181640625 0.0302734375 0.59423828125 0.1240234375 0.59423828125 0.1884765625 0.59326171875 0.21875 0.44189453125 0.1884765625 0.4306640625 0.16796875 0.4306640625 0.1533203125 0.42724609375 0.1474609375 0.42626953125 0.1435546875 0.42236328125 0.130859375 0.42041015625 0.126953125 0.41796875 0.1240234375 0.416015625 0.1171875 0.4140625 0.1123046875 0.4111328125 0.1123046875 0.408203125 0.109375 0.404296875 0.099609375 0.40234375 0.0947265625 0.400390625 0.0234375 0.40234375 0.0166015625 0.4033203125 0.0146484375 0.400390625 0.0029296875 0.00048828125 0 0 0.29296875 0.3330078125 0.3134765625 0.8984375 0.427734375 0.978515625 0.4521484375 0.99951171875 0.453125 0.99951171875 0 0.7080078125 0
12 0.19384765625 0.0380859375 0.19482421875 0.333984375 0.20166015625 0.3349609375 0.19873046875 0.0361328125 0.19384765625 0.0380859375
22 0 0.4677734375 0.087890625 0.4619140625 0.15966796875 0.4638671875 0.1572265625 0.4560546875 0.16162109375 0.4599609375 0.162109375 0.4638671875 0.20263671875 0.4619140625 0.212890625 0.4619140625 0.216796875 0.458984375 0.2236328125 0.4560546875 0.224609375 0.453125 0.2275390625 0.451171875 0.31005859375 0.4482421875 0.3173828125 0.44140625 0.32666015625 0.26171875 0.294921875 0.259765625 0.2705078125 0.2607421875 0.26513671875 0.2646484375 0.25830078125 0.2646484375 0.251953125 0.2666015625 0.2509765625 0.2666015625 0.24951171875 0.2646484375 0.2451171875 0.263671875 0.2421875 0.265625 0.23779296875 0.271484375 0.23486328125 0.265625 0.23193359375 0.2587890625 0.22802734375 0.2578125 0.2255859375 0.2587890625 0.224609375 0.2626953125 0.2255859375 0.2685546875 0.18408203125 0.265625 0.20947265625 0.21484375 0.208984375 0.2060546875 0.1748046875 0.1689453125 0.16650390625 0.1552734375 0.1630859375 0.1474609375 0.1572265625 0.14453125 0.15283203125 0.1435546875 0.150390625 0.150390625 0.15087890625 0.16015625 0.15673828125 0.1630859375 0.20166015625 0.2099609375 0.1640625 0.2666015625 0.0400390625 0.2705078125 0.0380859375 0.2607421875 0 0.26171875 0 0.2685546875 0 0.4677734375
12 0.078125 0 0.083984375 0.4755859375 0.083984375 0.4716796875 0.09716796875 0.4697265625 0.08984375 0.1640625 0.0947265625 0.1630859375 0.09521484375 0.158203125 0.09521484375 0.1494140625 0.09521484375 0.123046875 0.095703125 0.08984375 0.099609375 0.0703125 0.1025390625 0.0625 0.107421875 0.056640625 0.111328125 0.052734375 0.1259765625 0.046875 0.14990234375 0.03515625 0.18994140625 0.013671875 0.19091796875 0.01171875 0.1904296875 0.0087890625 0.189453125 0.0068359375 0.14892578125 0.02734375 0.1240234375 0.037109375 0.1142578125 0.044921875 0.107421875 0.048828125 0.10205078125 0.052734375 0.099609375 0.060546875 0.09619140625 0.068359375 0.09375 0.076171875 0.0927734375 0.0859375 0.091796875 0.09765625 0.09130859375 0.1142578125 0.09130859375 0.150390625 0.09130859375 0.1572265625 0.08984375 0.1572265625 0.087890625 0 0.078125 0
19 0.189453125 0 0.189453125 0.0048828125 0.189453125 0.0234375 0.19091796875 0.0322265625 0.19091796875 0.033203125 0.1923828125 0.0380859375 0.19482421875 0.0400390625 0.197265625 0.041015625 0.201171875 0.0400390625 0.205078125 0.037109375 0.20703125 0.0341796875 0.20849609375 0.025390625 0.20947265625 0.0185546875 0.2119140625 0.0068359375 0.21044921875 0 0.189453125 0
19 0.10107421875 0.2880859375 0.103515625 0.287109375 0.10498046875 0.2861328125 0.107421875 0.2841796875 0.10986328125 0.27734375 0.11083984375 0.2705078125 0.10888671875 0.2685546875 0.107421875 0.2666015625 0.1064453125 0.265625 0.10888671875 0.2607421875 0.11083984375 0.2529296875 0.107421875 0.248046875 0.1025390625 0.248046875 0.09765625 0.2490234375 0.0927734375 0.2470703125 0.09326171875 0.2900390625 0.09765625 0.2900390625 0.099609375 0.287109375 0.10107421875 0.2880859375
20 0.0859375 0.322265625 0.0888671875 0.326171875 0.09033203125 0.330078125 0.091796875 0.33203125 0.09130859375 0.333984375 0.08544921875 0.333984375 0.0869140625 0.3623046875 0.1005859375 0.3642578125 0.1005859375 0.333984375 0.0966796875 0.333984375 0.0966796875 0.328125 0.09716796875 0.326171875 0.09765625 0.3232421875 0.09912109375 0.3193359375 0.10009765625 0.3134765625 0.1005859375 0.30859375 0.1005859375 0.3046875 0.099609375 0.3056640625 0.0986328125 0.2978515625 0.09716796875 0.294921875 0.09423828125 0.29296875 0.091796875 0.291015625 0.08740234375 0.294921875 0.08544921875 0.30078125 0.08447265625 0.3115234375 0.0859375 0.322265625
12 0.8291015625 0.2041015625 0.84765625 0.185546875 0.84912109375 0.1806640625 0.83154296875 0.1982421875 0.8291015625 0.2041015625
12 0.3740234375 0.1474609375 0.369140625 0.1494140625 0.369140625 0.2236328125 0.3740234375 0.2265625 0.3740234375 0.1474609375
19 0.833984375 0.2109375 0.833984375 0.2001953125 0.8349609375 0.193359375 0.8330078125 0.189453125 0.8310546875 0.189453125 0.8291015625 0.1884765625 0.82763671875 0.189453125 0.82861328125 0.2021484375 0.82861328125 0.2060546875 0.83203125 0.21484375 0.833984375 0.2109375
12 0.77294921875 0.1103515625 0.76806640625 0.1103515625 0.76953125 0.3427734375 0.7744140625 0.3447265625 0.77294921875 0.1103515625
19 0.86181640625 0.197265625 0.85888671875 0.1953125 0.85888671875 0.1923828125 0.86181640625 0.1923828125 0.861328125 0.1865234375 0.859375 0.185546875 0.85791015625 0.1826171875 0.8583984375 0.1796875 0.86083984375 0.177734375 0.86181640625 0.1748046875 0.859375 0.1689453125 0.85791015625 0.16796875 0.84912109375 0.1689453125 0.84912109375 0.2060546875 0.85791015625 0.2060546875 0.861328125 0.2001953125 0.86181640625 0.197265625
12 0.74169921875 0.01953125 0.7333984375 0.0205078125 0.73583984375 0.2216796875 0.7431640625 0.22265625 0.74169921875 0.01953125
17 0.974609375 0.41796875 0.94970703125 0.4189453125 0.9072265625 0.4189453125 0.91015625 0.4306640625 0.9638671875 0.4296875 0.99951171875 0.427734375 0.99951171875 0.4169921875 0.974609375 0.41796875
12 0.908203125 0.2451171875 0.90966796875 0.431640625 0.91259765625 0.431640625 0.91064453125 0.2421875 0.908203125 0.2451171875
19 0.91064453125 0.3056640625 0.912109375 0.3017578125 0.9150390625 0.302734375 0.916015625 0.2978515625 0.91796875 0.2958984375 0.92138671875 0.294921875 0.92041015625 0.2890625 0.9169921875 0.2880859375 0.91650390625 0.2841796875 0.9169921875 0.283203125 0.91845703125 0.28125 0.921875 0.2763671875 0.92138671875 0.2734375 0.91845703125 0.2724609375 0.916015625 0.271484375 0.9169921875 0.2666015625 0.92041015625 0.2666015625 0.92138671875 0.259765625 0.9189453125 0.2568359375 0.91552734375 0.2568359375 0.91162109375 0.2529296875 0.90673828125 0.2529296875 0.90673828125 0.302734375 0.90869140625 0.3056640625 0.91064453125 0.3056640625
4 0.30126953125 0.4189453125 0.30126953125 0.4443359375 0.30126953125 0.4541015625 0.30224609375 0.4599609375 0.30322265625 0.4609375 0.3427734375 0.46875 0.4267578125 0.4736328125 0.43359375 0.4765625 0.435546875 0.4794921875 0.43798828125 0.4833984375 0.44287109375 0.4921875 0.44580078125 0.4951171875 0.458984375 0.5 0.4677734375 0.49609375 0.47607421875 0.4921875 0.48388671875 0.4892578125 0.48583984375 0.4873046875 0.48876953125 0.4814453125 0.49169921875 0.4775390625 0.49365234375 0.4736328125 0.736328125 0.4736328125 0.73974609375 0.4755859375 0.74267578125 0.48046875 0.74609375 0.486328125 0.74951171875 0.4912109375 0.75244140625 0.49609375 0.75830078125 0.498046875 0.7666015625 0.5 0.77392578125 0.4990234375 0.77783203125 0.4970703125 0.78125 0.4931640625 0.783203125 0.4892578125 0.78564453125 0.4814453125 0.7900390625 0.4716796875 0.88427734375 0.47265625 0.896484375 0.4697265625 0.9013671875 0.4677734375 0.90380859375 0.46484375 0.90625 0.462890625 0.9091796875 0.458984375 0.9091796875 0.447265625 0.90966796875 0.4375 0.9091796875 0.4140625 0.90869140625 0.341796875 0.90576171875 0.294921875 0.904296875 0.2763671875 0.9013671875 0.2568359375 0.90087890625 0.240234375 0.90380859375 0.240234375 0.91259765625 0.2373046875 0.91845703125 0.2373046875 0.92138671875 0.23828125 0.92333984375 0.2412109375 0.923828125 0.2421875 0.9267578125 0.2490234375 0.92724609375 0.25390625 0.927734375 0.2578125 0.92822265625 0.263671875 0.92919921875 0.2666015625 0.93017578125 0.2744140625 0.93017578125 0.2802734375 0.93115234375 0.283203125 0.93310546875 0.283203125 0.935546875 0.28125 0.93701171875 0.27734375 0.93701171875 0.2724609375 0.9365234375 0.265625 0.93603515625 0.2607421875 0.93408203125 0.2451171875 0.93115234375 0.2353515625 0.9287109375 0.2294921875 0.9267578125 0.2265625 0.8994140625 0.2255859375 0.89892578125 0.21875 0.89697265625 0.212890625 0.892578125 0.2041015625 0.888671875 0.203125 0.88232421875 0.201171875 0.8349609375 0.203125 0.76220703125 0.20703125 0.71240234375 0.2099609375 0.619140625 0.212890625 0.61572265625 0.2109375 0.6083984375 0.19921875 0.6015625 0.1923828125 0.59521484375 0.1884765625 0.58447265625 0.1865234375 0.57373046875 0.185546875 0.4736328125 0.1875 0.36279296875 0.1923828125 0.35693359375 0.1884765625 0.3427734375 0.185546875 0.33544921875 0.1875 0.3349609375 0.19140625 0.33349609375 0.1923828125 0.3251953125 0.193359375 0.30126953125 0.197265625 0.29931640625 0.2021484375 0.29833984375 0.2109375 0.30126953125 0.4189453125
12 0.12548828125 0 0.13232421875 0.4609375 0.14501953125 0.4609375 0.13720703125 0 0.12548828125 0