3 0 0 0 0.9990234375 0.99951171875 0.9990234375 0.99951171875 0 0 0
16 0 0.9990234375 0.99951171875 0.9990234375 0.99951171875 0.6376953125 0.99951171875 0.48828125 0.99951171875 0.431640625 0.9736328125 0.43359375 0.94677734375 0.4375 0.88525390625 0.4423828125 0.8486328125 0.443359375 0.787109375 0.447265625 0.72998046875 0.4560546875 0.66796875 0.4716796875 0.5322265625 0.515625 0.22265625 0.580078125 0 0.6083984375 0 0.9990234375
19 0.888671875 0.3564453125 0.8916015625 0.3564453125 0.8935546875 0.357421875 0.8935546875 0.353515625 0.89013671875 0.3525390625 0.88818359375 0.3505859375 0.88818359375 0.345703125 0.892578125 0.345703125 0.892578125 0.33984375 0.888671875 0.33984375 0.888671875 0.3330078125 0.89208984375 0.33203125 0.8916015625 0.3291015625 0.888671875 0.3291015625 0.88818359375 0.326171875 0.8818359375 0.326171875 0.88427734375 0.359375 0.888671875 0.359375 0.888671875 0.3564453125
17 0.93603515625 0.458984375 0.8994140625 0.458984375 0.8818359375 0.4658203125 0.87646484375 0.4697265625 0.86962890625 0.4775390625 0.8681640625 0.4814453125 0.8681640625 0.4912109375 0.87646484375 0.5107421875 0.90478515625 0.5625 0.9140625 0.5810546875 0.92333984375 0.599609375 0.93115234375 0.607421875 0.9677734375 0.6298828125 0.998046875 0.646484375 0.99951171875 0.6474609375 0.99951171875 0.458984375 0.97216796875 0.45703125 0.95849609375 0.458984375 0.9482421875 0.4560546875 0.93603515625 0.458984375
17 0 0.6533203125 0.06982421875 0.6357421875 0.31298828125 0.5908203125 0.5419921875 0.52734375 0.57861328125 0.513671875 0.63916015625 0.4873046875 0.6748046875 0.474609375 0.70458984375 0.46875 0.7294921875 0.46484375 0.73779296875 0.4609375 0.78515625 0.455078125 0.79931640625 0.4541015625 0.82080078125 0.4541015625 0.84521484375 0.4541015625 0.87060546875 0.453125 0.8798828125 0.451171875 0.9169921875 0.4404296875 0.9462890625 0.44921875 0.99951171875 0.4443359375 0.99951171875 0.423828125 0.99169921875 0.423828125 0.99169921875 0.4267578125 0.9482421875 0.427734375 0.94287109375 0.4287109375 0.9150390625 0.4306640625 0.86865234375 0.4326171875 0.7998046875 0.4365234375 0.7978515625 0.4375 0.7880859375 0.4404296875 0.71875 0.458984375 0.70849609375 0.4599609375 0.68115234375 0.4619140625 0.646484375 0.4638671875 0.607421875 0.46484375 0.60009765625 0.4638671875 0.59375 0.46484375 0.58349609375 0.46484375 0.54638671875 0.4775390625 0.5048828125 0.4921875 0.435546875 0.513671875 0.42919921875 0.51953125 0.41259765625 0.5244140625 0.3916015625 0.5322265625 0.3505859375 0.5478515625 0.32763671875 0.552734375 0.30859375 0.556640625 0.3037109375 0.5556640625 0.25830078125 0.55078125 0.21630859375 0.5498046875 0.1298828125 0.5517578125 0 0.556640625 0 0.603515625 0 0.6533203125
20 0.984375 0.3349609375 0.984375 0.326171875 0.9814453125 0.322265625 0.97998046875 0.3251953125 0.9736328125 0.32421875 0.9716796875 0.328125 0.9716796875 0.3349609375 0.97998046875 0.3349609375 0.984375 0.3349609375
20 0.98388671875 0.3212890625 0.9716796875 0.322265625 0.97119140625 0.326171875 0.98388671875 0.326171875 0.98388671875 0.3212890625
12 0.81591796875 0.365234375 0.81640625 0.353515625 0.814453125 0.3681640625 0.81396484375 0.4541015625 0.81640625 0.453125 0.81591796875 0.365234375
5 0.71875 0.419921875 0.71875 0.421875 0.71533203125 0.423828125 0.7119140625 0.427734375 0.7099609375 0.435546875 0.70947265625 0.443359375 0.70947265625 0.4541015625 0.71044921875 0.45703125 0.71044921875 0.462890625 0.7109375 0.46875 0.7119140625 0.4697265625 0.71875 0.4697265625 0.71923828125 0.46875 0.71923828125 0.4658203125 0.71923828125 0.462890625 0.72119140625 0.4619140625 0.73681640625 0.4638671875 0.73681640625 0.4658203125 0.73779296875 0.4677734375 0.7392578125 0.46875 0.74267578125 0.46875 0.74365234375 0.4658203125 0.744140625 0.462890625 0.74658203125 0.4638671875 0.74951171875 0.466796875 0.75146484375 0.46875 0.75244140625 0.4697265625 0.75830078125 0.4716796875 0.76025390625 0.4716796875 0.76123046875 0.46875 0.76123046875 0.4658203125 0.76171875 0.4619140625 0.77490234375 0.458984375 0.7763671875 0.4619140625 0.7763671875 0.46484375 0.77734375 0.4658203125 0.77978515625 0.466796875 0.78369140625 0.4658203125 0.78466796875 0.462890625 0.78564453125 0.45703125 0.78564453125 0.451171875 0.78662109375 0.4443359375 0.78662109375 0.4365234375 0.7861328125 0.419921875 0.78466796875 0.416015625 0.7802734375 0.4091796875 0.77880859375 0.4052734375 0.7744140625 0.396484375 0.7685546875 0.392578125 0.7421875 0.3935546875 0.73486328125 0.39453125 0.732421875 0.3974609375 0.72607421875 0.41015625 0.72412109375 0.4150390625 0.71875 0.4150390625 0.71875 0.419921875
20 0.81005859375 0.3583984375 0.8115234375 0.365234375 0.814453125 0.3671875 0.81787109375 0.3671875 0.81982421875 0.365234375 0.8212890625 0.3603515625 0.82177734375 0.35546875 0.82177734375 0.349609375 0.82080078125 0.3427734375 0.81884765625 0.3408203125 0.8154296875 0.337890625 0.81201171875 0.341796875 0.810546875 0.345703125 0.8095703125 0.3525390625 0.81005859375 0.3583984375
12 0.88037109375 0.4189453125 0.88037109375 0.4501953125 0.88427734375 0.4501953125 0.88427734375 0.423828125 0.884765625 0.345703125 0.88427734375 0.2177734375 0.88671875 0.2158203125 0.951171875 0.1826171875 0.95751953125 0.1806640625 0.95654296875 0.1748046875 0.95263671875 0.1767578125 0.900390625 0.201171875 0.88037109375 0.2109375 0.88037109375 0.271484375 0.88037109375 0.4189453125
12 0.8974609375 0.43359375 0.89794921875 0.291015625 0.89697265625 0.2724609375 0.8935546875 0.294921875 0.89404296875 0.43359375 0.896484375 0.4384765625 0.8974609375 0.43359375
20 0.880859375 0.3056640625 0.880859375 0.3193359375 0.888671875 0.3193359375 0.88818359375 0.3056640625 0.880859375 0.3056640625
19 0.89208984375 0.33203125 0.89208984375 0.359375 0.896484375 0.359375 0.896484375 0.33203125 0.89208984375 0.33203125
12 0.81591796875 0.4150390625 0.81591796875 0.4541015625 0.81787109375 0.4541015625 0.81787109375 0.4150390625 0.81591796875 0.4150390625
12 0.84033203125 0.416015625 0.84033203125 0.4140625 0.8388671875 0.4140625 0.83837890625 0.4501953125 0.83984375 0.4501953125 0.84033203125 0.41796875 0.84033203125 0.416015625
12 0.859375 0.4140625 0.85791015625 0.4140625 0.85791015625 0.451171875 0.859375 0.451171875 0.859375 0.4169921875 0.859375 0.4140625
10 0.95703125 0.423828125 0.95947265625 0.427734375 0.958984375 0.4384765625 0.95947265625 0.4443359375 0.96240234375 0.4453125 0.966796875 0.447265625 0.97021484375 0.447265625 0.97119140625 0.447265625 0.9716796875 0.455078125 0.9716796875 0.4619140625 0.9716796875 0.4658203125 0.97412109375 0.466796875 0.9755859375 0.466796875 0.9755859375 0.4638671875 0.974609375 0.462890625 0.97412109375 0.4599609375 0.97509765625 0.4482421875 0.9765625 0.4365234375 0.97705078125 0.431640625 0.9794921875 0.431640625 0.9814453125 0.4296875 0.982421875 0.423828125 0.9814453125 0.4169921875 0.97705078125 0.396484375 0.9755859375 0.390625 0.97509765625 0.3828125 0.97216796875 0.3798828125 0.97216796875 0.373046875 0.9716796875 0.3681640625 0.97021484375 0.365234375 0.9677734375 0.3662109375 0.96533203125 0.3681640625 0.96435546875 0.3740234375 0.9658203125 0.37890625 0.96484375 0.380859375 0.9609375 0.3837890625 0.95947265625 0.40234375 0.958984375 0.412109375 0.958984375 0.4189453125 0.95703125 0.423828125
12 0.96484375 0.5322265625 0.96533203125 0.5498046875 0.96435546875 0.55078125 0.96435546875 0.564453125 0.96435546875 0.5703125 0.9619140625 0.572265625 0.96240234375 0.5751953125 0.9755859375 0.5751953125 0.9765625 0.57421875 0.9765625 0.5703125 0.974609375 0.5693359375 0.97412109375 0.5693359375 0.97265625 0.5517578125 0.9716796875 0.548828125 0.97119140625 0.53125 0.9716796875 0.5302734375 0.9716796875 0.52734375 0.97119140625 0.525390625 0.97021484375 0.4990234375 0.97021484375 0.49609375 0.9697265625 0.4912109375 0.96875 0.4453125 0.96875 0.4423828125 0.9677734375 0.4404296875 0.96630859375 0.435546875 0.96435546875 0.4365234375 0.96337890625 0.4404296875 0.96337890625 0.4453125 0.9638671875 0.4951171875 0.96484375 0.525390625 0.9638671875 0.5283203125 0.96484375 0.5322265625
12 0.9814453125 0.4296875 0.9814453125 0.44140625 0.984375 0.44140625 0.984375 0.427734375 0.98486328125 0.3447265625 0.98583984375 0.30078125 0.9921875 0.2900390625 0.99072265625 0.2880859375 0.98828125 0.28515625 0.9833984375 0.28515625 0.9814453125 0.2861328125 0.978515625 0.2890625 0.9833984375 0.30078125 0.982421875 0.4287109375 0.98193359375 0.4287109375 0.9814453125 0.4296875
19 0.88916015625 0.2392578125 0.89013671875 0.294921875 0.89990234375 0.2939453125 0.89990234375 0.23828125 0.88916015625 0.2392578125
19 0.48388671875 0.28125 0.49267578125 0.28125 0.49267578125 0.271484375 0.49609375 0.2666015625 0.49609375 0.2646484375 0.49560546875 0.2607421875 0.494140625 0.2587890625 0.4921875 0.2568359375 0.4921875 0.2431640625 0.4951171875 0.240234375 0.49560546875 0.236328125 0.4951171875 0.2314453125 0.494140625 0.23046875 0.49267578125 0.228515625 0.4921875 0.216796875 0.494140625 0.2119140625 0.49560546875 0.208984375 0.49609375 0.205078125 0.49609375 0.2021484375 0.4951171875 0.2001953125 0.49365234375 0.2001953125 0.4921875 0.197265625 0.49072265625 0.197265625 0.48583984375 0.1953125 0.484375 0.193359375 0.48193359375 0.193359375 0.4814453125 0.21484375 0.48095703125 0.2607421875 0.48388671875 0.28125
19 0.9638671875 0.2021484375 0.9638671875 0.197265625 0.96630859375 0.197265625 0.96630859375 0.1923828125 0.9638671875 0.1904296875 0.9638671875 0.181640625 0.9658203125 0.1806640625 0.966796875 0.1796875 0.966796875 0.177734375 0.96435546875 0.17578125 0.96484375 0.166015625 0.966796875 0.166015625 0.966796875 0.1640625 0.96630859375 0.1591796875 0.96533203125 0.1572265625 0.96435546875 0.15625 0.9599609375 0.15625 0.958984375 0.1533203125 0.95849609375 0.150390625 0.95751953125 0.1455078125 0.95458984375 0.1455078125 0.95458984375 0.150390625 0.9541015625 0.205078125 0.9560546875 0.2060546875 0.95751953125 0.2041015625 0.9638671875 0.2021484375
12 0.48291015625 0.5224609375 0.48583984375 0.521484375 0.48583984375 0.5205078125 0.48291015625 0.1533203125 0.482421875 0.1474609375 0.48095703125 0.1455078125 0.47802734375 0.1455078125 0.4765625 0.150390625 0.47705078125 0.251953125 0.4794921875 0.521484375 0.48046875 0.5224609375 0.48291015625 0.5224609375
19 0.4716796875 0.2783203125 0.4716796875 0.28515625 0.4736328125 0.29296875 0.47607421875 0.2958984375 0.478515625 0.2958984375 0.4814453125 0.29296875 0.482421875 0.2890625 0.484375 0.2841796875 0.48681640625 0.2763671875 0.48681640625 0.2724609375 0.48486328125 0.2685546875 0.48291015625 0.2666015625 0.48046875 0.2666015625 0.48046875 0.259765625 0.478515625 0.259765625 0.47705078125 0.2587890625 0.4755859375 0.2568359375 0.474609375 0.263671875 0.47412109375 0.2666015625 0.4716796875 0.2685546875 0.4716796875 0.2783203125
25 0.984375 0.0849609375 0.98291015625 0.08984375 0.98193359375 0.0927734375 0.978515625 0.0947265625 0.97998046875 0.0986328125 0.98046875 0.10546875 0.9794921875 0.1083984375 0.98193359375 0.109375 0.984375 0.109375 0.98486328125 0.111328125 0.9833984375 0.1142578125 0.98095703125 0.1162109375 0.9775390625 0.1259765625 0.97412109375 0.12890625 0.97412109375 0.1298828125 0.974609375 0.134765625 0.97607421875 0.1376953125 0.9794921875 0.1455078125 0.98193359375 0.1533203125 0.98486328125 0.15625 0.97998046875 0.16015625 0.9775390625 0.169921875 0.9775390625 0.1748046875 0.9833984375 0.1767578125 0.9873046875 0.1767578125 0.982421875 0.1884765625 0.9794921875 0.1982421875 0.9794921875 0.203125 0.98291015625 0.205078125 0.9833984375 0.208984375 0.98779296875 0.2109375 0.98583984375 0.2158203125 0.9833984375 0.2197265625 0.98193359375 0.2265625 0.9814453125 0.23046875 0.98193359375 0.2333984375 0.98095703125 0.236328125 0.978515625 0.2421875 0.97705078125 0.251953125 0.97705078125 0.2578125 0.978515625 0.26171875 0.98046875 0.26171875 0.982421875 0.2578125 0.9833984375 0.26171875 0.986328125 0.263671875 0.98681640625 0.271484375 0.986328125 0.2763671875 0.986328125 0.28125 0.986328125 0.28515625 0.98779296875 0.30078125 0.9873046875 0.3115234375 0.98681640625 0.326171875 0.9873046875 0.3759765625 0.9873046875 0.3916015625 0.9892578125 0.396484375 0.99072265625 0.4013671875 0.99169921875 0.4091796875 0.9921875 0.41796875 0.994140625 0.419921875 0.99853515625 0.41796875 0.99951171875 0.41796875 0.99951171875 0.0732421875 0.9921875 0.0810546875 0.98876953125 0.083984375 0.98779296875 0.083984375 0.984375 0.0849609375