18 0.525390625 0 0.53564453125 0.0556640625 0.587890625 0.1904296875 0.64453125 0.2470703125 0.73974609375 0.2177734375 0.75390625 0 0.525390625 0
3 0 0 0 0.736328125 0.20068359375 0.611328125 0.28759765625 0.55859375 0.38427734375 0.501953125 0.451171875 0.4638671875 0.4599609375 0.458984375 0.4697265625 0.451171875 0.49462890625 0.4384765625 0.50634765625 0.4375 0.5107421875 0.4365234375 0.51513671875 0.427734375 0.5302734375 0.37890625 0.54931640625 0.3759765625 0.57861328125 0.3779296875 0.59912109375 0.37890625 0.619140625 0.37890625 0.623046875 0.3759765625 0.666015625 0.3798828125 0.67431640625 0.3955078125 0.69091796875 0.447265625 0.99951171875 0.68359375 0.99951171875 0 0.6630859375 0 0.6630859375 0.01953125 0.66162109375 0.068359375 0.66064453125 0.1005859375 0.66064453125 0.1201171875 0.65966796875 0.1494140625 0.6591796875 0.1630859375 0.658203125 0.1669921875 0.65283203125 0.1689453125 0.64697265625 0.1640625 0.6455078125 0.16015625 0.64306640625 0.15234375 0.64111328125 0.14453125 0.640625 0.1396484375 0.63671875 0.134765625 0.634765625 0.1357421875 0.63232421875 0.146484375 0.626953125 0.1474609375 0.62109375 0.1455078125 0.61181640625 0.140625 0.603515625 0.1298828125 0.60107421875 0.119140625 0.591796875 0.0859375 0.5869140625 0.0791015625 0.5791015625 0.0751953125 0.57470703125 0.0576171875 0.5693359375 0.0166015625 0.56884765625 0 0 0
20 0.66552734375 0.2880859375 0.66455078125 0.294921875 0.66552734375 0.30078125 0.6689453125 0.306640625 0.6689453125 0.2841796875 0.66748046875 0.28515625 0.66552734375 0.2880859375
12 0.66748046875 0.3603515625 0.66845703125 0.361328125 0.66845703125 0.349609375 0.666015625 0.265625 0.66552734375 0.265625 0.66748046875 0.3564453125 0.66748046875 0.3603515625
20 0.6630859375 0.2744140625 0.6630859375 0.28125 0.66552734375 0.28125 0.66796875 0.28125 0.66845703125 0.28125 0.66845703125 0.27734375 0.66845703125 0.2763671875 0.66845703125 0.2734375 0.66796875 0.2724609375 0.66796875 0.26953125 0.66748046875 0.26953125 0.66455078125 0.26953125 0.6630859375 0.2705078125 0.6630859375 0.2724609375 0.6630859375 0.2744140625
10 0.5986328125 0.3525390625 0.59765625 0.3505859375 0.59765625 0.3486328125 0.59716796875 0.34765625 0.59619140625 0.34765625 0.595703125 0.3486328125 0.595703125 0.3525390625 0.59521484375 0.3544921875 0.5947265625 0.35546875 0.59423828125 0.3564453125 0.59423828125 0.357421875 0.5947265625 0.3583984375 0.5947265625 0.3623046875 0.59521484375 0.365234375 0.5947265625 0.369140625 0.595703125 0.37109375 0.595703125 0.3798828125 0.59619140625 0.3828125 0.5966796875 0.3837890625 0.59716796875 0.3837890625 0.59765625 0.3828125 0.59716796875 0.3798828125 0.59716796875 0.3720703125 0.59765625 0.3701171875 0.599609375 0.3681640625 0.599609375 0.3662109375 0.6025390625 0.365234375 0.6005859375 0.3603515625 0.60009765625 0.3564453125 0.59912109375 0.353515625 0.5986328125 0.3525390625
5 0.55224609375 0.341796875 0.55126953125 0.353515625 0.5498046875 0.3896484375 0.54931640625 0.3916015625 0.548828125 0.396484375 0.548828125 0.40234375 0.54931640625 0.404296875 0.5517578125 0.404296875 0.55322265625 0.40234375 0.5537109375 0.3974609375 0.5615234375 0.39453125 0.56689453125 0.3955078125 0.57763671875 0.3955078125 0.57861328125 0.3974609375 0.57958984375 0.40234375 0.5810546875 0.404296875 0.5830078125 0.404296875 0.58349609375 0.3994140625 0.583984375 0.392578125 0.58349609375 0.388671875 0.58251953125 0.3837890625 0.5830078125 0.3759765625 0.58349609375 0.369140625 0.5830078125 0.3466796875 0.58154296875 0.3291015625 0.57958984375 0.322265625 0.576171875 0.3193359375 0.57177734375 0.318359375 0.5693359375 0.3173828125 0.56591796875 0.3173828125 0.56396484375 0.318359375 0.5556640625 0.318359375 0.5537109375 0.32421875 0.552734375 0.33203125 0.55224609375 0.341796875
10 0.56640625 0.3818359375 0.56640625 0.388671875 0.56591796875 0.3955078125 0.56689453125 0.404296875 0.56787109375 0.4033203125 0.56884765625 0.400390625 0.56884765625 0.3955078125 0.56884765625 0.3916015625 0.56884765625 0.3876953125 0.56982421875 0.3857421875 0.5703125 0.390625 0.57080078125 0.39453125 0.57080078125 0.4013671875 0.5712890625 0.4033203125 0.5732421875 0.404296875 0.5732421875 0.4033203125 0.572265625 0.4013671875 0.57275390625 0.39453125 0.5732421875 0.388671875 0.57470703125 0.3759765625 0.5751953125 0.3642578125 0.5732421875 0.353515625 0.57275390625 0.3505859375 0.572265625 0.3486328125 0.57080078125 0.3486328125 0.5693359375 0.3486328125 0.56689453125 0.3505859375 0.5654296875 0.3544921875 0.56591796875 0.3623046875 0.5654296875 0.3701171875 0.56640625 0.3818359375
10 0.576171875 0.345703125 0.57568359375 0.341796875 0.57470703125 0.33984375 0.57275390625 0.3408203125 0.572265625 0.3447265625 0.572265625 0.3486328125 0.5732421875 0.3505859375 0.572265625 0.353515625 0.572265625 0.35546875 0.57177734375 0.361328125 0.57177734375 0.369140625 0.57080078125 0.3740234375 0.57177734375 0.3798828125 0.57275390625 0.3818359375 0.57373046875 0.384765625 0.5751953125 0.390625 0.5751953125 0.396484375 0.5751953125 0.4013671875 0.572265625 0.4033203125 0.572265625 0.404296875 0.5732421875 0.4052734375 0.57568359375 0.40625 0.57763671875 0.4052734375 0.57763671875 0.404296875 0.57763671875 0.390625 0.57763671875 0.3857421875 0.57763671875 0.3798828125 0.578125 0.361328125 0.57861328125 0.353515625 0.57666015625 0.3486328125 0.576171875 0.345703125
10 0.55859375 0.345703125 0.55810546875 0.341796875 0.5576171875 0.33984375 0.55419921875 0.3408203125 0.5537109375 0.3427734375 0.5537109375 0.345703125 0.55419921875 0.3466796875 0.55419921875 0.34765625 0.552734375 0.3505859375 0.5517578125 0.3544921875 0.55224609375 0.357421875 0.5517578125 0.365234375 0.55224609375 0.373046875 0.552734375 0.3779296875 0.5556640625 0.3759765625 0.55908203125 0.3671875 0.560546875 0.3642578125 0.56201171875 0.3564453125 0.560546875 0.3505859375 0.5595703125 0.34765625 0.55859375 0.345703125
10 0.56201171875 0.3603515625 0.56103515625 0.3564453125 0.56005859375 0.3544921875 0.55859375 0.3544921875 0.5576171875 0.35546875 0.55712890625 0.3583984375 0.55615234375 0.3642578125 0.55419921875 0.365234375 0.55126953125 0.373046875 0.55029296875 0.3818359375 0.55126953125 0.3896484375 0.55224609375 0.396484375 0.55322265625 0.400390625 0.5546875 0.4033203125 0.5556640625 0.40625 0.55712890625 0.4091796875 0.55859375 0.421875 0.55859375 0.4296875 0.55810546875 0.4365234375 0.55615234375 0.439453125 0.55712890625 0.4404296875 0.55810546875 0.4404296875 0.5595703125 0.44140625 0.56005859375 0.44140625 0.56201171875 0.44140625 0.5634765625 0.439453125 0.56298828125 0.4375 0.5615234375 0.435546875 0.5615234375 0.43359375 0.56298828125 0.43359375 0.5654296875 0.435546875 0.56982421875 0.43359375 0.57080078125 0.4287109375 0.5703125 0.4267578125 0.56982421875 0.4189453125 0.5693359375 0.4140625 0.56787109375 0.41015625 0.5673828125 0.4091796875 0.56689453125 0.4052734375 0.5673828125 0.40234375 0.56787109375 0.3994140625 0.5673828125 0.388671875 0.56640625 0.3740234375 0.5654296875 0.3681640625 0.56396484375 0.3642578125 0.56201171875 0.3603515625
12 0.5166015625 0.27734375 0.521484375 0.2763671875 0.5234375 0.2763671875 0.5234375 0.2314453125 0.521484375 0.2314453125 0.5205078125 0.2734375 0.513671875 0.275390625 0.5107421875 0.28125 0.51025390625 0.2880859375 0.51025390625 0.30078125 0.51025390625 0.3564453125 0.51220703125 0.349609375 0.51220703125 0.2900390625 0.51220703125 0.28515625 0.51318359375 0.28125 0.5166015625 0.27734375
10 0.546875 0.43359375 0.546875 0.4326171875 0.54638671875 0.427734375 0.54541015625 0.4189453125 0.5439453125 0.41015625 0.54248046875 0.40625 0.54150390625 0.388671875 0.54052734375 0.380859375 0.54052734375 0.37890625 0.5419921875 0.37890625 0.5380859375 0.3642578125 0.53564453125 0.357421875 0.5322265625 0.35546875 0.53076171875 0.3544921875 0.5302734375 0.3486328125 0.53076171875 0.34375 0.52978515625 0.3369140625 0.5283203125 0.3359375 0.52587890625 0.3349609375 0.52392578125 0.337890625 0.5224609375 0.3427734375 0.5224609375 0.3486328125 0.52294921875 0.353515625 0.5224609375 0.3564453125 0.51953125 0.3583984375 0.517578125 0.361328125 0.51611328125 0.3740234375 0.5166015625 0.400390625 0.517578125 0.4091796875 0.5185546875 0.416015625 0.52197265625 0.4404296875 0.52197265625 0.455078125 0.52294921875 0.462890625 0.52392578125 0.4677734375 0.52392578125 0.47265625 0.52392578125 0.4765625 0.52294921875 0.4775390625 0.5244140625 0.48046875 0.52587890625 0.48046875 0.52734375 0.4794921875 0.5283203125 0.4794921875 0.53125 0.478515625 0.5341796875 0.478515625 0.53515625 0.4775390625 0.53564453125 0.4755859375 0.53564453125 0.4697265625 0.53564453125 0.46875 0.53662109375 0.4599609375 0.53662109375 0.4541015625 0.5390625 0.4501953125 0.5419921875 0.443359375 0.54541015625 0.4404296875 0.546875 0.4365234375 0.546875 0.43359375
0 0.494140625 0.4248046875 0.49560546875 0.431640625 0.5 0.4365234375 0.50341796875 0.435546875 0.50634765625 0.4326171875 0.50927734375 0.4091796875 0.50927734375 0.3935546875 0.49755859375 0.4013671875 0.49462890625 0.40625 0.494140625 0.4140625 0.494140625 0.4248046875
10 0.51220703125 0.3583984375 0.5126953125 0.3544921875 0.51171875 0.3466796875 0.509765625 0.341796875 0.50634765625 0.3408203125 0.50439453125 0.341796875 0.50341796875 0.3447265625 0.5009765625 0.3466796875 0.5 0.3505859375 0.50048828125 0.357421875 0.5009765625 0.359375 0.50146484375 0.3603515625 0.50390625 0.3623046875 0.50244140625 0.3662109375 0.50048828125 0.369140625 0.498046875 0.3740234375 0.49755859375 0.390625 0.49658203125 0.4130859375 0.49853515625 0.421875 0.4990234375 0.427734375 0.5 0.4306640625 0.50146484375 0.431640625 0.50341796875 0.4296875 0.50439453125 0.427734375 0.50537109375 0.427734375 0.50732421875 0.4365234375 0.50830078125 0.453125 0.50732421875 0.4775390625 0.50634765625 0.4853515625 0.50732421875 0.4892578125 0.509765625 0.4892578125 0.51123046875 0.48828125 0.5126953125 0.4853515625 0.513671875 0.4814453125 0.515625 0.4853515625 0.5166015625 0.486328125 0.51806640625 0.486328125 0.5185546875 0.4853515625 0.51904296875 0.4814453125 0.51904296875 0.4794921875 0.51806640625 0.4775390625 0.51806640625 0.4755859375 0.5185546875 0.4716796875 0.5205078125 0.451171875 0.521484375 0.44140625 0.52197265625 0.41796875 0.521484375 0.412109375 0.52294921875 0.4072265625 0.5234375 0.4033203125 0.52294921875 0.396484375 0.5224609375 0.392578125 0.5224609375 0.3857421875 0.5205078125 0.3701171875 0.5185546875 0.361328125 0.51416015625 0.359375 0.51220703125 0.3583984375
10 0.64306640625 0.353515625 0.64208984375 0.3486328125 0.640625 0.3486328125 0.64013671875 0.349609375 0.63916015625 0.3544921875 0.638671875 0.357421875 0.63916015625 0.3623046875 0.64404296875 0.365234375 0.64404296875 0.357421875 0.64306640625 0.353515625
10 0.48876953125 0.3837890625 0.48876953125 0.380859375 0.48974609375 0.3740234375 0.490234375 0.361328125 0.490234375 0.34765625 0.48828125 0.341796875 0.48681640625 0.337890625 0.486328125 0.3330078125 0.486328125 0.3291015625 0.48681640625 0.3251953125 0.48681640625 0.3232421875 0.48583984375 0.3173828125 0.484375 0.314453125 0.482421875 0.314453125 0.48095703125 0.31640625 0.47705078125 0.3173828125 0.4755859375 0.3193359375 0.47509765625 0.3212890625 0.474609375 0.3251953125 0.47509765625 0.3291015625 0.47607421875 0.3330078125 0.47705078125 0.33984375 0.4794921875 0.341796875 0.478515625 0.345703125 0.474609375 0.35546875 0.47412109375 0.3603515625 0.47021484375 0.369140625 0.46923828125 0.3720703125 0.46923828125 0.376953125 0.4697265625 0.3798828125 0.470703125 0.3818359375 0.46875 0.380859375 0.462890625 0.39453125 0.46240234375 0.40234375 0.4677734375 0.4140625 0.47021484375 0.41015625 0.47021484375 0.419921875 0.4697265625 0.4365234375 0.47119140625 0.439453125 0.47607421875 0.4384765625 0.4775390625 0.44140625 0.48046875 0.45703125 0.4814453125 0.4677734375 0.48193359375 0.4755859375 0.482421875 0.484375 0.4794921875 0.486328125 0.47607421875 0.4892578125 0.474609375 0.4912109375 0.47412109375 0.4951171875 0.47509765625 0.49609375 0.478515625 0.49609375 0.484375 0.49609375 0.48828125 0.4951171875 0.48828125 0.48828125 0.4873046875 0.4853515625 0.4873046875 0.4765625 0.48828125 0.462890625 0.48779296875 0.453125 0.486328125 0.4443359375 0.48583984375 0.44140625 0.4892578125 0.4404296875 0.49365234375 0.4384765625 0.49560546875 0.4306640625 0.49462890625 0.4208984375 0.49169921875 0.40234375 0.49072265625 0.3935546875 0.48974609375 0.3876953125 0.48876953125 0.3837890625
14 0.45263671875 0.4326171875 0.451171875 0.43359375 0.44970703125 0.4384765625 0.44873046875 0.439453125 0.44677734375 0.439453125 0.44482421875 0.4375 0.44384765625 0.439453125 0.44384765625 0.44140625 0.44482421875 0.443359375 0.4462890625 0.447265625 0.4482421875 0.451171875 0.44873046875 0.4521484375 0.4482421875 0.4541015625 0.447265625 0.458984375 0.4462890625 0.4658203125 0.44580078125 0.4697265625 0.44482421875 0.4765625 0.4404296875 0.4775390625 0.44189453125 0.4833984375 0.44287109375 0.484375 0.4443359375 0.4853515625 0.44580078125 0.4853515625 0.4462890625 0.4833984375 0.44677734375 0.48046875 0.44677734375 0.4765625 0.447265625 0.4736328125 0.44775390625 0.4697265625 0.44873046875 0.4658203125 0.44970703125 0.4638671875 0.45068359375 0.4609375 0.45166015625 0.4541015625 0.4521484375 0.4501953125 0.4521484375 0.447265625 0.45068359375 0.4453125 0.447265625 0.4453125 0.44580078125 0.443359375 0.44580078125 0.44140625 0.44873046875 0.4423828125 0.4541015625 0.4423828125 0.45751953125 0.4423828125 0.4580078125 0.4453125 0.4541015625 0.4453125 0.453125 0.4482421875 0.453125 0.453125 0.453125 0.4619140625 0.45458984375 0.462890625 0.45654296875 0.4658203125 0.45703125 0.4677734375 0.45751953125 0.4736328125 0.45751953125 0.4755859375 0.455078125 0.478515625 0.45361328125 0.484375 0.45703125 0.484375 0.45947265625 0.4833984375 0.4599609375 0.4765625 0.4599609375 0.4677734375 0.4599609375 0.466796875 0.46044921875 0.4609375 0.4609375 0.4541015625 0.4599609375 0.4521484375 0.4599609375 0.4482421875 0.462890625 0.4453125 0.46337890625 0.4443359375 0.46337890625 0.4423828125 0.46240234375 0.4384765625 0.4619140625 0.4375 0.4609375 0.4365234375 0.458984375 0.43359375 0.4619140625 0.4306640625 0.4619140625 0.427734375 0.4619140625 0.4248046875 0.4609375 0.4208984375 0.45947265625 0.41796875 0.453125 0.416015625 0.451171875 0.419921875 0.4521484375 0.4296875 0.45263671875 0.4326171875
5 0.705078125 0.4365234375 0.70458984375 0.431640625 0.70263671875 0.4140625 0.701171875 0.40234375 0.7021484375 0.400390625 0.70263671875 0.3955078125 0.7021484375 0.392578125 0.701171875 0.390625 0.69873046875 0.390625 0.697265625 0.3896484375 0.68798828125 0.365234375 0.68505859375 0.3583984375 0.68408203125 0.35546875 0.68212890625 0.35546875 0.6806640625 0.3564453125 0.65966796875 0.357421875 0.6435546875 0.3583984375 0.63525390625 0.3583984375 0.63037109375 0.359375 0.6259765625 0.361328125 0.62109375 0.37109375 0.61767578125 0.3818359375 0.615234375 0.390625 0.61572265625 0.390625 0.6142578125 0.400390625 0.61279296875 0.4052734375 0.60986328125 0.4052734375 0.609375 0.4013671875 0.607421875 0.400390625 0.6025390625 0.40234375 0.6015625 0.4052734375 0.60205078125 0.41015625 0.60546875 0.412109375 0.61181640625 0.41015625 0.6123046875 0.41015625 0.611328125 0.421875 0.61083984375 0.451171875 0.61181640625 0.45703125 0.6123046875 0.4677734375 0.6123046875 0.486328125 0.61328125 0.490234375 0.61474609375 0.4951171875 0.61474609375 0.501953125 0.61572265625 0.5068359375 0.619140625 0.5078125 0.62353515625 0.5068359375 0.625 0.5048828125 0.62548828125 0.498046875 0.6259765625 0.4833984375 0.63037109375 0.486328125 0.642578125 0.4833984375 0.6494140625 0.484375 0.68310546875 0.48046875 0.68310546875 0.4853515625 0.68408203125 0.48828125 0.6865234375 0.4892578125 0.68994140625 0.48828125 0.69091796875 0.4873046875 0.69140625 0.4853515625 0.69189453125 0.4814453125 0.69384765625 0.48046875 0.69384765625 0.486328125 0.6943359375 0.490234375 0.69482421875 0.4951171875 0.6962890625 0.4990234375 0.69775390625 0.5 0.70068359375 0.5 0.703125 0.5 0.7041015625 0.498046875 0.705078125 0.49609375 0.7060546875 0.4873046875 0.705078125 0.4599609375 0.70654296875 0.443359375 0.70654296875 0.4384765625 0.705078125 0.4365234375
20 0.666015625 0.291015625 0.666015625 0.2958984375 0.66650390625 0.298828125 0.6689453125 0.3056640625 0.66845703125 0.2861328125 0.66748046875 0.287109375 0.666015625 0.291015625