16 0 0.9990234375 0.998046875 0.9970703125 0.99853515625 0.740234375 0.88720703125 0.6220703125 0.93212890625 0.595703125 0.9716796875 0.595703125 0.99853515625 0.58984375 0.99755859375 0.4765625 0.8740234375 0.494140625 0.7890625 0.5009765625 0.6884765625 0.4931640625 0.62841796875 0.4853515625 0.59521484375 0.46484375 0.5595703125 0.4560546875 0.4365234375 0.4501953125 0.4052734375 0.45703125 0.3623046875 0.4560546875 0.19873046875 0.529296875 0.09375 0.568359375 0 0.6015625 0 0.9990234375
5 0.4365234375 0.34375 0.38232421875 0.34765625 0.38330078125 0.4248046875 0.384765625 0.4775390625 0.43994140625 0.470703125 0.4365234375 0.34375
17 0.83837890625 0.5224609375 0.9970703125 0.5009765625 0.99755859375 0.46875 0.890625 0.4951171875 0.77001953125 0.4951171875 0.6591796875 0.4697265625 0.63623046875 0.462890625 0.60595703125 0.45703125 0.56591796875 0.45703125 0.54541015625 0.453125 0.54443359375 0.4697265625 0.5595703125 0.474609375 0.57763671875 0.478515625 0.6005859375 0.494140625 0.626953125 0.509765625 0.7490234375 0.517578125 0.83837890625 0.5224609375
12 0.57763671875 0.47265625 0.57568359375 0.3583984375 0.57177734375 0.357421875 0.57177734375 0.4755859375 0.57763671875 0.47265625
12 0.63427734375 0.3037109375 0.62890625 0.3037109375 0.62841796875 0.486328125 0.6357421875 0.4892578125 0.63427734375 0.3037109375
20 0.64892578125 0.3193359375 0.63671875 0.3017578125 0.626953125 0.32421875 0.63818359375 0.34375 0.64892578125 0.3193359375
5 0.7392578125 0.4375 0.7412109375 0.4296875 0.74462890625 0.4189453125 0.73974609375 0.4091796875 0.73388671875 0.40234375 0.72265625 0.390625 0.69189453125 0.400390625 0.68701171875 0.4072265625 0.72900390625 0.4287109375 0.7392578125 0.4375
5 0.693359375 0.40234375 0.6650390625 0.408203125 0.65576171875 0.419921875 0.6455078125 0.4375 0.63916015625 0.4384765625 0.63623046875 0.44921875 0.6416015625 0.4501953125 0.634765625 0.4599609375 0.63037109375 0.46875 0.62939453125 0.486328125 0.62890625 0.4990234375 0.6298828125 0.51171875 0.630859375 0.5185546875 0.63232421875 0.5234375 0.6357421875 0.5263671875 0.640625 0.525390625 0.6435546875 0.521484375 0.64697265625 0.515625 0.6640625 0.517578125 0.66552734375 0.525390625 0.66845703125 0.53515625 0.67236328125 0.537109375 0.67529296875 0.5361328125 0.6787109375 0.5341796875 0.68212890625 0.52734375 0.68310546875 0.51953125 0.7294921875 0.5166015625 0.7314453125 0.5244140625 0.734375 0.5322265625 0.73974609375 0.53515625 0.74365234375 0.533203125 0.74609375 0.5283203125 0.74755859375 0.5205078125 0.74853515625 0.509765625 0.75341796875 0.5087890625 0.7548828125 0.5 0.75537109375 0.4912109375 0.75537109375 0.4755859375 0.7548828125 0.4609375 0.75341796875 0.4423828125 0.73974609375 0.4287109375 0.7275390625 0.408203125 0.693359375 0.40234375
12 0.79345703125 0.513671875 0.79052734375 0.4814453125 0.7900390625 0.2548828125 0.78076171875 0.2548828125 0.7841796875 0.515625 0.79345703125 0.513671875
20 0.7978515625 0.2685546875 0.79541015625 0.171875 0.72509765625 0.1787109375 0.72802734375 0.2763671875 0.7978515625 0.2685546875
12 0.82470703125 0.51171875 0.81884765625 0.3076171875 0.810546875 0.3125 0.8154296875 0.51171875 0.82470703125 0.51171875
20 0.8037109375 0.287109375 0.80419921875 0.30859375 0.806640625 0.328125 0.8173828125 0.3310546875 0.82275390625 0.31640625 0.82373046875 0.2900390625 0.8203125 0.267578125 0.8076171875 0.2568359375 0.80419921875 0.2705078125 0.8037109375 0.287109375
5 0.89794921875 0.5009765625 0.90673828125 0.5048828125 0.923828125 0.5048828125 0.93408203125 0.509765625 0.94189453125 0.5107421875 0.9521484375 0.5068359375 0.95703125 0.498046875 0.97802734375 0.4951171875 0.99853515625 0.4931640625 0.99267578125 0.3701171875 0.97705078125 0.369140625 0.9501953125 0.3837890625 0.92919921875 0.4072265625 0.92041015625 0.4228515625 0.91162109375 0.4306640625 0.89990234375 0.4462890625 0.896484375 0.4755859375 0.89794921875 0.5009765625
5 0.99853515625 0.2939453125 0.9912109375 0.302734375 0.98779296875 0.3173828125 0.986328125 0.4375 0.9892578125 0.4833984375 0.99755859375 0.49609375 0.99853515625 0.2939453125
23 0.50244140625 0.4921875 0.51611328125 0.49609375 0.52734375 0.4951171875 0.52783203125 0.5107421875 0.52978515625 0.521484375 0.53515625 0.5234375 0.53955078125 0.521484375 0.54248046875 0.5146484375 0.5439453125 0.5009765625 0.5439453125 0.4833984375 0.55224609375 0.4677734375 0.552734375 0.4208984375 0.55078125 0.2783203125 0.46533203125 0.28125 0.46630859375 0.41796875 0.50244140625 0.4921875
12 0.26904296875 0.4345703125 0.26904296875 0.3466796875 0.26220703125 0.3505859375 0.2626953125 0.4287109375 0.26904296875 0.4345703125
12 0.23681640625 0.26953125 0.23779296875 0.30859375 0.2421875 0.4443359375 0.25048828125 0.4453125 0.24462890625 0.2666015625 0.23681640625 0.26953125
17 0.21337890625 0.4931640625 0.19287109375 0.505859375 0.14111328125 0.53125 0.099609375 0.5458984375 0.10302734375 0.576171875 0.177734375 0.548828125 0.2060546875 0.5419921875 0.22509765625 0.515625 0.21337890625 0.4931640625
5 0.21240234375 0.474609375 0.20654296875 0.4814453125 0.2001953125 0.5087890625 0.20166015625 0.5439453125 0.21533203125 0.5439453125 0.23828125 0.4599609375 0.25 0.43359375 0.244140625 0.4228515625 0.2294921875 0.42578125 0.22265625 0.439453125 0.2177734375 0.4560546875 0.2080078125 0.4609375 0.2080078125 0.4716796875 0.21240234375 0.474609375
5 0.23095703125 0.4580078125 0.22265625 0.458984375 0.2158203125 0.4677734375 0.21875 0.4814453125 0.21044921875 0.5009765625 0.20556640625 0.5498046875 0.2080078125 0.5751953125 0.21044921875 0.5947265625 0.216796875 0.6005859375 0.22509765625 0.6005859375 0.23095703125 0.59375 0.23291015625 0.5830078125 0.29345703125 0.5791015625 0.30712890625 0.57421875 0.30859375 0.583984375 0.31298828125 0.5908203125 0.32177734375 0.5859375 0.326171875 0.57421875 0.32666015625 0.5576171875 0.3330078125 0.5556640625 0.3349609375 0.5673828125 0.3408203125 0.568359375 0.34765625 0.5654296875 0.349609375 0.552734375 0.35009765625 0.5361328125 0.3505859375 0.5166015625 0.34228515625 0.4599609375 0.33203125 0.4287109375 0.3193359375 0.4072265625 0.30615234375 0.4091796875 0.29052734375 0.4111328125 0.26953125 0.4140625 0.25146484375 0.4169921875 0.2392578125 0.431640625 0.23095703125 0.4580078125
5 0.51611328125 0.47265625 0.52294921875 0.46484375 0.52294921875 0.455078125 0.51904296875 0.4462890625 0.51171875 0.4482421875 0.5087890625 0.4365234375 0.50439453125 0.4287109375 0.4921875 0.4072265625 0.46728515625 0.4013671875 0.42724609375 0.4072265625 0.41845703125 0.4189453125 0.4140625 0.44140625 0.4072265625 0.4423828125 0.4033203125 0.447265625 0.40087890625 0.4521484375 0.40234375 0.458984375 0.4052734375 0.4599609375 0.41064453125 0.4599609375 0.4052734375 0.46484375 0.40087890625 0.4716796875 0.3994140625 0.4814453125 0.39990234375 0.498046875 0.400390625 0.51171875 0.40087890625 0.52734375 0.400390625 0.5712890625 0.40283203125 0.578125 0.4052734375 0.583984375 0.4091796875 0.5849609375 0.4130859375 0.5849609375 0.4189453125 0.58203125 0.42236328125 0.5712890625 0.423828125 0.560546875 0.4931640625 0.5595703125 0.49560546875 0.572265625 0.4990234375 0.580078125 0.50390625 0.583984375 0.50732421875 0.583984375 0.51025390625 0.5830078125 0.51318359375 0.5810546875 0.515625 0.578125 0.5166015625 0.568359375 0.51708984375 0.5556640625 0.51806640625 0.4912109375 0.51611328125 0.47265625
12 0.1591796875 0.529296875 0.15869140625 0.50390625 0.1611328125 0.3056640625 0.154296875 0.30859375 0.1533203125 0.53125 0.1591796875 0.529296875
5 0 0.6416015625 0.00341796875 0.646484375 0.00830078125 0.650390625 0.01416015625 0.6494140625 0.01953125 0.6435546875 0.02197265625 0.638671875 0.025390625 0.630859375 0.02587890625 0.619140625 0.0263671875 0.6064453125 0.07666015625 0.591796875 0.07861328125 0.6025390625 0.08154296875 0.6142578125 0.0859375 0.6181640625 0.09130859375 0.6181640625 0.09765625 0.6162109375 0.10205078125 0.6123046875 0.10546875 0.6044921875 0.1083984375 0.5947265625 0.1103515625 0.5703125 0.11181640625 0.49609375 0.1064453125 0.470703125 0.1025390625 0.4443359375 0.08935546875 0.4140625 0.07958984375 0.3984375 0.06884765625 0.39453125 0.03271484375 0.396484375 0 0.39453125 0 0.6416015625
17 0.99755859375 0.5751953125 0.93212890625 0.5869140625 0.87939453125 0.6044921875 0.86669921875 0.6162109375 0.86669921875 0.6376953125 0.8759765625 0.6513671875 0.89990234375 0.671875 0.9599609375 0.73046875 0.97607421875 0.751953125 0.998046875 0.7685546875 0.99755859375 0.5751953125
12 0.9736328125 0.6591796875 0.958984375 0.06640625 0.94775390625 0.068359375 0.95703125 0.6533203125 0.9736328125 0.6591796875
20 0.97412109375 0.0673828125 0.93896484375 0.13671875 0.97265625 0.193359375 0.998046875 0.138671875 0.99853515625 0.115234375 0.97412109375 0.0673828125
20 0.46240234375 0.1142578125 0.47021484375 0.1171875 0.47607421875 0.1123046875 0.47802734375 0.1064453125 0.47802734375 0.087890625 0.4736328125 0.0751953125 0.46337890625 0.072265625 0.45654296875 0.08203125 0.45751953125 0.095703125 0.45751953125 0.107421875 0.46240234375 0.1142578125
20 0.587890625 0.1474609375 0.59326171875 0.1484375 0.59716796875 0.1474609375 0.60009765625 0.14453125 0.60205078125 0.1376953125 0.60400390625 0.1240234375 0.6025390625 0.1103515625 0.591796875 0.10546875 0.58349609375 0.1123046875 0.5830078125 0.1259765625 0.58251953125 0.1357421875 0.587890625 0.1474609375