3 0 0.7265625 0.0712890625 0.765625 0.25146484375 0.73828125 0.66650390625 0.6640625 0.998046875 0.580078125 0.998046875 0 0 0.0009765625 0 0.7265625
16 0 0.9970703125 0.998046875 0.998046875 0.99853515625 0.6142578125 0.5244140625 0.7119140625 0.28173828125 0.7763671875 0.05712890625 0.7958984375 0 0.806640625 0 0.9970703125
17 0 0.8369140625 0.17822265625 0.818359375 0.41943359375 0.7822265625 0.6240234375 0.7275390625 0.8193359375 0.6826171875 0.9638671875 0.6376953125 0.9970703125 0.6357421875 0.99755859375 0.5693359375 0.8935546875 0.5908203125 0.794921875 0.6103515625 0.72802734375 0.625 0.7158203125 0.626953125 0.6923828125 0.638671875 0.54931640625 0.654296875 0.416015625 0.6728515625 0.31201171875 0.6982421875 0.1689453125 0.7265625 0.1494140625 0.71875 0.111328125 0.7294921875 0.072265625 0.71484375 0.05322265625 0.701171875 0.04296875 0.69921875 0.03955078125 0.6923828125 0.0107421875 0.6806640625 0 0.6650390625 0 0.8369140625
10 0.8642578125 0.4296875 0.85595703125 0.4072265625 0.85595703125 0.3876953125 0.8515625 0.3701171875 0.84375 0.3720703125 0.83984375 0.380859375 0.83935546875 0.400390625 0.8330078125 0.4091796875 0.83056640625 0.421875 0.828125 0.4345703125 0.826171875 0.4609375 0.82568359375 0.4736328125 0.826171875 0.48828125 0.8251953125 0.509765625 0.83251953125 0.515625 0.83203125 0.541015625 0.83349609375 0.580078125 0.83251953125 0.611328125 0.85107421875 0.615234375 0.8642578125 0.6103515625 0.8564453125 0.5947265625 0.85693359375 0.578125 0.86376953125 0.517578125 0.86865234375 0.498046875 0.8662109375 0.4716796875 0.8642578125 0.4296875
10 0.44384765625 0.3994140625 0.431640625 0.4208984375 0.42919921875 0.53515625 0.43798828125 0.572265625 0.43798828125 0.603515625 0.43017578125 0.6240234375 0.4248046875 0.634765625 0.42724609375 0.654296875 0.435546875 0.6689453125 0.44873046875 0.6767578125 0.47265625 0.68359375 0.47119140625 0.6376953125 0.48095703125 0.4091796875 0.47607421875 0.380859375 0.4716796875 0.3583984375 0.46044921875 0.3525390625 0.4541015625 0.3583984375 0.44775390625 0.3837890625 0.44384765625 0.3994140625
10 0.45068359375 0.3671875 0.44482421875 0.392578125 0.43798828125 0.4130859375 0.4326171875 0.4267578125 0.42822265625 0.4736328125 0.43017578125 0.509765625 0.435546875 0.54296875 0.4384765625 0.5693359375 0.43994140625 0.6025390625 0.44091796875 0.6494140625 0.4404296875 0.68359375 0.44140625 0.6953125 0.44287109375 0.6982421875 0.4541015625 0.7060546875 0.466796875 0.7041015625 0.47216796875 0.6953125 0.47119140625 0.666015625 0.4775390625 0.6357421875 0.48193359375 0.6005859375 0.482421875 0.568359375 0.4755859375 0.5166015625 0.47314453125 0.4208984375 0.4716796875 0.4072265625 0.47509765625 0.380859375 0.47314453125 0.3583984375 0.45947265625 0.353515625 0.45068359375 0.3671875
10 0.4130859375 0.4189453125 0.41650390625 0.4091796875 0.42041015625 0.4091796875 0.4208984375 0.404296875 0.4228515625 0.3974609375 0.42431640625 0.3857421875 0.421875 0.373046875 0.41796875 0.369140625 0.412109375 0.3662109375 0.4052734375 0.3681640625 0.39697265625 0.396484375 0.38232421875 0.4208984375 0.37744140625 0.439453125 0.3759765625 0.4658203125 0.37451171875 0.4912109375 0.37158203125 0.5029296875 0.37060546875 0.5244140625 0.375 0.5439453125 0.37548828125 0.578125 0.36767578125 0.6298828125 0.36474609375 0.64453125 0.36376953125 0.681640625 0.3642578125 0.6953125 0.38720703125 0.69140625 0.3876953125 0.6865234375 0.38623046875 0.681640625 0.38037109375 0.681640625 0.3798828125 0.6650390625 0.38330078125 0.6259765625 0.3955078125 0.587890625 0.4091796875 0.6474609375 0.41796875 0.677734375 0.42041015625 0.6884765625 0.44140625 0.6767578125 0.4443359375 0.669921875 0.44287109375 0.666015625 0.43603515625 0.662109375 0.42626953125 0.6455078125 0.421875 0.6103515625 0.41748046875 0.5810546875 0.416015625 0.5458984375 0.416015625 0.5224609375 0.419921875 0.4814453125 0.4130859375 0.4189453125
12 0.4970703125 0.7216796875 0.49658203125 0.005859375 0.47998046875 0.0078125 0.4755859375 0.7294921875 0.4970703125 0.7216796875
19 0.5087890625 0.0234375 0.4921875 0.0234375 0.494140625 0.0908203125 0.4912109375 0.2890625 0.5126953125 0.29296875 0.515625 0.2802734375 0.5205078125 0.27734375 0.5224609375 0.26953125 0.53759765625 0.2568359375 0.537109375 0.2333984375 0.5224609375 0.228515625 0.521484375 0.21875 0.5283203125 0.2109375 0.5361328125 0.205078125 0.5390625 0.19921875 0.53466796875 0.1826171875 0.52392578125 0.1767578125 0.52392578125 0.1611328125 0.5341796875 0.1513671875 0.537109375 0.14453125 0.53955078125 0.1337890625 0.5390625 0.12890625 0.52734375 0.125 0.52587890625 0.1201171875 0.525390625 0.0849609375 0.53564453125 0.0791015625 0.54296875 0.0703125 0.5390625 0.0546875 0.5263671875 0.05078125 0.52197265625 0.0263671875 0.5166015625 0.02734375 0.5087890625 0.0234375
19 0.458984375 0.2333984375 0.47705078125 0.2314453125 0.48486328125 0.2314453125 0.48779296875 0.205078125 0.4931640625 0.1953125 0.49658203125 0.1884765625 0.49658203125 0.169921875 0.48974609375 0.16015625 0.48583984375 0.1552734375 0.4912109375 0.1455078125 0.49658203125 0.1337890625 0.498046875 0.126953125 0.49755859375 0.1220703125 0.4931640625 0.1083984375 0.48828125 0.1025390625 0.478515625 0.09765625 0.4765625 0.0849609375 0.45947265625 0.091796875 0.4580078125 0.0986328125 0.45751953125 0.22265625 0.458984375 0.2333984375
20 0 0.076171875 0.01953125 0.07421875 0.0205078125 0.1044921875 0.052734375 0.1064453125 0.05078125 0.080078125 0.08935546875 0.087890625 0.08935546875 0.03515625 0 0.0205078125 0 0.076171875
10 0.49853515625 0.3525390625 0.4892578125 0.3544921875 0.4833984375 0.3642578125 0.4833984375 0.3759765625 0.4833984375 0.3916015625 0.4794921875 0.40234375 0.466796875 0.416015625 0.46435546875 0.447265625 0.46630859375 0.4912109375 0.46630859375 0.521484375 0.46826171875 0.5361328125 0.47314453125 0.6005859375 0.4716796875 0.6474609375 0.47119140625 0.69140625 0.470703125 0.7236328125 0.47265625 0.7294921875 0.48486328125 0.740234375 0.50146484375 0.736328125 0.51708984375 0.7265625 0.51611328125 0.7158203125 0.51123046875 0.712890625 0.50537109375 0.712890625 0.5029296875 0.6953125 0.505859375 0.6767578125 0.5107421875 0.6484375 0.515625 0.6240234375 0.517578125 0.60546875 0.51708984375 0.580078125 0.513671875 0.5615234375 0.51220703125 0.537109375 0.51123046875 0.4892578125 0.50830078125 0.427734375 0.50439453125 0.41015625 0.5078125 0.3955078125 0.5087890625 0.3779296875 0.50634765625 0.3583984375 0.49853515625 0.3525390625