25 0 0.6083984375 0.7578125 0.5419921875 0.92724609375 0.4384765625 0.96044921875 0.0009765625 0 0.0009765625 0 0.6083984375
16 0 0.9990234375 0.99951171875 0.9990234375 0.99951171875 0.5048828125 0.69140625 0.4580078125 0.5478515625 0.443359375 0.5205078125 0.44140625 0.41552734375 0.4296875 0 0.4658203125 0 0.9990234375
18 0.54443359375 0.0625 0.5400390625 0.0517578125 0.5390625 0.0458984375 0.5380859375 0.0595703125 0.53125 0.052734375 0.52783203125 0.0439453125 0.52880859375 0.060546875 0.52685546875 0.0703125 0.53076171875 0.076171875 0.537109375 0.08203125 0.53857421875 0.068359375 0.54443359375 0.0625
3 0.48095703125 0.3720703125 0.48193359375 0.3447265625 0.48095703125 0.3447265625 0.47900390625 0.3447265625 0.47802734375 0.3427734375 0.47705078125 0.33984375 0.47607421875 0.3369140625 0.474609375 0.3369140625 0.474609375 0.3427734375 0.47265625 0.3486328125 0.47216796875 0.353515625 0.47216796875 0.3583984375 0.4716796875 0.3642578125 0.4716796875 0.3681640625 0.47216796875 0.369140625 0.4716796875 0.3720703125 0.48095703125 0.3720703125
3 0.74365234375 0.44140625 0.7451171875 0.435546875 0.7470703125 0.427734375 0.74755859375 0.423828125 0.74755859375 0.416015625 0.74560546875 0.41796875 0.744140625 0.416015625 0.744140625 0.4091796875 0.744140625 0.4033203125 0.7431640625 0.3984375 0.740234375 0.3984375 0.73828125 0.3974609375 0.73583984375 0.396484375 0.73583984375 0.392578125 0.7314453125 0.3916015625 0.72998046875 0.38671875 0.7314453125 0.3828125 0.72900390625 0.380859375 0.728515625 0.3857421875 0.72802734375 0.390625 0.724609375 0.3916015625 0.72314453125 0.3876953125 0.7197265625 0.3896484375 0.7197265625 0.3876953125 0.71923828125 0.3798828125 0.71923828125 0.3701171875 0.71728515625 0.3681640625 0.71484375 0.3720703125 0.712890625 0.3671875 0.71044921875 0.3681640625 0.70947265625 0.3671875 0.7080078125 0.369140625 0.7080078125 0.373046875 0.70654296875 0.3740234375 0.705078125 0.3701171875 0.7041015625 0.369140625 0.7041015625 0.3720703125 0.70263671875 0.373046875 0.701171875 0.373046875 0.701171875 0.3681640625 0.70361328125 0.365234375 0.7001953125 0.3662109375 0.69970703125 0.3681640625 0.6982421875 0.3759765625 0.697265625 0.376953125 0.69677734375 0.3798828125 0.69580078125 0.37890625 0.69384765625 0.3779296875 0.69384765625 0.3818359375 0.69677734375 0.3828125 0.6953125 0.38671875 0.69384765625 0.388671875 0.69384765625 0.392578125 0.69140625 0.3935546875 0.69140625 0.3916015625 0.6904296875 0.3896484375 0.68994140625 0.392578125 0.689453125 0.3974609375 0.6884765625 0.3974609375 0.68896484375 0.4072265625 0.6904296875 0.4150390625 0.68896484375 0.421875 0.689453125 0.4287109375 0.69189453125 0.4306640625 0.69140625 0.4404296875 0.693359375 0.4453125 0.73779296875 0.447265625 0.74365234375 0.44140625
3 0.91259765625 0.3935546875 0.91357421875 0.4140625 0.99951171875 0.529296875 0.99951171875 0.0009765625 0.9462890625 0 0.943359375 0.103515625 0.943359375 0.109375 0.939453125 0.12109375 0.93701171875 0.1328125 0.93359375 0.1455078125 0.92578125 0.1591796875 0.92529296875 0.15234375 0.90087890625 0.197265625 0.90087890625 0.20703125 0.88671875 0.234375 0.89404296875 0.2431640625 0.9130859375 0.2451171875 0.91552734375 0.2509765625 0.91259765625 0.3935546875
5 0.509765625 0.41796875 0.51416015625 0.4345703125 0.5166015625 0.4326171875 0.51708984375 0.4326171875 0.521484375 0.4326171875 0.52197265625 0.435546875 0.5234375 0.435546875 0.52392578125 0.4326171875 0.5263671875 0.431640625 0.52734375 0.4345703125 0.52880859375 0.435546875 0.529296875 0.4306640625 0.52978515625 0.4189453125 0.52734375 0.4140625 0.52490234375 0.4111328125 0.51806640625 0.41015625 0.513671875 0.4111328125 0.5107421875 0.4169921875 0.509765625 0.41796875
17 0.6357421875 0.486328125 0.673828125 0.4912109375 0.70166015625 0.4951171875 0.75146484375 0.501953125 0.77001953125 0.478515625 0.6181640625 0.4521484375 0.552734375 0.443359375 0.5322265625 0.4345703125 0.52783203125 0.4345703125 0.521484375 0.4345703125 0.513671875 0.435546875 0.51123046875 0.4482421875 0.51220703125 0.455078125 0.515625 0.4580078125 0.5224609375 0.4609375 0.5322265625 0.4638671875 0.548828125 0.46875 0.576171875 0.4775390625 0.58447265625 0.4794921875 0.5966796875 0.4814453125 0.6357421875 0.486328125
12 0.63134765625 0.3330078125 0.62890625 0.474609375 0.63037109375 0.474609375 0.63232421875 0.3330078125 0.63134765625 0.3330078125
20 0.62451171875 0.3330078125 0.6162109375 0.3330078125 0.6162109375 0.3359375 0.6162109375 0.33984375 0.63134765625 0.33984375 0.63134765625 0.3330078125 0.62451171875 0.3330078125
20 0.6357421875 0.3427734375 0.62744140625 0.3427734375 0.626953125 0.3564453125 0.63525390625 0.3564453125 0.6357421875 0.3427734375
20 0.62939453125 0.3857421875 0.6318359375 0.3857421875 0.6337890625 0.3837890625 0.6357421875 0.3798828125 0.63720703125 0.3740234375 0.63720703125 0.3681640625 0.63623046875 0.3623046875 0.63427734375 0.357421875 0.63232421875 0.3564453125 0.62939453125 0.3564453125 0.62744140625 0.3583984375 0.625 0.36328125 0.6240234375 0.3681640625 0.6240234375 0.3740234375 0.62451171875 0.3779296875 0.6259765625 0.3818359375 0.626953125 0.3837890625 0.62939453125 0.3857421875
5 0.421875 0.4580078125 0.42333984375 0.4638671875 0.43359375 0.4638671875 0.43994140625 0.4443359375 0.4462890625 0.3994140625 0.4453125 0.3935546875 0.42333984375 0.3935546875 0.41943359375 0.4033203125 0.421875 0.4580078125
5 0.43359375 0.4248046875 0.43310546875 0.4384765625 0.43359375 0.4560546875 0.43408203125 0.4619140625 0.4365234375 0.4677734375 0.4482421875 0.47265625 0.45654296875 0.4423828125 0.45263671875 0.3984375 0.44287109375 0.3984375 0.43896484375 0.40234375 0.435546875 0.4140625 0.43359375 0.4248046875
5 0.4541015625 0.3935546875 0.451171875 0.39453125 0.4482421875 0.40234375 0.44775390625 0.4140625 0.44775390625 0.4228515625 0.4482421875 0.431640625 0.4482421875 0.439453125 0.4482421875 0.4521484375 0.4482421875 0.4609375 0.44580078125 0.4697265625 0.4521484375 0.4736328125 0.47412109375 0.4814453125 0.48095703125 0.4716796875 0.48193359375 0.466796875 0.48486328125 0.4677734375 0.4873046875 0.46484375 0.48876953125 0.46484375 0.4892578125 0.4697265625 0.48974609375 0.474609375 0.49072265625 0.4755859375 0.494140625 0.4765625 0.49560546875 0.4755859375 0.49658203125 0.470703125 0.49658203125 0.466796875 0.501953125 0.46875 0.501953125 0.474609375 0.50390625 0.48046875 0.5048828125 0.482421875 0.5087890625 0.482421875 0.51220703125 0.48046875 0.5146484375 0.4697265625 0.51513671875 0.453125 0.51416015625 0.439453125 0.513671875 0.419921875 0.51171875 0.41796875 0.509765625 0.4140625 0.5078125 0.4111328125 0.5068359375 0.40625 0.50732421875 0.404296875 0.5068359375 0.3974609375 0.505859375 0.396484375 0.50244140625 0.3759765625 0.49951171875 0.3720703125 0.4873046875 0.3681640625 0.47412109375 0.3662109375 0.4638671875 0.3671875 0.45947265625 0.3681640625 0.45166015625 0.3701171875 0.45166015625 0.3857421875 0.45263671875 0.3896484375 0.4541015625 0.3935546875
17 0 0.5771484375 0.0888671875 0.5673828125 0.18017578125 0.556640625 0.27734375 0.5458984375 0.345703125 0.537109375 0.40478515625 0.529296875 0.4609375 0.5185546875 0.4912109375 0.5087890625 0.494140625 0.5 0.4931640625 0.4931640625 0.48974609375 0.4873046875 0.48486328125 0.4833984375 0.47509765625 0.478515625 0.46337890625 0.474609375 0.4453125 0.46875 0.43505859375 0.46484375 0.4267578125 0.4619140625 0.41259765625 0.455078125 0.17626953125 0.486328125 0 0.5302734375 0 0.5771484375
12 0.38916015625 0.494140625 0.3955078125 0.494140625 0.39599609375 0.4716796875 0.3955078125 0.4677734375 0.40087890625 0.080078125 0.39794921875 0.080078125 0.39111328125 0.46484375 0.390625 0.4677734375 0.3896484375 0.4697265625 0.38916015625 0.494140625
12 0.81494140625 0.330078125 0.8134765625 0.392578125 0.81689453125 0.392578125 0.81787109375 0.328125 0.81494140625 0.330078125
20 0.8134765625 0.263671875 0.81689453125 0.265625 0.8203125 0.263671875 0.82373046875 0.2607421875 0.82666015625 0.2548828125 0.82861328125 0.2470703125 0.828125 0.236328125 0.82568359375 0.2275390625 0.822265625 0.2236328125 0.81787109375 0.2216796875 0.8134765625 0.22265625 0.81005859375 0.2265625 0.80712890625 0.2333984375 0.80615234375 0.2421875 0.806640625 0.251953125 0.80810546875 0.255859375 0.8095703125 0.259765625 0.8134765625 0.263671875
20 0.80615234375 0.263671875 0.8056640625 0.3076171875 0.82763671875 0.306640625 0.828125 0.263671875 0.80615234375 0.263671875
20 0.82666015625 0.3369140625 0.8271484375 0.306640625 0.80517578125 0.3056640625 0.80517578125 0.3369140625 0.82666015625 0.3369140625
5 0.73974609375 0.6328125 0.74169921875 0.6435546875 0.75 0.6494140625 0.75634765625 0.6494140625 0.75927734375 0.6474609375 0.76123046875 0.64453125 0.76318359375 0.6337890625 0.76416015625 0.6220703125 0.7646484375 0.6201171875 0.77001953125 0.62109375 0.7724609375 0.623046875 0.79541015625 0.6416015625 0.794921875 0.65625 0.7958984375 0.681640625 0.79931640625 0.701171875 0.80419921875 0.708984375 0.81982421875 0.71484375 0.82421875 0.71484375 0.830078125 0.7080078125 0.833984375 0.6982421875 0.83837890625 0.6796875 0.83984375 0.66015625 0.87353515625 0.669921875 0.87548828125 0.6728515625 0.8798828125 0.677734375 0.88525390625 0.677734375 0.8896484375 0.6728515625 0.9228515625 0.6826171875 0.96044921875 0.693359375 0.962890625 0.72265625 0.966796875 0.73828125 0.97705078125 0.7470703125 0.98828125 0.7490234375 0.9951171875 0.744140625 0.99951171875 0.736328125 0.99951171875 0.5078125 0.99658203125 0.498046875 0.98583984375 0.4541015625 0.98291015625 0.43359375 0.98095703125 0.4267578125 0.97607421875 0.421875 0.9619140625 0.412109375 0.9365234375 0.400390625 0.9150390625 0.392578125 0.896484375 0.3876953125 0.8681640625 0.3837890625 0.8408203125 0.3818359375 0.82080078125 0.384765625 0.80859375 0.3916015625 0.79345703125 0.408203125 0.7802734375 0.431640625 0.76904296875 0.4580078125 0.767578125 0.4541015625 0.76318359375 0.4521484375 0.75732421875 0.453125 0.75341796875 0.4560546875 0.75146484375 0.4609375 0.7509765625 0.4697265625 0.75341796875 0.4736328125 0.759765625 0.4775390625 0.75048828125 0.5009765625 0.7451171875 0.5185546875 0.74169921875 0.5380859375 0.740234375 0.564453125 0.74072265625 0.5791015625 0.740234375 0.5869140625 0.73974609375 0.60546875 0.73974609375 0.6328125